MAC_masked,user_masked,domain,rssi,snr,byte_rx,byte_tx,name_ap,class
8954ab0ae7ef14bc9cb1796bcae7d6e2fd8d8a3cddc92774dafdf15460285e58,f9b15dd72062d723e216826fead95b4116d4b73c25699bbb8ae6a806c98cb061,kth.se,-63.0,33.0,457614917.0,23972047,AP-DIASP06,External
a741d1018c849dcee430e6dce902aa58cd8d05271797388ae2068d1b8cc86d65,9fab419e6cfccd55d05b7a34be9f749ce9fa7fc81544a89e098da0a4b7043853,polito.it,-79.0,8.0,755.0,686701,AP-CIT-EXCELID,Staff
2ad5c52b198f44e2bb6a03503638b3f880be9b550b493c0d683fe6467edf9137,033a698f06c30811dff49885c961e1004c7c31d669fb5d3c77d63b8925088a52,polito.it,-58.0,33.0,19026917.0,1789687,AP-LISIN01,Staff
785dbc6155736d4f2bb4c345fa57c09aaf2531150f9c468f0a7dc52b20f0fd6b,247a2badcf75c978b6dc86d3e63ec8ba12f963605e2b0d2bdc99682dc9b4a25d,polito.it,-56.0,39.0,8525329.0,608819,AP-DIFIS04,Staff
343a5ca04e9271f080cc87144259661c1f71c023ab7ea4e96f050cc54e068231,57e29850cc3bf9a328a9af4aaf2a944f4ae17ef6ac6b2f012d2871ce03cfd732,studenti.polito.it,-57.0,37.0,2211900.0,49284713,AP-AULA1I-03,Student
8c9f4e0bcfb26c16c27a84e38d6880ce71962fbda4cd3b0cb3cda2cea425d5af,,,,24.0,297050.0,36297,AP-DIATI-1W-XP01-02,Unknown
1a6dee9c6123f1ca5c77f1232a5e175853d68549d029bfc564c921faa7b5dba1,1f1ab3110dc8ceed13719942bb37320b112404a065ec68ff032318cfc84d65b4,polito.it,-56.0,38.0,175323228.0,6697753,AP-DENERFILTER,Staff
75b6b8eaea670b52c9484f6a3a83677fd7d98d117e20eafa31941789ad49194e,1be888fbfe78194e0f2c1f1b539ee7536151d1b0649845274c898fc01e5cafc6,studenti.polito.it,-59.0,34.0,32345044.0,8062620,AP-AULA6I-01,Student
25a6edc44861fb210b9b429c037c66fad67c981b0fb14ce1186c555ddcc6fed1,a0a6414e832490efcb6133b0b23ab54bc8d9a8b6a72d575b612e427406d4b4a8,polito.it,-69.0,27.0,144526575.0,3510101,AP-CAPETTI-TD-XP01-01,Staff
298712d6e493797c9b5352d3a56df567571df478cf29ce9ea425162ce05e75f7,b56c4557643edf48779210116f303b7485baf557d5fe399b29780aafa0295880,polito.it,-54.0,34.0,295596128.0,31797803,AP-COV-C3A-XP03-02,Staff
f2a3dc05a5959b9a49f75b41c3085f2b5a8da18e87367bafcee577f362604e3c,001d3a4a92a4a88c34509ea3b2d900e0cfeb96154cb6ea4f16728a5de1f3b1a1,studenti.polito.it,-58.0,36.0,48731638.0,7605519,AP-AULA05-05,Student
de447f1ca15209f1e14fad928cc37da99d8424f92d0ecda8e5bf782037c080da,4e078f070a3e9739c703445531f98daac2915e21dcdcdb03cf091e0b78bbfc3b,studenti.polito.it,-62.0,30.0,26859953.0,5446839,AP-LING-AULA306-2,Student
e4765f3c3a880fb49a84ad1de320e14c1f3872de492dbacbf492009338f14d5e,886e6878e9aaafb3e387a3af50b16f76f8a8f3a2e10c714f1e00a3c599c46bc5,studenti.polito.it,-51.0,36.0,165138346.0,6548354,AP-AULA29B-04,Student
a55516b716575664cb98939fda7a8840bf9073244c3f8f42ae63c2a5321ef882,a84d69d4dfe2dead7ea62d2df430c96ee52ea5f782d857dfffb0e127a403f6e3,studenti.polito.it,-58.0,32.0,146963294.0,26461623,AP-COV-C3B-XP03-15,Student
088bdd42c07a8a5647a8d8081cbd6bab360da8999ed61c8ce52698455f38e055,212966c9a3e20a4baeabaf1d6b930b27bfe9fe46e862847e293295c3cf172e56,studenti.polito.it,-53.0,39.0,68044329.0,34452734,AP-AULA4T-02,Student
61fe077a6245642617af1e7d55034339bac5fd83f1855a5b6274028fc6215b1b,66d221569db05a8e98425c43cfb93a891598d1fb7beac5411c2c6c4a33139e36,studenti.polito.it,-60.0,35.0,347252479.0,11761196,AP-LING-AULA207,Student
e48a1666df373d9f9d896ab3b1fb7f1e90f2e3535716db1fa0aa17e8739854e2,9172e4b6d9177452ed6277cf905564726fbcf9749937fc8c9f20c91d6e38f2eb,polito.it,-56.0,38.0,622112017.0,66321045,AP-CIT-DET3-02,Staff
2c85645240250893721e094ac9cb0973648ec39f8858485b2081aadae16a454b,a0fed99bb8aaf8f0b933562c72158978e4e2ad62362a247b22c0028866a5620c,polito.it,-55.0,39.0,62907823.0,25983686,AP-AMM-1N-XP01-03,Staff
7234dbd404014b85a7d025c79c5cab18ccd8e406dfd187d6c847634255e64bfc,f162d72a1d9a663e74e09d380f7509fd97ba8fe6d133938f9f03a0c83c080b5d,studenti.polito.it,-52.0,41.0,8720866.0,11226354,AP-AULA4N-02,Student
13feb50eb323d8650a4740ec12d9a73341ea17dcdd4e06170fb581bd8b53cf67,31e6cb3bab6b6d803e1be1b6e5b083cf0c1a7ef539d2f8b759e61145a71e9fd3,polito.it,-65.0,29.0,766457404.0,274614709,AP-RETTORATO-CDA,Staff
86e761fc3ce6c5eae6486c3978c2e4921bee398d845404012a578f8ef867277b,dba0df35daf434ae9ef398a2126f933a6e7ada8494b4d5f7f39b71142641503f,polito.it,-76.0,22.0,6354472.0,67623889,AP-CORTILE-06,Staff
007e8d59788ee048f7e4337cf0c6633d421d29265d9477cc706cf1b14b1cbd3f,44a461633f46403671566ad1cf407803d7f3bef38007016a596de5d757da1b09,studenti.unisa.it,-48.0,46.0,10239413.0,1927737,AP-AULA19A-01,External
f07dacaa45d6ef5159d88fac13619c74532b950714e0fbfe36cb6d0e6d63b642,5c00593ef829eceed4e6aa6354e33d219f7e7716eaa49af9ad586ba40a7c7f28,polito.it,-61.0,29.0,345687943.0,102090408,AP-DISMIC29,Staff
76c27d180b944219fc0ec4b8903a3a61cdae446ca55fe38ff353930d8725a99b,24e3b4d94b0bd5a0ca2d3d6fac90cdda09e7864cc7d22dd7221e4f8d1d033152,polito.it,-58.0,33.0,1499069713.0,65631687,AP-DISMIC29,Staff
554d3aa33889bd86945b0ee7cc9cbd2b0e49734718b68de9206766f0be5d7389,abd32e5ac4db342da2114a7654a3afe957fb48ff9f2c82e25bbad393d90eed04,polito.it,-50.0,44.0,663931358.0,59395309,AP-DISMIC29,Staff
df8ec1ee9800bdb5586678d817c1b43ea3bd0574f9bf2a8bab0f22e096660ebd,1a55a5bd6d8b40597086ba55263c83a3f92a28ecf3868dba26b809dc6b733e23,polito.it,-52.0,40.0,460414510.0,130242863,AP-DISMIC25,Staff
2561d248da57bb607ab98fea15026f84b4d4ce0e3a3a1e161b039aa4c3b4b01f,77904a612e01ced2c0e7754effd0d356a5d57ab2f8280fa28fe1fc06b3a6de20,polito.it,-72.0,19.0,403948936.0,189088000,AP-TRENTO-TRTA-01,Staff
56ddc2797b51ae9f872a1ee3ca6599a6c8735bf16b1dbfbc147bffde7daa1b5a,ade085a5ba4b719f8ce578aa10a193d9113d85570af68ccdcfcf166634ef2ddb,polito.it,-48.0,42.0,87075469.0,99362473,AP-DISMIC29,Staff
592bbacea958de3e32f6a840aab3c179c3ce0f528f16b600ed2536c4d351dfe8,f752bded36d0a229499fb7cf28de399010a45b2c20ec40bb9bdfbc4acbe9b691,studenti.polito.it,-54.0,40.0,329061476.0,43950735,AP-AULA4T-01,Student
36f4975ac2d3f2a4ccad352fcd0c8a89ee5bc59fd1bbd61bfa51c7fcb03ed57e,a346d38f45f22db1a6dc5df813b8fc85aefa923be7100089c28da00b4f46be33,studenti.polito.it,-44.0,47.0,33536306.0,3597184,AP-BCI-08,Student
3c1a9e3c44fb2482bc41090aa8eb6060c703112b41d206ba017f3ef549cdbd24,ea97c328653f8887e360ea499f4ced7206116666ea3d2ed2a399196504fb7039,polito.it,-50.0,43.0,755932626.0,291649647,AP-DICHI-3O-P3-01,Staff
860ff752be0fad35521abc1f117b55b8aaf06aaaca74e4b660df3346ab44f51a,7d60f38c7e73bd4c4a99217e2953f8479900ff7bbde3d0d08fbd1eb46fe68151,studenti.polito.it,-52.0,41.0,19416901.0,10355394,AP-AULA4D-01,Student
62d9bbde0bc1abc906f58bd3d44b0bb1e9e0503e4bf552a7ee4fda7d9195b324,e13134f9f4eaa6795f5cb05ef3ad0a53837ee707b3af6b0ceb2cf5ec61b4f4dd,studenti.polito.it,-74.0,21.0,164753858.0,33292349,AP-LING-AULA208,Student
df58843251b7f41e61adeb334a73c8f358b83987cb55b17b2e256c5d7118cd88,b7e7a41441d540299b7da30c77930d80366eca67aaab1ed794717895ef5f59cb,studenti.polito.it,-48.0,40.0,821834.0,673914,AP-AULA01-03,Student
a6ffdd74ccaf1d3f3eed808a8e689a199c0f4a35c44eb6c0b640b7fbd5d08391,038c8ac30d2cbabf74835cda7dd9ac5c3df322444d0f6b764be033bce7d1d208,polito.it,-48.0,45.0,1162920.0,732131,AP-LIV-LITA-01,Staff
63ffd8e99fb71765a0b2da129f9ae2c2682eba6b049d5a8965d6f5d3f86339b4,edd50b720077b1e9c8429b543f28577547e5bfc80998101e66a6a3e6c504acec,studenti.polito.it,-53.0,40.0,45440271.0,2983265,AP-AULA12A-02,Student
7efe403b9ffe4f56cb9eef147945b94a55d7d939d3214c3036ece4d039b941f9,8f17a9c45f565d012bc9be9f9078a138c04eb7aaf9b2e7aa97c04995b9c8e05b,studenti.polito.it,-77.0,19.0,11602872.0,4190270,AP-VALE-MOLLINO-02,Student
637cca2a1cba8f1d1573da36b369b14894464a56294ebbd9cc356e3fa1fd9df7,ba89a1f3dd76a10d6ac502da6823912e9e5c75401a066185e59ce182846b88d1,studenti.polito.it,-52.0,40.0,10476642.0,3716959,AP-SETTE-AULA04AM-2,Student
b6da7294faa122ace3c788c10263a3dcbe199fcdb4bb1556eaaa45433c229016,9e310b692f6a15b3f2c39b64b8d7be7c4a0afb0add78386f8017221cbf6fe986,studenti.polito.it,-50.0,44.0,24309192.0,3488318,AP-AULA3M-01,Student
75694d9907b126b4b856f7c580b7b037fe792096d0a18ab179e948c8031235c3,da26705473c7512722cfcd2d6fae418c03b025fc55e0728f81cf6e3dcebfb246,polito.it,-59.0,33.0,149466900.0,38704134,AP-DISPEA06,Staff
95a2814d5a9e12075a24426b67edbe3ad2036afcb7937f7837e506aa25b1d165,1910af21809e590845583e54d701649b72cb024fda2d43bb941bff336f962fda,studenti.polito.it,-68.0,25.0,3860530.0,2091543,AP-CIT-DET2-02,Student
a2d1328f2dbd0c28264753575f78e5e240ae32ae004bb30a8efdb123cf7dad7e,8636f672a26e56624583f594e633483835296771996f2b986408c67ed811a9d2,polito.it,-67.0,27.0,395062435.0,40492336,AP-LAIB01,Staff
3d4dc6498e63028b33a89d2e9740970feecc421d7c580fbbce2e0486afbbf500,38dc8afbcdc93bf2c6bf011cb6c4a9d26f1c364b90a3ea3a30fdd05142c410a5,studenti.polito.it,-40.0,37.0,5374795019.0,79574137,AP-CIT-LABINF-01,Student
e05d02a9d3c470bc0ec401a4a7978d6cc718a5bbbbc9c014ebab227f9d47f092,1d833115570bd444582b79f7318ba00eb702c0a740f998c4addbf97520d676e4,studenti.polito.it,-54.0,40.0,33736434.0,3153940,AP-AULA12A-02,Student
b234665e5506b5b37cd3c9f50f6438e24a03ff1005c730f4b127e4c43e0d44c9,c1cc9d24d2d5eaa1f0b6806ed1979f75a616ccdf905d1b1395a6f87b61bfdf05,polito.it,-64.0,27.0,67371532.0,20605518,AP-DIATI0-01,Staff
745f0d8a98f98f8d77a190c20b5092f17cdd4115eb4922ea28a19e23b281bb9b,b2fbf713075314b770221c5c10122c13fc57f1112057b596efe2f92659bdd569,studenti.polito.it,-49.0,44.0,112580.0,208485,AP-AULAR1-01,Student
809244fee1fd1707d76a9412ee9617fdf8a16646e95633f63ce7220de74cbace,,,,13.0,92.0,46,AP-VALE-BCA-03,Unknown
1fee3ac50e3076d4d3c916b341ae393528e94c5408d67a8cc11220f432329449,b90a4356056953c4912056ad5256465f8ffa2019a3df0f2c91dcfa7af7468c8d,polito.it,-55.0,37.0,356451831.0,7419539,AP-RETTORATO-UFF-05,Staff
2bebc4950650225fbc0d24a4ba2a29a92c4578253feee7a78fe63b844f530ab3,ece8184ed4e2eb45eede142871b319f9f66ba29f6cc88dffe510026ae79de6f4,studenti.polito.it,-50.0,41.0,1270782034.0,15587647,AP-AULASTUDIOR1-02,Student
85b601e89585bb00ebf207110c226afa8ea79254b7f6f6afceaa1a5732ac1b61,8a41a36e87fecc62fa6480a6f6f495276c96d7b92557ac30d4e0f072c2b04711,studenti.polito.it,-68.0,24.0,47361.0,41069,AP-LING-AULA302-1,Student
d8db78730483c7decbba34e74067f4caa8482d9a95baf4afadc6cbcf9ef2091a,7b546e66b13e87d1d22cbdabdeb17f7b0f589f681a895d107d2cc7446ff218ef,polito.it,-55.0,37.0,27011565.0,3620425,AP-LING-AULA207,Staff
1388158b99d457dda0d6f5be95ccc296669306b09e9f177aa8e5431a7a08e8df,ada1b2f194c57aca9b4f9b8b8b3a3934779e235a5e3ac7bf6bf5da13be033d9e,studenti.polito.it,-49.0,45.0,891370871.0,17390571,AP-SETTE-SALASTUDIOA,Student
74625d97dedc01cc505cbfead8350be12b167519818ce4f3f1615b9d0d9ed961,e64ffe66d2346f532e022748502a9453391875958048f7860115abc27ef6ffc2,studenti.polito.it,-65.0,27.0,334226905.0,6021237,AP-AULA4C-01,Student
76ad7348660ef478efc8c22aa699cc3d57e8b6ae0b3df6faf1c876f5409e5610,7f9514a1b67efd54f1a1ad7b375748fb86aa592ff87d9722e965ca4a881b3fcf,fau.ufrj.br,-79.0,12.0,129460480.0,49236554,AP-VALE-DIST-09,External
243a071215574ddffcdb8e63cbfbdf00896dee11af2c73393fd179ade9a4803e,323aa7bf0d97e81252b674a3f214d777a9a231878ea6154b79f1e0503632b6c1,ntua.gr,-44.0,43.0,997744113.0,73384948,AP-GALFER-01,External
46380efd19a6502f22084368a2fb9da02eb279f203a4947c2df1b6e29974bca4,17b58896e2a14e3e014405fb9c6930fdfe2ae616546029719b39313e8bd2de52,studenti.polito.it,-46.0,48.0,246866070.0,15140647,AP-SETTE-AULA11AM-1,Student
a48a586bc31710acfce8bed5cde456406b0c47488bf9339f4ff44ccec08b6889,dca7b2d5c8b654a4b06e4ea405e822059dd7e453d6d055ccaf962924b5b245be,studenti.polito.it,-64.0,30.0,69553056.0,1362280,AP-VALE-AULA8V-02,Student
a73d64e48c4d915b69f0e67c583afa9a23e8687a0c5752334da8e449366771a5,b5fcb658183c6f1a47214c8173d727ce2a1e6b1da708304835f932ad7bd42f31,polito.it,-61.0,32.0,83129799.0,10905586,AP-VALE-BCA-02,Staff
c83a4182abf0577020f072df667757ba79e4aa977babb330a72bfb60a1341bb1,4c8ec045dcc9fefcaf55bd87e9d72babece2130f6a16b04aa4b1a8b365aa01dd,studenti.polito.it,-56.0,34.0,65484512.0,6068076,AP-VALE-BCA-04,Student
2db497bde56ac0b35012426524f84baab8d130063f008b4299a1e840a857b9c4,c840e599a36ad91a22c84707a46ca1b8ff6cacd1db3ed5cd560b90789fac4050,studenti.polito.it,-77.0,15.0,774003910.0,58031397,AP-DENER06,Student
0879bdbcb3402a5b72d6e5c1f8f8bb254d6d57a1b6e31eb2b75dab77deacfc93,ca26f9beb3cfb9b53291b2a0387808bee27a96b023d02b6b1b201aa9c0569155,studenti.polito.it,-57.0,34.0,2293846.0,310671,AP-VALE-BCA-ST-01,Student
22f53ea1ee5c676af175669801f1e116ffece78465f3df24cccbfc77956df0de,799ec81f2743db67b24b7ceefa06b0589ca361cef75c44791cf1bf1ca950c70c,studenti.polito.it,-58.0,33.0,14809246.0,1861808,AP-LAIB3D-02,Student
92ccf055ee1f41f343115d05621e249e9e335ad0cdaaccc8af60837ab0befcb5,304a37fda46fbd4e8f7575c83ced6006b28881209ada0aa3db87cc76958a1f77,studenti.polito.it,-65.0,30.0,11876521.0,3424837,AP-AULA10,Student
98315bfa6439b321d98513b5f85a112fea4fda8af1c9f484d04beda95e52ad5a,878f25a4ad1cb1737acb7b184af86061eceb8fee4142ac3fd85ca8aa85ef488d,studenti.polito.it,-42.0,49.0,882969045.0,10576311,AP-AULASTUDIOR1-01,Student
7d9bf5a0cad7434307f1544dc45a564b011c21fc540da5f18064e359917b4257,ac1ad6b70a11d0a0a213cbed168cfadfa818c8713af9481c51c6b5ed98bb020c,studenti.polito.it,-49.0,43.0,469558984.0,45450778,AP-DELET01,Student
8e4c7d1d16cf3adb4c008347fb49eb452d0368623c0ad1b5c05335d16120801d,f6ac2703baa9ff6272485f63f8e437886ec0997643faebd014500badade70ee7,studenti.polito.it,-48.0,49.0,365721593.0,623796361,AP-BCI-07,Student
c2387d37265fb8c5851834858cc2f4173dae9d92d5b33426e6609840d4592fd0,3c64f66c25968aac0da1ec71d0c46439b281af9782ee2fd35ee4ac0cb0fd495e,studenti.polito.it,-62.0,24.0,11716816.0,1147392,AP-AULA10,Student
8aaddf1a27a51e1ac664372c4ef0db1409c785a466b384579ef87c82cb1ab2ac,7d7d4e5b012825bc921e124a2ec983d01adfaacde4ef4d764d6d0548b72efd0b,studenti.polito.it,-52.0,40.0,11553200.0,3932558,AP-INGCINEMA-01,Student
2f7adef91c079dc5ebeb3d613047a5a3a0b8ec550b177b5bcb641804842022ba,904f58f4a762a800a39996a2d4712cf522796f2124a92124c76ddfc922afa717,studenti.polito.it,-63.0,30.0,38215826.0,1996470,AP-CIT-DET2-01,Student
b99bdfd516fd3b3332d30116e3cdb3a4b437491e05d79a51f97a9525ff915e2e,a7436529f7cca1a69c2065a9bc9405fc1b98a96f25dec5225abff40f237f68dc,studenti.polito.it,-52.0,42.0,4754242.0,505670,AP-LAIB5,Student
90252324e9da4d4e4e11aa383788e09e02101d5620d61c8053c39d7c6641824f,6b06193916970d679d8716dddd8fa954d9814e47bb48418b2b8d8d8de179c9f3,studenti.polito.it,-47.0,47.0,669592059.0,55231953,AP-LING-AULA304,Student
a76ba47aff4ce425a7a06528f025111f5f86a424a5894e8caf754cda0f7f5762,27b4ba251e6fd2428218992ea17c4d11556c5e7da68c7e5e12a8d7e8c3c387db,studenti.polito.it,-78.0,17.0,29529.0,478631,AP-VALE-MOLLINO-02,Student
a6653b327aabb51dc2856495cf94d8d71ad72f94640ebefa5daf24906bd4a214,d2987a2345f5b8d5c1432cae1b80ba031fb79f0473d3c1268dc1ac92e11f2352,polito.it,-80.0,17.0,130188161.0,5755209,AP-VALE-MOLLINO-02,Staff
21104bef6bdfccda276673ec122537fd66fd9295e63789174d150a3385381051,79cc96fceec0a9a46a24efc97f9e58b82942fd3e6404f14a07868f3a7c8e26ef,studenti.polito.it,-58.0,29.0,19317541.0,1597080,AP-AULA4-03,Student
3dadc103cb31ffb6c6da20963f1aa8336be44f4f967992a5ffb67df5fe39c1bb,843536276e01389201b2200afc10d189dded125962a288e69317017a6041970c,studenti.polito.it,-70.0,26.0,317205.0,303422,AP-DISMIC04,Student
15ed0793e1a0f2082d4bd0f27364dfa5c101ba7ba8c8f724f4fa4249fa39568a,2c57db7fe955a1cfb6bbae26b2c47aac3ff1e807a99ddda318e9b8c3f8be0122,studenti.polito.it,-51.0,42.0,1788396018.0,31992790,AP-AULA13S-01,Student
67a2397b709c124b1e866e2a23b874efe436dd07a9ff9f5cf9bd9f402da5c203,,,,36.0,32997993.0,1334820,AP-SETTE-AULA11AM-1,Unknown
7b173fda1b666decf1b14b654c83bbc0ab5f6750bd1e4a76bc10873fe99e5dac,9e0be78efaf37216f99795141e491b7528fb704d9cd5a0dbfd89d7714a79ea07,studenti.polito.it,-60.0,34.0,433689462.0,7345896,AP-AULA1M-01,Student
53e0cb5db32628aad8542754af114052b378e90cd825d2c28deb2aa4ae4af6a2,e55ceee2193c287455447e212fc05515eeec7b9898b608ce87e286a46f89bc2f,studenti.polito.it,-53.0,40.0,219163960.0,11027136,AP-BOGGIO-SALASTUDIO-0,Student
5450a241fe8216d1f6c79058cb25f8e404eb817c6f85e5c171d47eb7f7dfc3c7,8749111469767c2e03cfd561505d28e091b2fde9ae8ca8b2886343b27dee9758,studenti.polito.it,-49.0,41.0,8716957.0,1364249,AP-AULA2-03,Student
8b6f8baa54653da70ba55d2c2b307158fc5a8a94cb9a437fda8df8aedd4a33fd,fabaceb308507537fc052d661a0e4bbf95505acbf68ffe3eacf32118e0fcd46a,studenti.polito.it,-57.0,35.0,4254740.0,993470,AP-EXREALEMUTUA-R2A-P0,Student
43210b42c64146198d4805c4a574b7874f160d89f0b34357e16ddb0cc0cde44a,91fb9fd8b533e4496ebc9e908e51acaea5c66ff54178b0b62938fe535e971328,studenti.polito.it,-43.0,37.0,486715.0,317038,AP-AULA13-03,Student
8066b9aed12b2bec0ed3845d49859aef51ea111004d4f9bdcc0d944e7af7e52c,675dec826b488fb8ad302a7dc7a19e770296d5b172566cf1cb564d015a756738,studenti.polito.it,-39.0,55.0,50212171.0,50337026,AP-AULA3M-03,Student
eddc0425304d132b07ba2b03ca3b4da257ec5fac5f44af861c3083e30bbe9658,80714b0f99ea582ba33ab09914332ecce564879c191a84ed1ed45b806aa98733,studenti.polito.it,-58.0,34.0,7530397.0,667728,AP-CORRIDOIOAULER-07,Student
13f0059458f1a83f49d9cee49607771b84feff246f5edc2dd84a890a541bcec5,41747dc08d32d4fa3a6351a7053e938fafc743ba0c4145007589175678e9b296,studenti.polito.it,-76.0,21.0,138097390.0,6332758,AP-INTE03,Student
83e495e31459a8a3494a809335d08c7d7b3f77b62e629cae8e0808a0694b8705,7b3919613a0634db03b861935d1189946f9004f000467eecf21bbc52869c1adc,studenti.polito.it,-43.0,50.0,1649291.0,484174,AP-AULA12-02,Student
b1c4f121333e305d4c4a43fcbd64c4acceec0f700d265dbe2bb70428f656c6c0,9ac3520724edf5989bf2caf05727d1d2dca155fc6cf5edcdb90fe0c15b0907cc,studenti.polito.it,-50.0,43.0,470419731.0,32038022,AP-AULA05-02,Student
5b6ae9ea036e63d19dfa7c415a9e7f5f6e0d6fbb3bd9811fde96afc0f11baff3,7eb49567f1736a554258c4fae2ae409eb7d2bf0e50d821c52a09a9457b89940c,studenti.polito.it,-59.0,35.0,202783345.0,25687579,AP-LAIB01,Student
a7ecb360a8c9c4173bc9dc268fbc23c7b1f9a74e10cac347b4eb790ab84fd92a,21dfb29cd0d9ad8d9a055c87f552087ac8787b1702138454fa5d6ddcae5b4c98,studenti.polito.it,-56.0,36.0,15374021.0,111046540,AP-INGCINEMA-01,Student
3f97a2db5e8664e8d157c25d37b568bd34465d0900147f469d14c31156caeb20,a18b1bf27a038f40361f381111d5d7653c82b28aaa8245ef244a31d4b6251dd2,studenti.polito.it,-48.0,47.0,555730991.0,12883482,AP-BCI-TZ-03,Student
d46e484b909590142bc006d563ea7c20323851e0f913da2b417b133ceec5ff50,140a1d76923e9cbefe5fa8a4362675be5a04ea78da75ab4cb1495506982a5c69,studenti.polito.it,-53.0,39.0,101389.0,36888,AP-LAIB1B,Student
f18444e1b1894fed8a8dfcb5c9c1e3590ac60572bbc36c915d3204e0a58ee8c8,0cf9fe17a3f462bd3a9413f6d4141fc42881a5657a0dac1df31b80d7f5d2d1ed,polito.it,-64.0,31.0,648646902.0,20209437,AP-DIMEC06,Staff
b4fe1ed1cd97822570265f1ab5a4d7f074c381c7ecefa08e1515c05affc51fac,7d8c33bde5b76b357594c2880bde0668be6628fbc858d41ab569b64867b547c7,studenti.polito.it,-65.0,30.0,9057266.0,1024342,AP-AULA3M-03,Student
11d24b981dc8df2a1588c1c7f255284cf3f1d4e1cb4019bea5ae9fc6d9f08905,7a11085560fd7d5a01a80ef88186abfec007d7d3e4acf1951a4183f4e04a56c3,studenti.polito.it,-63.0,31.0,3509698.0,403397,AP-INGCINEMA-02,Student
c657b4e96a2aecc78c185f02db58690687e0f5b58173ab06815c1e8dd8b8c66c,fdf7a8a367e5aae8709b25a777a68c4fdefc75f96be0ec72a5071a5c082092a3,studenti.polito.it,-52.0,40.0,956708860.0,302750670,AP-ENERGY-AU04,Student
f10ae4cf7e3b7dc0a21d9c37e8c76b0ee2ac7dca4d99d059aee87f11c8b10eaf,5fc5d31609d1722dd7ffad0866cb2a7e746c566a08f604c4970589d61f293f00,studenti.polito.it,-73.0,14.0,137731473.0,5622901,AP-CORTILE-02,Student
9069fde240fc5d6615819acfd84a520ffd518ecb386a6fb83c1a91fa11212307,d3293d35e8d1fc15365bfef8ca92eab5bf0c0c628ece6e3e6e9e206b1b93b0bc,studenti.polito.it,-77.0,20.0,10595947.0,384576,AP-VALE-MOLLINO-02,Student
7a8d8b493ccdffc6f8e73a88cc7a6fa55a3e89a2b93638f2a6abb9a4ec3b10be,335735188e793ade57681eee48536dccdbdd0817a26d0c349158f117596dfca6,studenti.polito.it,-64.0,30.0,3351236.0,1234542,AP-AULA10,Student
7b0057250df9f2ecdba7d7bde299496e5ce59d2990acbd0c725e4f0f8f152c62,b9863a1ca983828877c4f6ca5f5aca8710ee96a8a1917cd58ab57e6e4754a905,studenti.polito.it,-44.0,50.0,22025656.0,5752401,AP-AULA01-03,Student
790d38ec4ade0ebb36fc9e7d83511d1881b0f514820f8699a4fd77ff067eefde,c4b909734c9e96d19feb28541419f8373a273976daaef7135aafee698d48554e,studenti.polito.it,-48.0,44.0,127625746.0,117215383,AP-AULA1T-02,Student
31ac67bfc1d75e888281e0ebc77d978c14ab9b19283523eae2fccbbbd8ad9f73,e021b88fdfc9eedfd09136b2e464d03fbbe8aae4c8996d33b1a05e6c97b1b7bc,studenti.polito.it,-52.0,41.0,250320158.0,14329325,AP-AULA12A-02,Student
89d7c7251edeadb3151f8c5abe31525f0d1a1ac948c7769212ddbee4b50ca540,febca13dc302fea96dbf4b0171cd4075c3786e543540f54f9f6411878c11ada3,studenti.polito.it,-49.0,44.0,3854072.0,1382847,AP-AULA6C-01,Student
72119ccc0ef37a5405da930b4e44c96a26f7c894fadd3b57425f084033947db3,4206fe0a539c6e0bc5e5285d51ae969d10ceaa1e65211e339942e0b78d795cba,polito.it,-53.0,39.0,165752870.0,10077943,AP-LIFE-01,Staff
5917e4caedd99f72e3d9ee14a6db403a285923d2e8f742ef456c2746ebdc5e29,588d04451169036339e1a6bd68bba640dcb3fd608771610915ead0ad0fe542de,studenti.polito.it,-60.0,34.0,59665576.0,5476946,AP-SETTE-AULA14AM,Student
78bfea543806fe7e76fda306b7f85e66cf1976a629eef6f47ecdd3a1a22e1648,6c5a66d5c4179849a0a2a9dda840158245c162c3fb280cd602a7753499c7aa5c,studenti.polito.it,-60.0,31.0,10523964.0,18064980,AP-AULA9T-01,Student
a73ad5e58eb9d898610c5b0a020bfcdd6abd1228a1e10fdbbc688ec8afb54b09,d5efff5a6e02011eaac5036d5be0f32a4780f5ec9bfbfa6259a2419ea71d9a12,studenti.polito.it,-68.0,25.0,27252214.0,6165504,AP-SETTE-AULA11AM-2,Student
8e0226d389808b7eb649d5254e76cdc0dba9a3bd33879025257d363367f51c99,b33020907419379c4d06a4a86273ff5be1eac6e48c6d8b978610c7ae926bf4ee,studenti.polito.it,-57.0,36.0,56912810.0,12556822,AP-AULA11I-01,Student
acfe9fc6819f8d11b0d120f70c98824c28a6f264f872e987e162daffb6df4853,e3b6ba306902e0f730ad0e9d69baf97e6a8c7e84b351e6187a69e6e10dbf7306,studenti.polito.it,-65.0,26.0,12353267.0,1452472,AP-AULA3M-02,Student
3f5d926ab8ff0e8c7c1f4117d9453d0702905a4a34adf22125fc0e2abfcfc677,5ddb5cc62d951431bf92ed0346e49323c76ddf2d7b2e275a9793911748e95057,polito.it,-52.0,42.0,38308.0,33511,AP-AULAR1-03,Staff
b35717b746b38020e8c2e1cc55f6048c34a5ed7ac177b03566a7252007322fbe,d8daa0b7a278e08c3c8af2754849ce3a97357e56626ea2c88e00915fe45d6866,studenti.polito.it,-53.0,44.0,334893105.0,9641914,AP-AULA6-01,Student
c6fcc441428ceba6ea4039bd3a96181a1ecfc68607aacca9c143dfff9eb163ec,8ed6ad164d01c51dba210f4f957f18c9e52a37856a553d4dafdffb89d2aeb6c1,polito.it,-60.0,33.0,48807463.0,18612727,AP-DELEN-2G-08,Staff
f57132d7cf9ad750c89c200b0e5961e14eec03ab6c60681158fd91390502ca31,bfd1f8f9036f3a006ca72a66e7c17c0b2efb1b22730a1daf5cd9b8cb4b31cbec,studenti.polito.it,-53.0,40.0,25350377.0,2149056,AP-AULA13-01,Student
7d66e83db7655c7e6630a8400c689e4dbbb5a73d73cf1517c00c279f1808b6a0,039681814a92db81a78ffb4b8958df801f25dcde4f9ae1e48b7f0dd359c592c3,edu.unito.it,-49.0,32.0,333356.0,159125,AP-CALOS-02,External
aca44029a1d8a7cd713dc604d03706c138c3cffb2a82b608696fd1bd11c6c98f,942a8e5df04d9f9b326dbfc668f4c1ab2c3c2418f4888a1ab1404947cb5b953c,polito.it,-53.0,42.0,24624228.0,2848273,AP-AULA01-02,Staff
583b1b29038adaa21705a8517393de22a8d432eb7e0e3d89ae9e5713e9a41cf1,3549e5ed5f4830271edadb5e22eca29a105f256f74b4495d126445bf597ad7ec,studenti.polito.it,-55.0,38.0,7319437.0,31249820,AP-AULA9I-02,Student
147af55bf33b7ae1532dbe46f3410582aeb09dc900a3b3a1c75cbeb941fd0b17,31d21b15dafa26d524813bd2bf69f35351b2801dcdf3293890d551e994558648,studenti.polito.it,-51.0,10.0,0.0,0,AP-BCI-ST-08,Student
a70e8c6b91b2a791250510526191ac1a84dcad10b58296504c6d4fec23cc35c7,37fecb9f2d85568db931547f4dea496ae7efd294a53cb861ccfde30a13f7593f,studenti.polito.it,-58.0,36.0,395623865.0,56107944,AP-AULA4-03,Student
290e93cf3e92c398804968af6642a56506af417b900a8e4a618aa1e027e499cf,093fce391c6365cff02d8a33fa00bdb6ec4e8e6ae2f62197745420a61b4a55e6,polito.it,-55.0,37.0,16326034.0,872232,AP-DIMAT05,Staff
b5226c54fc31d6c64f296fb1b90ad8a215aab6c1241304bb8f1832b9f791a94f,8ade57011a9a42c3a7010af8e325befc853065ff206d302820a50b355b6435d9,studenti.polito.it,-59.0,32.0,1087858608.0,55957900,AP-GESD2-03,Student
7ae2f254f9978c0751686a76505271494bcd0aa635aa186a6e85abdc3ba0b301,03f06ee1d7dd958e56f308a1685e162be7fc16d06f33a426f47d9883be86e728,studenti.polito.it,-50.0,39.0,501506622.0,38067520,AP-AULA08-01,Student
d60b1c69ca9b79d55fb7e763f0078d11123f52c5700fb193091bfe0e27b4ea8d,,,,4.0,0.0,0,AP-CORTILE-05,Unknown
a0cc7437fa237b7d07a974106076ea57f5dd087ff954982c3602625c20cb93e5,,,,0.0,0.0,0,AP-TOOLBOX-09,Unknown
d307776d20aae819f8d07c80ffda9a472fded211ff07cc8a68fd7142d287d2a0,d09fe5b21760cfb962a39fd41a8c792f4cd3c72b1d33f8dc93c98720eeb2ce34,studenti.polito.it,-44.0,47.0,18543370.0,394361,AP-LING-AULA302-2,Student
c561a2a7740075c84a59a6f3444e3f5378ba0a3d3a6dc09d1c82b2e9128462dc,7e8f0c939e07213d9657e6155eb27b906395691280ea512b9b7a1a36eeb9d491,studenti.polito.it,-57.0,32.0,37207540.0,13955739,AP-AULA6I-01,Student
26979314b44e15a5dafcf2edc7a744b81a07501b8815ad99abe0b32246781812,54c767972255a6a63f6212e5de18aa07cfc49dcc2275aea78c332cfe6e0c71e6,studenti.polito.it,-54.0,36.0,1233133.0,597937,AP-LING-AULA209,Student
0c693deaae8fbc3e92e038787bbb2bca5e83d726e40fe5032364a741b55e25dd,5ee3d7ca3a8ed46cc986f114889e3712c7c3a4109f682fbacddb4518fe45c85c,studenti.polito.it,-57.0,37.0,15094035.0,3024277,AP-AULA01-04,Student
518d04edb0836fb8941f81c973b552cf626f11f7f07cd8e665179d9bdc7ff70f,45e201f44ca7ab975041f77a11e79654f478f675061d7b331724b0855ebb9b99,studenti.polito.it,-56.0,38.0,30553158.0,44481461,AP-CIT-EXCELID,Student
048ad026419fd5206a8460744ba50cec2ea29bc9019e6502ba7c2b4c0613e0fe,058f5109aba754c29b6633d630705ea6569384434eb4e13d12781818e1b2745f,studenti.polito.it,-48.0,45.0,122559400.0,24868839,AP-AULA23-TM-01,Student
56b7f19258868057989685961ba2386762b3a97a768e3525458ea33d830e424b,12e0c207b26023b9a82014c86a4d8f21b44257157a204f2ee8eb869a25b7f89f,studenti.polito.it,-45.0,52.0,2831302.0,2261662,AP-AULA2P-04,Student
cf92813264e4c4ca7fa391ca8711890912af5356926fa174d70aae92ade069fe,6e8239244f9c796a3fb120c39d0b1ed3fdd44efce6a09a76ae24354d916434da,unipv.it,-50.0,42.0,32022448.0,3262243,AP-AULASTUDIOR2-01,External
a1d8d303266f555af81a35c38af5715d6e3cc3176ad6561efa95d7113c7ca28c,e5f1c522596d057d7004e10727f5266f25d57854f9bd7318381285f1990451e6,studenti.polito.it,-51.0,44.0,225972699.0,38262721,AP-AULA11-01,Student
4a43ef00b6da9e2d66e64582f5d2d24a58a10287f35d7049744e0479b4205f70,c3578eac39194a987157c9989e3de77aed1a871e0991d051ddaa710a731e7581,studenti.polito.it,-56.0,39.0,102311011.0,7091630,AP-AULA2M-04,Student
7c93b4c8c3b427f0f5adf6cb2a17d980b65a1d9f78eac72c613a147170c82c6b,94840a5cecc7a81aa93bdf7ac6df80e83ed1a1884ac38c167b6b01b50512a270,studenti.polito.it,-66.0,29.0,157960401.0,7974341,AP-AULA11-13,Student
4d2b8493e472d5f9275886facb4685cbb1b771ff1328f8bdc8fa2b65e165ed75,e3dbe37b49c95fc254ead081cd84b7491f5ad553d551792b54739f81f3c6d5be,studenti.polito.it,-78.0,16.0,3845681.0,1286191,AP-AULA4I-01,Student
f225024426756a73d2aa8efe0f393418f86556db6eb0c95a22642be0bc5feff3,b0e10aa021a2625cff2835eca190fd3385a4c179432ffcf02dbe5f0469d370fc,studenti.polito.it,-44.0,49.0,118998444.0,8032022,AP-AULAR3-01,Student
fbd048f7ea153e89491eaa6bff59c0dab0e9bede316718dbd747ac97199a019c,9ccb23dfe8e0ffbd1c57743964dd5588b71f0be1698439575fad26abcc350752,studenti.polito.it,-55.0,38.0,715855021.0,18188601,AP-SETTE-AULA14AM,Student
db243c2ff58e84a9f0ed17300a4a1b61b5da6f56b3d12778a2879edf7e1103dc,b06e6111f58bc54d41f75d8b048394c3dacb8430e16dd211455e3f3e7e92e3d2,studenti.polito.it,-60.0,33.0,3019639.0,920386,AP-VALE-BCA-ST-02,Student
6977bf38a7c00de9e3b6440a352753a918b38b3e309790a65558383a991799db,a039fbbccefcb03fe3d90f6b8e3859bc1cb298987f183a75602229156eff22fa,studenti.polito.it,-40.0,53.0,9742242.0,2453412,AP-SPECIAL-NEEDS-02,Student
93a7b313592505b568057762c4e089c4d8f222cbc9015c7e323c5202bde89b4d,1bf88313c037de813dbde3b7157d19dbe610c91f87d8e4ac3e4a29d7f71a4032,studenti.polito.it,-48.0,42.0,178402767.0,17448989,AP-AULASTUDIO3-3,Student
72ff9eddde54f46a6988f28503500c8a6c9b04d589ddc9eea40f1be3bfe5c106,ac8853879a8001ca21df13e036f0c7b7aa6f31513ded7ac262a6c88deb4195d2,studenti.polito.it,-40.0,53.0,6566373.0,14186014,AP-AULA1M-01,Student
94dd286b3a7f497f1139d6edd888a9874208499350c3a9aa960e45a6ad00cd53,05ccb95a8ed0c6ca9dd2d6834d5e532244d4f9ceb81de1fac374669050ca4196,studenti.polito.it,-58.0,36.0,481889075.0,9293808,AP-AULA08-02,Student
99f8a23f014d0e2d50c32ce1f39aea39d1edab7329dca52b6e96b2a0e18c5f06,001cf0ec0b95c2cf9c1b72821b4026769457372d22dda4c34c0c27db334fa494,studenti.polito.it,-51.0,39.0,144923932.0,8374049,AP-SALASTUDIO4-02,Student
4e30900e2b7cf45c3c4f912171b2a82b4fb2ddecc202187c759a4847a1771ba7,d9b49cd1a72f20241a0555b47b64c7a7e6c11c6f1ed6856c07de9a90f7dbb770,studenti.polito.it,-68.0,27.0,47628911.0,5689749,AP-DISTR01,Student
991db22fcfe01e5b7881bdb1fa3c9e77a718f926554a0426d04d99d71e911b26,5a518b1a78b76ce22ac29719dbae02c8fc2b853a90ec9f3c1175d60d2c0f647c,studenti.polito.it,-65.0,24.0,106745005.0,5562565,AP-INGCINEMA-01,Student
2c29e36e9d8dd775c726bb9661efcf5689833fe10a37f00b2b30a7efeba6f374,429b5b1888ecd150d8f8aca5fe8ced7f6c3556e131e2eb19cd7306824a2ebf2f,studenti.polito.it,-66.0,26.0,41407137.0,3748628,AP-AULA23-TM-01,Student
9b3093679dbdbcf751fd6807c185c0bf1791d2377d66b43d7196a20c6be34956,d73568910e71187a4f10d1c3a13dac19d89f4f75cda577dbfb1761d930950646,studenti.polito.it,-72.0,17.0,11505305.0,1512629,AP-AULA10,Student
4692009b635a25630b66f0af3d59dd070457c77fac35e5a7fac431e9cad7e60f,492b024c8cdafa8426c06dcfcf3073d5323536e14b8f7ba9a214f73ed2c421a2,polito.it,-62.0,31.0,521690699.0,38672783,AP-DET-P3-4,Staff
961cb5190b2a91ec5297ab8aad79a548552025d4e77d9475498bba913b3bc0e6,fa43cffc816ed3f9cd84330d476c5c621e9ec8ee13c95e3185d015e65e19fac5,studenti.polito.it,-80.0,11.0,903752.0,180477,AP-CIT-DET2-03,Student
951f7562246a9ff4f8c2d6e031692967d2c4af33edaf6cd5fb0a92558013cc7d,57f4cbfab2244cc2506f7359c36f554b5facc2ac2bf4a84487c1f24eba40b69e,polito.it,-61.0,32.0,152078092.0,12087913,AP-INTE02,Staff
26c91da4b81be6fa74f0433a07031b50522735d1d2f9afc8739d9b40198c88d7,e92ce56d48c5068c177aab209694b56a2f2f26b472edab9f351e45b77b9dd32b,studenti.polito.it,-54.0,38.0,30060990.0,3433116,AP-AULA4M-01,Student
0bfe5e8f7704f87ca318ddb6990b2ab0375c1183648793b8b783c1c35d2166d4,68ccc5cc726706881177cf2229d3d484a3c3419790be89c4178b2339979586af,studenti.polito.it,-51.0,41.0,973759.0,322843,AP-AULA8N-01,Student
638d76653714e114f1fcb1da7237350a522459c42d7656df7ec581b2d46cd2f6,c7d93179f917df170b75f24260e9c10f45c084e7aa1810941e4a6f74c07e9097,studenti.polito.it,-55.0,37.0,212908853.0,502437817,AP-AULASTUDIOR1-02,Student
f509718e2f4fea12352405b18e533a63d76004738fbc6e2c9488b988aefad8d2,f3554331b2f47fa1491d81f92c8ffacc78a88337ad5e8900a0b834212bbaffac,studenti.polito.it,-50.0,46.0,17948168.0,35547052,AP-AULA2-01,Student
0534fc496e2772f56a61e2f2d98d32c2b31bd07e76bc09529222545c6216d417,f24f6de0ea966cf5f56efa453d6e05553eb8817228095218ccad3c110f279538,polito.it,-44.0,53.0,32318220.0,2072031,AP-BCI-07,Staff
5f18e04fe56abd681901f6cf28c0dafc173b565a9fe10045f1a8674fa6f4cad0,e5016c607f8dc2c72d97aa83088dc7b014e9d67eb8fb1d7b514a564efe9dc583,studenti.polito.it,-50.0,45.0,20723380.0,28150704,AP-AULA2-04,Student
d2f8034b36308c04731297379444d2143e7476dd21adfa57f2c5dcfac0b0ecfd,,,,29.0,17798.0,1847,AP-AULA29B-02,Unknown
c4a6fb1775492338aa3380d530fd83e9cff8268f445ff14fafbdcd2bd799b961,96c39012fcc452a34043c82eaf9a23e031fbe731b3316fe797a319a4b37bfd49,studenti.polito.it,-55.0,38.0,73282906.0,52818805,AP-AULA4I-01,Student
e602de23917b50db1f89864fbd732be7cd1fe3a3c687ea074bec324642a5ca8b,55266f1937c097da98aeff9b95a012f8c7ca69a3d78073dc5322a5b1f0a16919,studenti.polito.it,-53.0,39.0,28501511.0,2362062,AP-ENERGY-AU01,Student
39c06e33d733bf1f2f483a59ccd19e2e8eac2f874cb4e127ef68ad73a04f44d6,0c81d9096b60876a2979c2b8db04c051595a8090baeddc4379dc5eebb5936c87,studenti.polito.it,-42.0,48.0,39367162.0,6988335,AP-LING-AULA208,Student
0d575ee5a3dc9a95a31c74818a580882bbc820589ae8618397354bb315066f68,c356846133893057f2fd6819b1a28006f8ea96a5f883e20fe06d14d93e4506aa,studenti.polito.it,-45.0,48.0,1182249.0,311171,AP-AULA4N-02,Student
85c5b434820275804e524c179fdece845f53588d2249142deeae90f5a4141be0,2473c0e5cce57c93af3a31cef6b53449dafa9ac6d0ad28abfd640750c4d28e26,studenti.polito.it,-51.0,44.0,54179848.0,4370998,AP-BCI-TZ-03,Student
784d1e4a4a22ee293a30c0a050f4e79a573f4d124b3647e65d48f988abc5b7db,24c565fb2f521b654c2d1dc79da83ddeb05b860403955d9e0f05ea177da0cc04,polito.it,-51.0,39.0,98703382.0,28356262,AP-AREAIT-2C-XP02-02,Staff
f72c592d92beafe245d5fae4afc9904275c1ab9559edbbce6943676cd61afa51,56f37b590f4e63a5e194f7ae4103b673779846b136068b236ffd859322a8d170,studenti.polito.it,-46.0,40.0,116442602.0,114617337,AP-MIXTO-03,Student
845d2d7d88275f709e7d66cf5c6a604fee000bd262c098a537d9e60be0ca22db,594598c68a4ff42011a23eb135a26044d5ef2e16ac6e31908a8fdc16bc78c7ec,studenti.polito.it,-54.0,43.0,1292831.0,485119,AP-AULA27B-01,Student
79630c7634b16b0d32a19acce7e7ac50376b5c21d35357e0301532b2a82dc448,961a257e456951fb4c57c64b8db66f034e36c292805c62777cb8d7db48b37cb3,studenti.polito.it,-86.0,7.0,155081558.0,17644395,AP-INTE03,Student
21445a77f52b63b7ebc14c1eec30b7383a8b8ea960f2a59feb60428b903d29bf,85433c1e6da052c5e5dbcab341711252aee02df71a5bdb3b9e2c3c0203a251e4,polito.it,-65.0,27.0,35253099.0,3960909,AP-DAUIN01,Staff
b079ba98b65ec60113c282e8496c1160c1c798959285c536e499164b190a7edd,1c844e10ed5df52826dff96ffa0487450b7ad0060f555d0b30b8b000621d6873,studenti.polito.it,-54.0,41.0,333568103.0,20096837,AP-ASSTUD02,Student
28772db527a521b23d1d3648b00bd3f54dcff55ccc78ad4af5aebe450510ec88,1abfcf97aad54a1db5335a35a74009d29f5d0cbc728c638f07e8195c790c0698,studenti.polito.it,-61.0,32.0,10798195.0,5128557,AP-AULA7I-02,Student
98eba98a9ec3c31e6436fd3217aaab48804cbec39e78b56efeab01ae48d40215,23d16af78de7f27575269c39cb422f14f6a190bd2da25136d1e669647036e6fb,studenti.polito.it,-56.0,35.0,120660530.0,21532893,AP-AULA2M-04,Student
a8360a02adc118792d924c8b18d39d7a5a1a78f26645a8823b6316ef3f2c15cf,8b8a22fba2538a11a6d991fdd3c34aad388758820f5591fc684fe8050ffa61d9,studenti.polito.it,-65.0,28.0,434290358.0,54630952,AP-DIMAT07,Student
7af8486adbf29bbef2a65f6d4d016ccea21143fc2413107fa9bbfea1fab62791,308e8ea2e1ffdff066ce9fa95aa2a6f4a800b00fd452558555ef6f99e6867472,polito.it,-54.0,38.0,9877994.0,18387471,AP-CIT-DET2-02,Staff
145017ce4d7029dea092ccdaf16005fd6c68a050f95dfc2b5c8aa5a1828fd8de,c2082be83658d5af208d8c55b194092c2b1944e3ea6926829abdaf2e39b2ee2d,studenti.polito.it,-64.0,29.0,773464.0,797043,AP-SETTE-AULA07AM,Student
36863ec227054318567af421fae5e0a67935276c07959a873be36224493bb6e5,c33d8df6432285e582423d0d914e7e930e1b6893168bb7bdbccc840feb902bd8,studenti.polito.it,-49.0,46.0,78482389.0,11595775,AP-AULAR3-04,Student
7350fcc080077600cde22335c491c3ea8d9c1023cebcf60b3c923649940b05e6,0b610b7a76f134ef9110569ec8a44d76df346f58bd36ae726b1c316cfa066b51,studenti.polito.it,-63.0,31.0,1042787.0,525558,AP-BCI-05,Student
d94e5305322bf37f8efbb27561a7cbb99de9b3ef8ec7cf24051e8b2d3a93e10a,,,,23.0,0.0,0,AP-LING-AULA211,Unknown
b792faa0049254bc4f5b21254c466b17bce485a02cc2aee8309a38795135d624,ebb80ad56b8e73d1e85315a5038aa2b54fd6e804ce0e15982cc865b6450bee3b,studenti.polito.it,-54.0,33.0,11675574.0,2335261,AP-AULA1T-02,Student
1275ae0ebb02cfc6746e522036feff862c95c437056338516a1700548b183a8b,79a4fcf9c6ca12e8ef163696ab390cbbcf5e9372142790a506c0018990d612a9,polito.it,-56.0,32.0,6156465.0,6314486,AP-AULA05-02,Staff
510abbd2d823c29943e5e205b5690bb629cf926d1894e192836494e0d35a7d89,52f0476262d4d86c1caef83dcd3cf28cc4c11d01b536356775558ba47797d811,studenti.polito.it,-49.0,48.0,76168944.0,4851287,AP-ASSTUD02,Student
09195f69e47d8a133b080870611349fef73f86abdb07a443a6480479cfe784d5,21ec61ce0de77b6d77ed3984366a96ce78f30371add520043bcadddfc41dc821,studenti.polito.it,-51.0,40.0,31332144.0,4492232,AP-AULASTUDIOR1-02,Student
6790ccf2514aab07dedc01858472a367868d73e9ba4ede86baf7450a1c7cd6a2,a8fa225ba647cc59b281c766aa2f99039615e1b1762608185d33df18f45ee775,polito.it,-61.0,34.0,127225238.0,49864535,AP-SETTE-REALLAB,Staff
76b8df20b3c466f47a417b756a9448f0679776ebbefad2642d15e2f9bc368a05,bd7d2293c9111ad007e3688bc11bb65d0b1fb8db9626d77bc3a29789f74e5aae,vub.be,-54.0,40.0,1595341471.0,134993820,AP-ENERGY-EC1A-02,External
361b8ad79365af83f3693b9cfc8b594998bf253013560e4ac603b4164e4c9557,b2d3aeb5d9f8d7714e382cf3956a3eb302f4fcf62dc4a5afd77c5d9409b2c147,studenti.polito.it,-56.0,38.0,54489757.0,19296606,AP-DICHI-3O-P3-02,Student
6ffe07975acdfb901f0b48cb0301639db9e25f3beb61934c5cffd788d6de2050,70ba2a06a75e5ab0d5eb67020cc2223d96cb230e2d9e3ef1a3407f41f2d7a4c7,studenti.polito.it,-49.0,43.0,134505186.0,9172330,AP-CIT-LABINF-01,Student
3ab8fabe39ef54a8ca42cddcb52bf888803a9035300a02e48e194698ef50628c,,,,8.0,10447.0,2114,AP-CIT-DET3-01,Unknown
28c5e5354a31a9754e2913c46897b598e974175cfc42b98b58b28cab112651c9,8e47bf50ef286d95e3787a201d50f62cab6c2d244c8e69e320695351affba254,edu.unito.it,-56.0,40.0,247279687.0,30365793,AP-LING-AULA304,External
f49e9916bce8ca5a79a3a3782b21aa1034d9291b35425e9f28beb85c8d20cfc4,9e1bc45c225ea3530a4d30345267526b969211c6efdda492cf21e4270a31be78,studenti.polito.it,-83.0,10.0,39869274.0,17693621,AP-AULA2T-03,Student
925d1672ba0a208b40afdde070f1fff67dcb37b7ecd8e5616b82e77a3d3a709e,367284ba2cc19db46b3996669daa209c2b4281e421b23149dae490c44088317a,polito.it,-47.0,44.0,835567799.0,368534593,AP-CIT-DET3-03,Staff
54dfdea57533cec7592b4a86a8ff3608a8be719290bad85b796d1d1870f62065,3f2a01581215d7f0cb5aea0a901d5809ad43f458bd0b91139ec6398855232f8e,studenti.polito.it,-55.0,35.0,61577950.0,28939777,AP-AULA7N-02,Student
a39bc21d7ab5fffb202f9f80007dcb05ca3210c2ea5069d7ade2065eb707e380,23118a5a7df800b63f9b2a223b638b340a01c5c08d1ac01c466a322d49e85543,studenti.polito.it,-68.0,25.0,1259441433.0,769026450,AP-TRENTO-TR1A-01,Student
4f0606843280eb931d2f56c44828e7b8a0ccdf4793dbc5ad8dc82c70cdad8b59,5884695c48465b9f1fd74b5e860c0cbfc8968416280b98a9085884d90fe0ae04,studenti.polito.it,-74.0,19.0,86047941.0,30350335,AP-AULA10,Student
d971a311ded41938293955e83e697029bee9384dbe0da721107407eb150242b4,da613b2944be8cee785716179ab42c07634347ca6dfd93d45844e85988163911,studenti.polito.it,-64.0,26.0,2690594472.0,26836390,AP-GESD2-02,Student
cfaf6d3e5ce68ec900497cfcb5a92349958643753334b8e262fe10c9c204267a,0b9a3cd0690cc03050a6f24800a5eda2df58876cc8742f5faa3926b0ab9854c4,studenti.polito.it,-59.0,32.0,232612260.0,12562124,AP-VALE-AULA4V,Student
accd6777e61aa22c18c226d2c4d61bbed4e261b549d95c904e9141844fa2d0fb,9e4592c4712905c1400189c9bed0016947c327700feba19f651e2ad7cfa2ce7b,studenti.polito.it,-53.0,41.0,91853092.0,5873501,AP-LING-AULA304,Student
76584903781c85f0818562cece4a462dda2465c51b827bac1ce3b4fa3e7ce66e,a8f6b1042338fdc75a5dd6f27dbc70d96e3e303486d33a6d4020b88729ae2afe,studenti.polito.it,-51.0,41.0,41904379.0,7804587,AP-VALE-BCA-03,Student
2f39f35ac16a1b18468059773fb67e051aeea2a964c6f1a2283ad591fe17fe66,2176bace5ff2e10c912e767d07097e3cdc41367c2cc9cb73ed49a0177a32bb60,studenti.polito.it,-61.0,33.0,159639007.0,32720203,AP-AULA7T-01,Student
cfbafdc944529a7f4c33535d1dabfe92dfef42982dfa3050713de2a825cf2709,444c5b6fc3ec2c8fc6db991dc4f6e00161fccce9e3cd001f9bd9591133079c92,studenti.polito.it,-80.0,8.0,73974494.0,8972077,AP-ENERGY-EC1A-01,Student
16124a0a4105457897feecd9779b7ef08306eccf8985659d0d89ad56a6f9dded,67adb85bd3b55701b19121015cfef6aa26d02600faf0fd1b9a4c42921055c6af,polito.it,-62.0,32.0,14152179.0,3487324,AP-LISIN01,Staff
4032e5df4583010c9f84c9fd15876dcaa653941cb1bb0acef52aa6fb45371cbb,197709bfdd5cb6d119888095bacaf8c429017955ae1a3c999a8695a049e52186,studenti.polito.it,-85.0,10.0,750187393.0,2002340902,AP-LING-RECEPTION,Student
e0f4743a1e81a56467f22220cf7fed181bac0d15c7b4abc5dd08e5417d333a10,9352367490034368798605052015099ff09567af9ee3ba6daa75ca5e2b7a9077,studenti.polito.it,-80.0,12.0,19613440.0,3235860,AP-CIT-DET2-01,Student
e6dc6e228818db609cb0b9667bda34773a6cc14aebef7f86bd3f0708c71d1d1a,bb71be3ae76dad77a0415c18203fa2e24ff053b5acb8dc2bad789927e3c4a7d4,polito.guest,-61.0,33.0,1089603456.0,175678158,AP-SETTE-VIRTUALLAB,Guest
2e95a355b3f270b4ad90c93a32d7c56fe15f628761c557a1694e92282fde9a5c,41226a7bcd12ae49d78dbffcb58df0174bd0af432a2d3947c0d84d52c77f7006,studenti.polito.it,-74.0,18.0,281964002.0,9067917,AP-VALE-MOLLINO-01,Student
224d8422c6b3a2b11909f4c0197e73bc4572dd75164615d8503311b911dee63b,460390c0d62e944675b61d17837089e4dd439dca2c06c6d46caf676371f9bc0a,studenti.polito.it,-63.0,28.0,1252058863.0,119668207,AP-LING-AULA302-2,Student
0989d7e8636a13e2be13d8ca0dbc5f47ddfe58d26a719f6044c4b822595be11b,8b91a5c039a36c4006689656ff92ccd16197dbc3e7e2b95e2a3c63cf30c5849e,studenti.polito.it,-55.0,37.0,1977296.0,685841,AP-LAIB2B-01,Student
c3fc388fa360b8fdab6e573f3dc4b625d8918083293301c7e3d7d96470831b36,93893f2d972cd3719aaeae0609a45ac919ea9ca40c2bb2d53a9714792e517a65,studenti.polito.it,-43.0,50.0,1188084.0,771568,AP-BCI-TZ-01,Student
a23f8bcca3fda0075b0131928ee8ec921d3bbd60cf8af7018294a2b7780d90a8,9e29b297e123a50b7cd250713b4ce2d6667b8f2889a75cc70def5bef56ce9436,studenti.polito.it,-61.0,36.0,29600151.0,5081166,AP-ASSTUD01,Student
a32248ad40791dc1168d0207d4d828bf3fc8f5ce772454d95928469a1b2c1ee2,0e31d7afebc7a319c1a7e8eb05eb5fbe6b0c058e1693d7fda8dc547d6c0e2606,studenti.polito.it,-54.0,42.0,12798799.0,6789068,AP-AULA29-05-OFF,Student
48d003dc4d4fd308f3f8bea33405d8eaf711279efea5c700b4c1b2d6397a8fb3,da8168f695906f6ac1f8343eb2e06dc0dca07b79869a73cd7f2dbcfbc2e31fcd,studenti.polito.it,-67.0,24.0,62250540.0,8879505,AP-VALE-MOLLINO-01,Student
dd0ab402835c91e31573c532f36b37b612e9550ced044677d913805ba5ba3453,b1b55f803504a6e90de08c8529e72c6feadde9293b1873a91a0e1b76ba3cdb81,studenti.polito.it,-59.0,34.0,3663889116.0,63060836,AP-GESD2-03,Student
6c8139ab3ecc3ee30579437da2b5e0338728ab3f96ecea6378bab0e2d1ba0cc6,fc970f167bdf00b78885fbbbe945312bed76e01404e1b85df703a2084b32ea45,studenti.polito.it,-56.0,41.0,35417977.0,5951905,AP-BCI-ST-10,Student
a76e52974f782a05304aa01d441c5cf19b6b7c06e97a535156ed39df20e3014d,bbd3c0ec190a8ed30448e8f7c2714c51d961d9550af9eb78dc38b00a026fa3f6,studenti.polito.it,-73.0,21.0,110099461.0,31515209,AP-LING-AULA208,Student
64c03d08c955c77115b7e7aa328e89d045990501896bed2a415cadfea0cbbd04,3b35bc2486a65b1c13a6bd4dd067a4a89aeb36f6dfc7efc3b8fe69bc3e3ab7cf,polito.it,-63.0,31.0,574256948.0,96786494,AP-DIMEC18,Staff
2802d3fc5ae415a2495ebdad5ffe08b2f9ad338cc9620e5f5f19993130d7c7d3,689a4e23cfa643d9f6af83ca727be266cb579f1df456b77d3d281b053bd55f0c,polito.it,-48.0,43.0,959021857.0,85409426,AP-DISMIC21,Staff
1358f15b7ce1ec233f80e3b048f3d15b7881d69ab71a146ebb9f0015f862f58c,3d2bd23e8cde5dbfd66774e3f5d5de1c3e39cca74cc790226aceb938f2520f3d,studenti.polito.it,-53.0,30.0,461477523.0,4376190276,AP-DIMEC14,Student
8d74eef8c63932f275b3f8fc2bce2e04466cea2333d1a794bce4feb5031210c0,930a503c5774523ec278b0f01b0ef1ad9f9e247eb2615fe222da99182a1238ac,studenti.polito.it,-46.0,53.0,149279174.0,3254466,AP-AULA1VM-01,Student
3773f6c90947c43d64fff24595f21a20b98d3c9bcd8c09f91863b8bd6b8447b4,c6b6093530e1071b2c727dca366597e394b8b13b572f8ab7809f033335133cd9,studenti.polito.it,-40.0,53.0,244756158.0,73383701,AP-SETTE-AULA06AM-02,Student
9db2ed21a00d26abfa2a7a8d184139422a7a3bc85332a97f9886047388f93fc6,d993e6abd7cdda62e8808a7b5eb2012a57da3889d7bc77d5125f7f35fe109022,studenti.polito.it,-55.0,38.0,192974819.0,4286601,AP-DET2-2H-2P-ACQUARIO,Student
20742423eb907f8092692a1b9d58f30fd46d2e1edaede50b6216427a82b970f7,68d78e136f083fbda420d4c41ce837e405f59b5f37ba869046c5580839cfb2b2,studenti.polito.it,-82.0,13.0,10185734.0,2143052,AP-BOGGIO-TLAB-04,Student
02c3dfc4178b2344f19b6adde3f1a71bebe7ddedca89c12a623c43799820c03a,f1f1cabd6a16aaefa279f1822343bde9472fdab416dbd25693ef92cb87a89db1,studenti.polito.it,-48.0,46.0,151327038.0,10314258,AP-AULA12-02,Student
dd484f3ab23b6a458f43d8a9e834fac0a0080baa858de299ed0652645588867a,,,,0.0,0.0,0,AP-RETTORATO-UFF-06,Unknown
64c964f7da5b454f94e505a1cce6100b034dc9eebb47615af0831c9a465dcfbd,4f1dadc72de0dd44cba5ed6b145d35beb8086b7ee8426990bf12d5a67ac6fbf5,studenti.polito.it,-61.0,31.0,4270111.0,18906757,AP-BCI-08,Student
4447b8852d2298875bc5e59f5738ccc39a3283c003ab20c85fef49246540b972,186665545b9b1ac7121fe6e41da897b482172b103a21da4979515fe33d38ab09,studenti.polito.it,-48.0,41.0,0.0,0,AP-AULASTUDIOR2-01,Student
f12053b0c6dbe0a7e8a30d7978aa81ec2bb14e2fa0e385cad39dec4483677324,34ef17cebc95fb2815e5cf03642ebd385ae298aedbb07a3193f8d1a3d166d1a6,studenti.polito.it,-87.0,5.0,5323513.0,751082,AP-GRAPHENE,Student
726195ff790a687b3d425f0ca4f7a9c199bd5c047dc08e253f2324aa4a78f0e2,11137fc1d4c60a5a71e8994909c37d3b05b1684ac26c6b5847694e28e075a80e,studenti.polito.it,-60.0,30.0,36110003.0,2049589,AP-INGCINEMA-01,Student
79dad1a40f32e3b96084f117416f5264b569bc2ef5b93d7b7e68bf557734ad62,20394f0979770bd9041d4d24a270a38193426e0c46e686c39404e20243604963,polito.it,-56.0,28.0,516290.0,343620,AP-A1-DISAT,Staff
2886ff71096b4d1c9558db3535e2419305689b4e1239e82a23c5bdd7f20cb982,1bf5a9dfd8e626080080fd796633a7dd9b8d79fb503c1c29eb4e3903c106a6b9,studenti.polito.it,-61.0,31.0,1056800.0,416720,AP-AULA6N-02,Student
c9ade85ec48e22524876c5f18372bdd478c90bf0bd4d5c0dc88b70ca51b49294,e915268090d8e628eb97ec126571ef3e128526ee8ed26394f349da710e86ad7d,studenti.polito.it,-60.0,32.0,13429981.0,9074302,AP-AULA6I-01,Student
0426417d5f345661701cb058b80fe5a35378d41f44d6d250526782d85e1866b7,dbf3f14dfa933338107ecab3be7ea4b7c0dd52071708921459c0058df29deaa1,studenti.polito.it,-42.0,52.0,302871729.0,11741371,AP-BCI-ST-10,Student
c1f2212b22fdf071ad84b15c2510925d3bbb051682a9b30bfbabd4b3a15f4b65,4a05455711743b9c432700224003db151df58c0f9e930c5d2e00a6f20909261b,studenti.polito.it,-89.0,7.0,48714602.0,59854014,AP-DISMIC04,Student
58cb495e56ed99d4f4575c1b3f0413de004d4814d4b0fd462d98a2bfe7eeccd2,bbd3c0ec190a8ed30448e8f7c2714c51d961d9550af9eb78dc38b00a026fa3f6,studenti.polito.it,-71.0,20.0,19563512.0,8932740,AP-LING-AULA207,Student
1e8fdbf68bf6ed8cba531edf68f7abb20e4dc6bcdd4d2e3cc302dcd36be86124,e2d48c276ef30a341bcca0179308dda53cf451a800bb793891aa8844d101ca8f,studenti.polito.it,-77.0,17.0,0.0,0,AP-GESD1-01,Student
28e0ba2484cb51a3d973bd673f8b771a324d433aef3de897c8da741beadd4d48,2507b4b9827eccf8d81731fb885a1b4629447dae01bbbf6fee105af8b8947d1e,studenti.polito.it,-54.0,39.0,1225601.0,767862,AP-LAIB01,Student
903ee347532f99d0ccd50b9ab4e8e03fcf9a547b7917d3912f769e52366fab57,b8a6bdde9708e55a791c26e098338e882c41183c2be3e7b6600a8be3c75071ef,studenti.polito.it,-55.0,37.0,7191187.0,1782636,AP-MIND4LAB-SN-XS01-03,Student
b63b56a746f240c6583c733d22ff25a030e51c63605422b1b68a1f8d0d58f24e,,,,23.0,17802.0,1642,AP-DISMIC18,Unknown
1eef0ab70e8988ca3638b6d49f23928be3a365d264635de429062b57ab326076,,,,44.0,0.0,0,AP-CIT-LABINF-01,Unknown
f4710ff26afa35d1290ac0d873cdb1fb34fd1045689d9db9847eb0ffa26c4569,eccf66ee4606a47ba6f741d21ff9bb337951b88bcfc0584f759bbe291c92a4de,polito.it,-60.0,33.0,73764307.0,2447964,AP-LING-AULA207,Staff
58a9069d6c3bd8b2507b5ae8fb24dc888b7b14394c5b7bf88100d046bf0df02a,e9a0529dab30ed634ff6f31590e4abc747eb09d5e05a344bcee3b182ff32c993,polito.it,-59.0,37.0,11494591.0,4661749,AP-RETTORATO-RETTORE,Staff
8cd78da3463b4baddbcf42c1e8509fe8207a621f29b69bb430b6f65a95163ca2,43b723c76c1a432b2cb1dcdf728b9c71f813e4006bc63ff025b5f01517264180,studenti.polito.it,-55.0,39.0,51846264.0,4212070,AP-AULA4C-01,Student
2fb77680f0d3e0c61e247f241a31fdcf8ce52f35200afe91b3646641ca9c48b5,5c0303200d955187f6bb0ee9b156096a7be7fe1b5a55632af7fc1729180f8adf,kth.se,-60.0,35.0,88426974.0,21065017,AP-VALE-AULA8V-02,External
3f8b4e889712b43535f36a7e813804a0a9ba84d3672bed7b70be918500226b8c,8628cbcac048508f6e5679b2e220f048e259e72df9fe123454c5ba4c5f733061,studenti.polito.it,-53.0,39.0,41439.0,18113,AP-COV-C3B-XP03-16,Student
22a747f2895979aedabff6f694fa087dd1e3e313fd9c55e9de5519b5c8d98bfa,7d5028e7eba85af6e6f3b8baa41f8294849d03dd237ef0e67893716afe179775,studenti.polito.it,-73.0,18.0,40148823.0,1238640,AP-AULA11-13,Student
912b2304c4a8890a52f86d03b2aa7098d6b465dccd417e6c3da7ae3e413d785d,464b9b16002f52db3faf85dd95fc3ddbd8d33fed092de40a9d0017646d17994c,studenti.polito.it,-79.0,13.0,106924.0,458650,AP-FRONTE-AULA12,Student
b52778e553b375928fbd9d2195f27a1b9680f53a459b46402f38d467b7298be5,602bb7ea803e894d58b1cf440e3ca397a5d2469f29b7b86dc22c73b0111af73b,studenti.polito.it,-56.0,33.0,385238090.0,4362704,AP-LAB-ANGLESIO-02,Student
e321168039a421ca6dd0cb59eec912f5e5cf90e544ffe78e11ea197c68c98dca,e9a653699268edf96efd629244d0aa6bf0c670f43ad21deaff9dc198e47115b0,studenti.polito.it,-64.0,51.0,183931019.0,6155427,AP-COV-C3B-XP03-08,Student
54a165d4233755acb926d48aadf178676ddfb4f7060e508ff94473f54aaf9122,4ba1cc500e086cddd49fe11d717c6ca47048bfbb9c8bf44b6f78c0fae2d0dd8c,polito.it,-76.0,18.0,45702.0,89646,AP-DIASPLAB,Staff
8dc24aac4ae95383a872c8c2c4666434ef9f6374f5f0271b2e59a22571c026c7,e084b7fcef520c07cc27350197bd605211f07aa2d58d52246cee6a75a69b3687,studenti.polito.it,-56.0,32.0,118512.0,97528,AP-AULA4N-01,Student
eb98151deae09fce71142d2b7d5f1b1d03c2ab53cf93d5e7b3a57edb0b47f20b,058f5109aba754c29b6633d630705ea6569384434eb4e13d12781818e1b2745f,studenti.polito.it,-42.0,52.0,11636283.0,92099037,AP-AULA23-TM-01,Student
041756a46528f016a5e966462123e188d8a2c0d4fc1b37df66ae8bf11c1de4df,376bb22450fb6f514bd0266b4cb8a67f4ab248b45bee8b2357a864b292e18930,polito.it,-49.0,44.0,11894763.0,1527555,AP-FISLAB3,Staff
d4167bb208c3a5cfc3f0907756160a5c9f72b5eee3e33c133c789c1785043679,23f9b772a2075c0a69446d2f173123e2490c03e79cb7002df2152feb85b32f79,studenti.polito.it,-57.0,34.0,27633295.0,2151170,AP-CIT-LABINF-01,Student
bd1a0d74849a56a0a38c8427ec30be2aa94a63cc4d6fa1fa91ca241d594b580f,cddeac0ec389ca3aec6cfeab9b3404227e64d130c0fc3800ea0ad1f90caca715,studenti.polito.it,-42.0,54.0,205372212.0,7902335,AP-PERUCCA-01,Student
47bd54cc96e698ef49907e2bd5de3f52b2dd2d6990150566e60a8b2cb2e375d1,12af7e7d2d022be3583ab20b07b2e4df3459c7151c34f295405ddfcc163fed69,studenti.polito.it,-68.0,27.0,11771003.0,22006640,AP-CORTILE-02,Student
f41aeffc82e2fe087a094dd75612269789ba31131b47d9d47976a841b59b83a1,910b5f84e237cac8c20c0ab52b047706232d0c77fa3257adc7ba2719b72314a9,studenti.polito.it,-42.0,48.0,29696760.0,79525149,AP-MIXTO-02,Student
1283de0eeb10489722c1bad1e27b2df3700280c2b735e7814f4d96d030e00056,3bdfb592bc4aed42fbb1a48237eaaf45e07241259ecd899a48c8e1073d84061c,studenti.polito.it,-49.0,47.0,2710139.0,538918,AP-AULA01-04,Student
7d68a44e48a0e182fbefd3ab6ca9d4ec5f6374f107c4f5b5fd77c4afc1fba675,442e046d56595d5bb4efeae946cd7496ae568397ab2058af903e2a36427c75ed,studenti.polito.it,-53.0,41.0,28832118.0,3180131,AP-AULA2I-01,Student
4c2d2d9cb39b9d07a94dd2f4934fd1fbbdb25a25b60eb67894c15f3b2bf44243,2e088d28268260c2a796c4780be49e7d60e03eefaa0b2d411150d2afe667c094,polito.it,-69.0,25.0,222230030.0,11599938,AP-RETTORATO-02,Staff
f7d3d02f8717bb050c157512c923cd0add93d5c7fd45977370f529e206f1316a,,,,26.0,6777.0,872,AP-AULA4C-02,Unknown
a0e5edd269440b8a8b8a3d615fcde1ac4271559238ab3d3382c1764e0757f2d1,6a6a0b15bef1d94bbaf825cd733da3ef72598c771bc39805f7f0338867515b29,studenti.polito.it,-57.0,37.0,434666921.0,38373711,AP-AULA7N-02,Student
4894d10250616658c89e39fe83e11a586978c24b24b1390ddbbb62d1d1cfbe1c,d8644aaa1ac4a62511284c4fee483a1ad09e0670cd848b95d4f258e96fabbe57,studenti.polito.it,-43.0,22.0,993431.0,474212,AP-CIT-LABINF-01,Student
fdef322480ec56722ac41161f5f1c5d7ccf0a5da6f05c7b1b2ff9d674d2f91eb,1b30938c536774a887cc889f12bc59f9b58e1ec0f29864ceb0bf880cf64d9db9,studenti.polito.it,-70.0,24.0,3839549.0,19109815,AP-AULA10,Student
1a33e4388eb64364cd300762ce5e70bee6af4e577555c8fb65e8eaa473afb125,50e0166befecff4f408847d9b62240cf1b5ee0ec7cfaeda7032fe77e32d7b076,studenti.polito.it,-48.0,47.0,230734479.0,5611220,AP-AULA2P-04,Student
bbfd3db7b4ee63a37f04938a18a97889933be59ec2252b658b8e99c285c8695b,a0a74b0790b1651e119f812af81865ffefc48f3d537ab5be1f8996cd4584f7fb,studenti.polito.it,-54.0,40.0,17522342.0,745549,AP-AULA5M-02,Student
7d8113209047f2ebe6e6b4623df7bc701cc74d64e4b5aeef31f16373f0da1879,347eb632cc63e64b07bb89d4bab3ea875de64228eeb0a9d7106c20f7577d5fd0,studenti.polito.it,-57.0,38.0,3212020857.0,112827449,AP-CORPOZ-13,Student
d83687de04cf4ec196eba2a16f7f58b08aaaea93a0a5cdf738f20e9bd3419df7,fdad706e715084e900e86538b07eb8079f6f0d44fb32744115a2e86f613e5d63,studenti.polito.it,-48.0,47.0,171584298.0,68786714,AP-AULA11-02,Student
c781b3d9c2dac8ece5e60fb23d388e17a6aaf388e3cd67845fc90eb33e13b86d,85ab1c85132392c5a075f03b06671beb7ef16e34d6e9fb35dbcb75b748cae48e,polito.it,-79.0,16.0,33833850.0,4399604,AP-DISMIC04,Staff
c5dcda76a8a46af851173532db9130157479e04d19a1c0840f165a9709dc9025,4c42f9fa19fe864c2262214a1fd2eb9680b828da180adc06ab18c64c83e8262f,ntnu.no,-69.0,27.0,15515878.0,3205254,AP-AULA05-04,External
89b0bcc17abe0fbd63518f3d0fe071844304603595ef7cb8af9f381712db5217,f9be13bef37646987382332ed6e10db4ad2cb583147fcbfa5cfe134a8de7bd57,studenti.polito.it,-55.0,40.0,10148036.0,1157161,AP-LING-AULA208,Student
8fce42868b2c4fb123c001a0d40094e556b712db53cbbb1539e60b67b5df6b02,5c9aa7963620473c9c7debc172992cef85d392164366e48457882996821d22e6,studenti.polito.it,-58.0,37.0,269360868.0,16230251,AP-VALE-MN1-03,Student
81cf18a52c6f94ce029243cab67fa3cf4e678e003faddc9685910ef01b5d7063,b155e5b89c3c592be9705dfc94eb2146a3974284382f8dd72daf2046c93347d4,studenti.polito.it,-55.0,37.0,287737349.0,9547567,AP-VALE-AULA4V,Student
4a095c7ee143c75916fba3ad285163949f686038815123897fd072a9b6b40949,300348b211a21671fec6071a0c879b8165998bd34ca3d81cb68273723fdecf65,polito.it,-73.0,19.0,3141651.0,2405605,AP-DISMIC24,Staff
9218bebeab2608f1453a80c16f0fb677dece6f802c0299074cd324fb4ee91f73,412c8954f5c7af2885f4e70ed220c28101b46e11a284535bb574a9a0ba6ab9ae,studenti.polito.it,-47.0,50.0,25897295.0,1211632,AP-AULA05-02,Student
3c945d3404c955c8ed540976fbf5bec20e2dab37755d1ba61f89a22927a01bf6,0985ddcca2a94af9674acbad79a035aabb469e5e208a02675eb4da80c3259393,studenti.polito.it,-54.0,39.0,57374.0,36969,AP-AULA05-03,Student
0684d9514d70ad7852ea90f6a2a658c987a5907867f6071787d20978d5061584,b3741f5c6b5a1439f9f9aaeccb0985f6e4cb6bfd53f158ba08cec0d7571b0ffb,studenti.polito.it,-59.0,35.0,106329539.0,3491391,AP-AULA2-02,Student
222c245d75e150a479411342c882571e384639b3fc45935351671751fba94b70,b708bf68498ad1db49a67ed658e512de350d7130fe21f6fc08e5ebb182d9fd17,polito.it,-57.0,39.0,14780364.0,2963016,AP-AULA08-04,Staff
6420ebbf490927a73b89a20db88ccdff3fff4d4caac3c9ef622ed4babf1aa9f3,a34397e2a34eda1ab4cf7b1956d8a63c3be2049909c248d5fda07edb6c92ead4,studenti.polito.it,-55.0,38.0,77920314.0,87306162,AP-AULA12-01,Student
df47de9acb0a18fd11ee1281825fc0ebe7654c2417c38e2018a4b817a89c5182,d4f14ecc370c3e9814c12eb0969720889b03d91c3c0b9f5929df63cc6004f766,polito.it,-53.0,40.0,76710836.0,6007040,AP-LAB-ANGLESIO-01,Staff
459f9fb675dc07c8313109f49a8e0ec6337b6e9ce0b88238373f4b85c3fbccc3,6bc0bcec461a8ba8451b441319d88d19df72dce970d3b108814006606e825840,polito.it,-79.0,14.0,6406976.0,2484967,AP-RETTORATO-RETTORE,Staff
525ab164ae4930a7b4f2e911a590da9c5b75f6415697a557754ab66479714877,b5dc0a401f516b7c78407c9f7dce963a32b50e5b256b3e59be4c02ea6e0500bb,mu.ie,-49.0,37.0,15242512.0,2056036,AP-ENERGY-EC1A-01,External
a4cdef11dc0dc0430f1c7cae3b26c8216c128e03c14c3a7439b5672eab322ae9,5a91f484735c2b5e0041da3b259307bd461cae366a564df179129c82c5e7f73c,studenti.polito.it,-69.0,20.0,129014470.0,17212230,AP-CIT-DET3-04,Student
c727cc048f39c3312cb318fefe628097c4f182b881776fc0cfb3d864f5e4b0cf,62b090701f741d88d64984a174549824f983148a86f7505dbda5df97244dce31,polito.it,-66.0,26.0,371041082.0,27178946,AP-DELET03,Staff
10c4307ef092d94dc20ff400732e4d57a25255cec35d380a3cb38e78852a4708,56a9ef426e84be303d4cab6541050cce7a3b1961bf37712127e5f6e89573fe70,studenti.polito.it,-58.0,34.0,110413727.0,2628174,AP-VALE-AULA4V,Student
44573f41c5c5d2c1b873717eb2cf2c7190ce1dae600fe67fd659777044826c05,3f4a66e4479dc5699a706044778ac4d52b4a5ffbdf66bbc996aa0e68335ee4c6,studenti.polito.it,-59.0,35.0,526895.0,295373,AP-CIT-DET2-03,Student
f0ef10ecf3fff38a99a61af6ff2dc3b6729fd69910977fca7597dfef05a6a0f6,769d1a4da50af3aa24ef71e0432dfe6f979e74ca50fc40420d2d33b2ec890446,studenti.polito.it,-58.0,34.0,565407.0,288531,AP-DITAG03,Student
b7f6576c916a8c02f3a23874e9f9ad07841b4fe1bff53e75bab97897d80d2dc6,a7a9b808054ab0043e1a436ac3d7382de63ed221e3aa92b3ec503c5a9a9b5661,studenti.polito.it,-56.0,36.0,212207576.0,5758983,AP-VALE-BCA-ST-02,Student
36848564510ed9f2062ccf322a74e9ad7cdf9573a18ecce1ed6ed6a2b34614c3,f34023c3eb301fabdb0d4d9066f9424281ab3b0e7c7d8d9707ad0aca5050ec5d,studenti.polito.it,-51.0,40.0,158998317.0,4307541,AP-EXREALEMUTUA-R2A-P0,Student
035692781f9ade9ae3f507d53ac9209f856b1d7a2cfc01fd4509a9b94a49174d,d77ddc8b3bad4ffecb6417d801c8a861fd28477ce640ae8a8256bb64fcddd094,studenti.polito.it,-58.0,37.0,28923250.0,28911511,AP-AULA03-04,Student
524ff4f9c7c2429a86a616916b2ebe2b29911a73cf9d46bc063bca813a087968,dcf734c079c1ef50c2e4a0b3795f094fd1b984d13ae202dee6c71268abc5b546,studenti.polito.it,-72.0,19.0,4655767.0,23010902,AP-AULA4I-02,Student
808c44a5b170300e24f3f694ef3aba2b6eba06cb057f9c38a01560cfaaf273d5,fcb873863a0cfeef06a94e31aaaea2b532b54f9ba9135cc094cede939a5460f6,studenti.polito.it,-57.0,36.0,44332962.0,3166169,AP-AULA03-01,Student
71c7764796fdde64424ff4b2543c216a8c1fe7912f846b1f50b7bf3e79cdc90a,47b4f14dddacbee634ad5e27358545adf8656bbba0da04313577ddd69396d27d,studenti.polito.it,-53.0,37.0,120023294.0,36178255,AP-LING-AULA301-1,Student
cc1534753381b5cfda684f4217e8bc4a6df528a3a643821110638b3313f456bc,376a4398480893a8a094d43ba79b00e793ef88a2d0283954ed3f4443979eb794,polito.it,-53.0,35.0,2068614104.0,42473366,AP-COV-C3B-XP03-08,Staff
876bf551a47af81907a0f388c2f3525a354571450f623c2704af5835174ae24e,a4ae4d89821e79a8f52d9a3bd2c7b04a14a0141d40357b93e260e2e58fb58943,studenti.polito.it,-75.0,22.0,12268710.0,5043690,AP-LING-AULA202,Student
4cd7cc6f8181c01be62a12a87be79ec2952e575bc5df731dce96eea1842a51d4,,,,24.0,0.0,0,AP-BCI-ST-09,Unknown
8bcc4fd0dd313a3a199aae3333739497d955d52e61fd6685e2c6aa1376aa26fe,e6e98f4c5710b99646c9c231490a971bae7f6d37848bd5a69d0cf4842a1a1dfb,studenti.polito.it,-57.0,36.0,1093451.0,590706,AP-AULA8C-01,Student
0e6d8161552e654710dbae277f5c2d25b3285078bd4005a5897b9fb7f3cb1147,5b7f34adfee49828eaa007c505fe008f5c6f85307d31f0860d9a1e73befc25db,polito.it,-75.0,22.0,55074510.0,7277433,AP-ALESSANDRIA06,Staff
604863f848a76a2676856cef7b58c5521d3983745c80b8bf25a0ea2a1f794dc3,532bea7b8fe72fd1cdfcfd5877008075ad43375f9c6ec09468a66b3eb44b5335,studenti.polito.it,-51.0,40.0,28583512.0,5426753,AP-AULA05-01,Student
4f25e6622847d248b618c6af224f5b58accf35ca77e1d45cfa089a1955515c24,9b9cf8c993ea642d44d98db374c557369551390c710f2ae6f49f767ee3488023,studenti.polito.it,-47.0,44.0,140329489.0,1714796,AP-AULAR3B-03,Student
0df0e63de1a4b388ee4e01c91366ac14c5e92dcb9c86e35d3cf2fba90735108c,f3dcb8be187f726abe027de4ab40db0f3e606feb8eb872257c3d419c6f31bc76,studenti.polito.it,-54.0,35.0,102415547.0,16493490,AP-AULA4-01,Student
c7e18adb9b2489ec2adec87ef97602e50ef612a5685c304450504c2f28883a9e,70d163e3ba888a0a77f68828d88546b950a165dcfb5564a82067b7730232f80d,studenti.polito.it,-55.0,37.0,210351741.0,23272247,AP-INGCINEMA-01,Student
5aae03177deb0ce1d9db17f3b2a1c2079fdb7cfc6860fcd920705228ef04264f,b2d106ddf3f152208745b9e5d742dcb8ecc2e7ef633de856c5ce44acf85c4574,studenti.polito.it,-56.0,35.0,2320365.0,335250,AP-CIT-LABINF-01,Student
c9c4d2a8a4f8a9220752715b4ae4e93fd1d9b395f2dd74a204a1acc640339bf9,58463f284f0b9ae69d975c1b34443473e6ce83f6de0b9b0a3bac66b93f9f0433,studenti.polito.it,-57.0,37.0,30824.0,51583,AP-AULA05-03,Student
86ca34e6105cad33ca8f77e880aec82ca9684c8577ecf17c428cc6010bf159cf,b01e4054cf4f0cd57720c4233a2b1c6d33e2ce7c49f80b729c7b598083410178,studenti.polito.it,-45.0,48.0,94839728.0,3370681,AP-SETTE-AULA14AM,Student
f3335906575dd49097fa93b5c9b9b06617ed71ee88f1f7aa67639248d17a6af8,8570c650c0d32b7f83d3f608b1bf55d9bb09f0b9be2bddf78c9c94c516f8a2c4,uniroma2.it,-57.0,37.0,3097926.0,918361,AP-AULA7-01,External
d4c77502a94dd64d113971fc1ce03192de9f1025554abc7459c00fec90910a09,12f61fd839b173a7abb095234696b97b86dba4dd04bcf92a835726df0d99c390,studenti.polito.it,-67.0,26.0,33208.0,38070,AP-GESD2-02,Student
0d203056d288d0f9a2c7760e00415f811cb226021d866ebda3dc954c36de7624,8ff605633f6d2b7c2f48dca3b182994e05155d06b3f592516decc99fba936789,studenti.polito.it,-50.0,44.0,2146480.0,1329912,AP-AULA15-02,Student
ecfcfdb9c175f17a9387970863b30790ae6647d077f416abfb88556c429d1414,19bcc25085cc428f355ad54bd252c3f45fbe3634b6708675d9617fa5ee2ac94e,studenti.polito.it,-58.0,33.0,568294654.0,11681941,AP-INGCINEMA-03,Student
d816ef0320a91123a2060057a01c68b411d104a53e2a729c6d5f89b6138e5b3b,dac923b7def54073213718342c10ff1c9bd082950e31ffed9485f2a17c0079b2,studenti.polito.it,-69.0,23.0,102166.0,101217,AP-AULA4N-03,Student
65192ee5e9b985cfb04659407877489f2fcfd70661956bba29ee8cafc55f568d,99f3c7de98af93d2fdf8b7ad9a93cf925c8950f0de025a38efb67bb7d7a62e50,studenti.polito.it,-60.0,35.0,7639860.0,713802,AP-LING-AULA201,Student
bc8afa8a6e5a9de36c2fe72010517c1c8585b6858f639dcf1acd1f3c2138a8c6,00a50f729b92cb9b7b364d52140865911fd5bdb09da21e11ebff617db435b571,studenti.polito.it,-50.0,45.0,42970412.0,3883455,AP-AULA01-03,Student
66302ddb4d32b303124c35495c9c3e0391ee8aa97145be9113d67ea653716b81,1f3aed882a2c6580c4735a36e469b4c4bf14563423edec137fd2fc5f435f313d,studenti.polito.it,-47.0,48.0,303550969.0,10130667,AP-AULA6-04,Student
2aa036b5ce257c29dcb21f84ab4e159baf44c74087b5fac1c17e1a203f08f9f7,5e5910ea9127f5f490479151c69a366be4e678dd7aa8528837d08ae890cfa683,studenti.polito.it,-56.0,34.0,317346666.0,20893715,AP-GESD2-02,Student
2942ef7c97f82b71df0fcc488794f3951304301ed89466732f22975c6d6a5703,19713f567833117ef762c9d6c2e251ee832e66b3053f389bfc6cb461c865b2ef,msstate.edu,-55.0,40.0,166865415.0,5911423,AP-BCI-ST-08,External
01ab5b43d458ba203d84cb1ab8add895a14470dc872520bf6c7786a7b8b4e86d,1d90d82e0bc024988ad518d8f40643a70011c239aa8bad2371cfc0745ef54db2,studenti.polito.it,-88.0,7.0,50209.0,39265,AP-DENER03,Student
334e527f7c0b29089ed54c2fe925f50255f79c5a4d6770030ffb0d71ac7cf55b,ae80800d0f47f7e6b7249c91a70359ec17561ee23c3257848cf3156a52a18484,studenti.polito.it,-59.0,31.0,31725667.0,2771365,AP-SETTE-AULA13AM,Student
7c19fa1612de5b0998e09cfa4f828b94eaa399092f375f080ebdee658504e131,a90dcef88b57be63fa83f181cac869667bcba8f19a0ffacfc30afee0cc0d238f,studenti.polito.it,-51.0,44.0,214849.0,149652,AP-AULA23-TM-01,Student
dcfa6364e99676150b22267e4a71ced2a3a38ed0e79ccb8ad48ea8824eb63ee4,75d2480919b820a09a17a43870d0b03ca619db384f14b60bb021686aeb8f0961,studenti.polito.it,-51.0,41.0,4086403006.0,76140813,AP-SALASTUDIO4-02,Student
992c42eb2e1fa44781cc9afadd78d20d7542ac85550c7004464f92a31962ae77,d68ef0b848181abe16a5aefbbc94e4800c62d99e7a5359f3871c4c736cf6ed82,studenti.polito.it,-55.0,33.0,96314683.0,16158483,AP-GESD2-04,Student
507c6fbeefa13970c3a31a10174a6c8a083e896126cee85b191af04c4654f798,7163c6baf753b57f930187b18c8077e796b3e32a2b3474f2b71d156cd9ffe340,studenti.polito.it,-53.0,40.0,45947705.0,4765420,AP-AULA11S-01,Student
5cd7e4028ea8ceaea3c6e0a74e3fe10ce5a6362961ea2bf18aac902868090d24,6c1519bffcff1ed96a9f885242120821d6bfd206e0236e1f95e50174a3739247,studenti.polito.it,-66.0,15.0,4908605251.0,214409001,AP-DET2-2H-2P-ACQUARIO,Student
5d36d050c002cc465e415e98b6b5daad844db5ae98b669332b4aa104fb7c6eb6,dcd2ee20b20847aa033513380f50e95b51fc9cc7b735bdb0b21d5213b653d7cb,studenti.polito.it,-49.0,43.0,147874724.0,1464137,AP-INGCINEMA-03,Student
0e7bed49921f83228c1c17d0e68c34b85b97d4243b3cffe601d0d222f368f754,d675de263c95f28f1e9836407ab5d78b1f42c76d89bf924a3cffc12174852f1a,studenti.polito.it,-55.0,34.0,22990239.0,12530064,AP-VALE-AULA10V,Student
95acb6944080226af4b5e52195f03501a12c314211fc05e815e89ead778551f0,ba414b21b1593f0156e12bd4c4fec49131a3a24cb2e91a91e8453cbd586a5103,studenti.polito.it,-59.0,37.0,81536673.0,9433065,AP-LING-AULA203,Student
d0411f61dd0560c6d35d5cfc2f21d37300a681d236b4f4e687949b96fb57f75c,2e8983059240f03f4cf16bbc6f4cfaf8c72781a18278bb4b5b2466bd0ef1b582,polito.it,-53.0,41.0,1895608079.0,543859758,AP-VALE-DIST-02,Staff
3accdfce5e0d0b6f794c994365d4a355338a7022c0e9b70192fb9ce1dbdb0dca,0c4b72b054f05f2dbfaeae16957d126377e06c2dfe3f7b8b9cea016ee2539f54,studenti.polito.it,-53.0,38.0,161839145.0,34663412,AP-AULA11S-01,Student
f22dfdd0e90e5cbacfd0ec0e371203446df4d499d8417f14f32f23d2228ae496,42d374b56d32001cd3bd87aef9a1cd53f051e33eda2f4519afab027f2b98a193,studenti.polito.it,-60.0,30.0,19527138.0,4557377,AP-INGCINEMA-03,Student
3c94d2325ec8fda796a19fa18a5976ced3949a8ad246c91be6ec03fff0f6a929,79700edfd914e1a5c2f35fa04642c57f051096298bb9aeb359996fb33cc09196,studenti.polito.it,-58.0,35.0,13936874.0,3237807,AP-AULA1VM-01,Student
e02f06c6926f010f1f5984ac7a6a246269a53a2dc471f64b991d3dbf54a91a36,0706a7e619bb80649d118934bdcdc88fe2107a3d3182ac2b25089e29db5aeb45,studenti.polito.it,-39.0,56.0,360436874.0,57615377,AP-VALE-BCA-ST-02,Student
6eb57af0231b2a76cc035eaa3d785b7aaad7624c12b2b78c6f1ca8a7e01ffe68,b671bdccda47796f303c38c66b19e2ffaf5821fa9f3c90eb99b29e37f47c2725,polito.it,-59.0,30.0,1769914728.0,122484046,AP-CIT-DET4-04,Staff
b3afc8c6ac414dbde2084079c4cf00449bb19bb926f8cf3e1b8471cb5a7c77f4,00cf0bf212cb09b19806b27a7f09234643a3af760b6c74aa156e70233ea92730,studenti.polito.it,-54.0,33.0,6178527.0,834319,AP-VALE-BCA-04,Student
45ab505ffcfe5c8e5f8e1b3ef084f951d3c75fb32ed33b891f2fa6b259d65b92,ebdaf095585422811134164b6b8bfebe7e03a0e2ae08ce1334f34496a2040520,studenti.polito.it,-70.0,24.0,32196812.0,6411405,AP-LING-AULA208,Student
822c1208ac8ccbe2dc005ad4c5bc9c7df36c2a35a0bac960c4524c14efeb1cdd,7c4268ba475e95da0a4abc12925d70edb1d21db1da8e64f346ec506e10bcc185,polito.it,-47.0,45.0,1916866621.0,1359569057,AP-CIT-DAUIN3-07,Staff
4c3269850b46f547e538f4e221fa84df9b4a3a5452663c2d53dceba41a9e9bb8,2921511f2b3fdc481b7b15b58beccdeb9668b3fe8894d6aaf99aef843222e3c0,studenti.polito.it,-30.0,61.0,670296625.0,16924235,AP-BOGGIO-SALASTUDIO-0,Student
152ee6ded478d6e7d02948e05d505cc39e48903a0853166f29846c8c93637761,f69723b18931f14d0b9bf19ffbca2932c2f64334ca14ba53cb16510127146eaa,studenti.polito.it,-55.0,37.0,123891730.0,12901425,AP-LING-AULA302-1,Student
517bd4ec129631c1ada20b8141f78b26e7af163db26ae218a36bffd97461fd68,720e2cb63b5a16a60bc93fdeb77d3c935c219344352d309fce3c786134796536,studenti.polito.it,-50.0,41.0,30835779.0,22751963,AP-LING-AULA302-2,Student
d61695bacd70e219e04a063e3446338e2e66bcc0fd2691f893b3872ca39d6ae4,ae2777df996a5cacec6216b2764b861809acf2b2d388d7a19e92dd3bf84c67fb,studenti.polito.it,-44.0,47.0,131757306.0,6190470,AP-LING-AULA309,Student
6197dfe3437a6efeb30440789c3c8cab0da949e2143e9321c76d478f70ad65c3,ae2777df996a5cacec6216b2764b861809acf2b2d388d7a19e92dd3bf84c67fb,studenti.polito.it,-39.0,54.0,397253.0,753819,AP-LING-AULA309,Student
53a1d7a03bcda6c80b08445a6f0c08aea8ea6bcec16db107c4d3db4630dc0ad8,43aa35cc996a30f598d146f4e67299b70a0854c7bea284b38dd981c33805a095,studenti.polito.it,-59.0,34.0,84503812.0,24531887,AP-AULA6I-01,Student
b8faae8b22c21c77c3895ef17b91993069c00628aeec9cfcb308cff30ece6eaf,a8ee8ce99a4e81a4064159a184346ff6075db010846fbec63b4b67b3c2866802,studenti.polito.it,-72.0,23.0,3529262.0,963836,AP-DIASP06,Student
2b3cf59ef219feee86ca813c90970fbfadb973a25501628c7ab02c85ca650374,dd0b240f31b90a15617935ff6cfbc938d97713d278d611e51179075dbadf0894,polito.it,-55.0,39.0,622809946.0,266104699,AP-MVI-AULAMAGNA-02,Staff
303eab61a1decdd70672b0c2a3df7bc4c57e281920c7af8569cf4cddfe3ee56e,66343b24cc42d5c1847f56d9a8373b7229f9637d01b6f9baacd6e32b257032aa,studenti.polito.it,-58.0,37.0,152282487.0,12789139,AP-AULA3P-04,Student
c874632e9a52777b45d3082b2e4ebfd8e74373d8b134c959d89160d186c690e2,,,,33.0,0.0,0,AP-CARSTEST,Unknown
b7799c0422dc5d87c15364091eee841e1e1906c22cd9f56236207934adf7557a,a850ed469ae32e453e44eefed97df308fb950a69e2ca3e688bb5d0971834e9b5,studenti.polito.it,-66.0,26.0,43705676.0,1695100,AP-INTE02,Student
69cb7b35dbc1a8a324b1a9f4efc80069e31ecc56549a88b89a83255ce07d4154,bd8d585f75cabe456b5e44557c1abfa994b8216b32f8bda3c8c70f6bbbe383ab,studenti.polito.it,-50.0,41.0,69479680.0,114523622,AP-AULASTUDIOR2-01,Student
52cf06f837d1d58bbe1e317a77274a5d5dcf8d2c9e6d07595423d906c257e58c,a03d614f13bf7cef036a2af53521589efaf55ccf43e8302339dfb35376b33e9b,studenti.polito.it,-68.0,27.0,12956791.0,12937611,AP-AULA10,Student
16ee1bb379bd0c4402116bef773ddb98d7fa90a0a164c0078f75b8cb7567d897,032fcddfa5a592ec6abb626f238b27d945823820653eccd6c5f7ba2590f0cf45,studenti.polito.it,-48.0,46.0,131970490.0,44695340,AP-SETTE-AULA03AM,Student
2f835a6afb60f54f33933ad920673cc9983836b95fc2ff3ead9f55f02ca4cd02,95854f1caa683e93ba1e02cff3c78bc49b0a6bcd5d913f437886b9c1f3b3430d,studenti.polito.it,-50.0,43.0,454880115.0,12964173,AP-AULA4N-03,Student
649b88782dd08d3be7c1008748eae8847c4ff5bb565c21944f4dead6d98ccde0,fa89bcf0a963003e0694f36e774b297c455f41ca1c8537b06b731b95246e088c,studenti.polito.it,-75.0,20.0,157657740.0,1531522,AP-LING-AULA208,Student
5587574135beddd8cfe036b3e3fb203e289d66659ca7c1f2fdc81a103b048d4c,c36d0bf74bb663f3f76563013727af0e60f706ff85eca1004a169959857776e8,polito.it,-54.0,43.0,240006144.0,24241587,AP-DISTR05,Staff
f543846e412cff15e029a98b17700e130c714525622d5816adecd754245d99d1,10a4049ed3795d853ab41aec5924f8e21154979bc3975325c47c3ec84b33e571,studenti.polito.it,-58.0,34.0,821592682.0,27519836,AP-AULA1M-02,Student
3a7137ac496b5f860c8dfbc65b7b471f71edd51072281bf8ef71e687b0e55563,63825db7b7d40931507ecb5bb22a15b639dba5713444d47534001c29e4fe873c,studenti.polito.it,-54.0,38.0,1086652530.0,72356066,AP-EXREALEMUTUA-R2A-P0,Student
2f9eb4f27189f6b13251ccd08a605ffcdd61a9264828fce8f0c41c21f6c88ae9,1a06e372687f0e61b220fa86a0ed9e5e661f070b7858552c29a0aa56842504e8,studenti.polito.it,-62.0,32.0,165698.0,55907,AP-AULA4I-01,Student
fdad7acfe4393c29939d970ec079a0f1907b0357dc7cc6066c7481cfff5b25ae,20da87988e91cb63f899228ce37a65e5c1b2578308fec9bb9298490d7f3d9233,edu.unito.it,-65.0,30.0,356452331.0,34656379,AP-BCI-ST-09,External
ef8e609df35c3bfb523af160427db254024149cf20170b776b92f01ff28061ea,5f6718d094b9f64387cffbe3e3d29dec702d4e855991f293e9da1afb115e835c,studenti.polito.it,-68.0,23.0,22469079.0,3378839,AP-VALE-BCA-02,Student
59c6c93fd111b7d65b133d48bdfea76f604ddef4befe4d4aaaecc4e08108d510,bd509667292b03840d684ca8668fc12c9b5d39688f15ef1126ea60319e5a169a,studenti.polito.it,-44.0,48.0,50282256.0,35250884,AP-AULA12-03,Student
00dbeca2b54bdcbceb278e8e5c492dab94629b6e7095144134f6dc8e382f488e,8e5b241f730bb60bbbb7eaf5edf4d5f7bff2f25fef779d4b8170d2678a850509,polito.it,-56.0,31.0,134131.0,82972,AP-VALE-BCA-01,Staff
a00ec38653cf67f40088b3e86f7feba561ddba39d5651d7c5fa35dc5254ceddb,9ac1af6c32b28ffa23b66a8e9d74629bd1ed1e5543ba6ace49b47165cc1dbed7,studenti.polito.it,-60.0,32.0,22566958.0,210670700,AP-AULA1I-03,Student
f839ae1e7181dac85ec13230137266d7df4007984dbe73aa0cd91305cbd5a099,1a308f3d9c61634d22c3c03d4e440be42006e4b9af6d48ae38191928793afb74,studenti.polito.it,-56.0,39.0,83918522.0,8610233,AP-AULA11-01,Student
445301917767dfe9ff0b6a2217403075824e33121e7a75eeab30c2fa304a9841,2068d283950d64059151c5a4172a8b64c535f9b441842f704da2988df5783509,studenti.polito.it,-61.0,34.0,40015158.0,2896804,AP-LING-AULA208,Student
860ef6aa8c3df4209f0b003a58bd2e3d2627dd832b967c9296a1220984460c20,486bfcdc5044d4700f2ddc7372ccc307b3a214414dc209914313587a4d252898,studenti.polito.it,-46.0,48.0,36394924.0,6244071,AP-AULA01-03,Student
98ca176a1e70a75431c94cc6101e9feb2b1dbd1b55866715d6174a284563e8c0,0bce8ae5fd378cd82d0078fd7cc539de7014eabefde910da08b5eed210e80b98,studenti.polito.it,-64.0,27.0,219761703.0,20512005,AP-CORRIDOIOAULER-07,Student
bca60e6986988a8fa4a63981332c53afdc6b21a1e85e578a8cd0347a70fd63e8,fb70d2c87b852be3cda019b67130805051083f2368a34a607dc646d269b67d5d,studenti.polito.it,-50.0,46.0,1533543236.0,25723300,AP-AULA4-04,Student
429ca19feac87f0932e32231ceffc2d9d674e909c33b79b4664857a221ec0d8a,39ddc1c4e7befbe46778393b1318bafaef7be5880a7d4edb76c7ff5d14350afa,studenti.polito.it,-55.0,39.0,28918741.0,1790124,AP-AULA4I-01,Student
29d2c0fed6d03c7af5464581bafb4b86d5b4953bf16c103c460e5f939330584a,3d8cca56c4da02045c4f2fc8332b5c5f725bb4ac4053d33a78d94a0eda5b35c4,studenti.polito.it,-66.0,28.0,1134616.0,550541,AP-AULA1B,Student
7849690d093f44090a64eb6eb223ff87fdb69d1b841427954478bfda23ba7c06,ac7329b65651590ebb7bb5e0343e9525511eab7cbfadff223a177e290f4d3e66,studenti.polito.it,-67.0,21.0,52564162.0,37032580,AP-INGCINEMA-03,Student
95c674ecaf62a64e08cb648b23bfdcee5b25af71c157389b82f5d56d3f908acc,917459f973f3c784f001c3978cb7b7a0b644318fc9cc2f033ab9ca9bf18b9da8,studenti.polito.it,-69.0,23.0,13791861.0,2929153,AP-VALE-CHEVA04,Student
476f28c601fd127b823d9652dca1a716e98b4ced0e8bf45b9edf1a950397b05f,cff69999dcfd37192859d4c8f4793eb434e13d309ca6ad49e900f8ea401b8316,studenti.polito.it,-65.0,29.0,932670.0,577451,AP-AULA10,Student
59e3bed012db7d1148c5fcbc10d3746b04e1b88fad115ad5ae9cea8884c7d6a5,868fb92159c71315e2442aec4f7f5de42897b483c56e310bcb3b4c2e6260ed6b,studenti.polito.it,-54.0,39.0,5394189.0,562757,AP-AULASTUDIOR2-01,Student
d6956d38c7817f8dbcb3aafadb6f1f76dbd2c47cde5ec60ffc41b778298a1e54,64b7adc38a3a382c471ec0e73386b3cbd7a17746335ba4e9902ccca3c3d82e5d,studenti.polito.it,-86.0,9.0,12993.0,9431,AP-LING-AULA201,Student
854517512706c4a9489ca6594f42a2e10c58a97274a7bfab94283026bc7dea79,d6a23dce709cf536f58bbdc60b076fe113455d2b83adc3b395d823ca00d4a401,polito.it,-57.0,36.0,1398565.0,374758,AP-LIV-LITA-01,Staff
f20cf1e5dc55035a23e861c46fe7714a72894ee2b96bd83164685b4605bf60b1,7c323bb973a0de06fa35bee7dcf52de21872cac75c397deda4c38f4f62ca236f,studenti.polito.it,-50.0,45.0,3916933.0,2381482,AP-AULA4-02,Student
638abacc4f97a14d4a54f235a81e29863f0dcfc137e6af585c58e32adbb54629,d0d292397d40c56c172a58f70ed842facaced97ad04a0bfc371db268bff766c0,studenti.polito.it,-47.0,35.0,134309.0,77709,AP-AULASTUDIO3-1,Student
712d4eeeca5465e1cf4d7e3c895cd6e0943d19d17f16f512c62fce73a1b26359,413a439967985808a66c60a3030ea9844d1c628bfd9d012b5af1031de02713cb,studenti.polito.it,-82.0,12.0,2423690.0,433787,AP-AULA10,Student
dc9ed38f745af943cb74b1e939fc7a3cf7ba87554260edd92508a9add3b0c7db,28ec990e50082d2df0ea5b7f31735addb187c23435bee80009bcd9df65cf3092,polito.it,-60.0,33.0,5792587.0,926381,AP-DISMIC06,Staff
4ee378fd6c6686ed345c0b3b00ac642678c97a360723e611e6cf333b4f50819c,42627d2e1235d9c8825c349b474cffed8a183fbe5abb0d3918316334779cc452,studenti.polito.it,-42.0,54.0,1204155497.0,34859409,AP-AULAR4-03,Student
329cfc72166933b6b620440c1694cff2e127303c91067274554f63a5e813de9a,61b01567598f47abb5d3bc9129d00b850a71149c602baa62e47d3f8c1ec146ed,studenti.polito.it,-57.0,37.0,4632780.0,681884,AP-AULA2-03,Student
886044032b3236090431a22457bad5e7e7cf136da49c62e23f2882d34ec36ab5,ccab371a6dffcad3cac20f4aa4ce1387c2328cda94c5b9f040af4f73c48a7755,polito.it,-59.0,33.0,240135123.0,7209953,AP-VALE-DIST-04,Staff
7ff7dbd1f44130f7c93a63d112bfe064f64e98adbfd2397f8724bb775c89a00a,714fa191a2055215821113a81a0838728a9199d08044411b96036042f61c2c39,polito.it,-61.0,32.0,511144.0,173328,AP-DIMAT010,Staff
de1424539ab86c0c921a63487f9a3f6e50abed1650d16212a8c29ddd9a0686e3,4d0243589b259830abb7b6468befbaaeeb9d3b00fee05033627dae6969928591,studenti.polito.it,-61.0,35.0,6172518.0,52631326,AP-AULA27B-02,Student
573bab556e8114367542ca218d570fde8d2a015613b37d91d1327d2d0c85481e,e8aec91941eec7aa21aaf50c94ec8a293a866733ae6198c45b99bdda11a976d5,studenti.polito.it,-59.0,30.0,816431010.0,25328943,AP-INGCINEMA-03,Student
e8cb06608ca0097b0a388a6dccf6af10775440fa6b99038114c01dee24067ab2,540b8513f0bb678b522d45819a5f5d112218a084e74a0b614c1fdcd9fc0f526b,polito.it,-74.0,18.0,680472158.0,24920652,AP-DAUIN04,Staff
766e08a78eceb9dca43def8d42cb5adbd4d3d38cc8d64ae4d2a57c6418637d4d,63d61fc927b299ee58dab3db670f8e32171d5fb55e2687856cb1af092916a502,studenti.polito.it,-60.0,34.0,1290654.0,819302,AP-LING-RECEPTION,Student
ffa3d8db6f4d81f5219f936a8315072aba94222a58a62bf0baff7fda0c7cc7be,0466f91f5765382b9513f2d9b60d9e3b3c0029100736f719d63bc2bfd183c92b,studenti.polito.it,-46.0,41.0,3948485199.0,19015915,AP-LAIB1B,Student
ec66daf6be97502f667a1866397f691970119ab912f76a18ace57b5efa46edea,ecf5d22216cf56843493a53f9742b1567de68a321494b350499dc913a05c36c2,studenti.polito.it,-55.0,38.0,145180086.0,3916696,AP-AULA9S-01,Student
05e6dc8a8303b3cbd66cb60e9ec368887c144901e52f6544ece0d370f86d9631,20ea5a887bd9078f16098d2aa392c3c45fea9e4d37d47686adb348cb91fc3ef5,studenti.polito.it,-65.0,32.0,9766575.0,1675818,AP-AULA05-04,Student
fc019074e6017139b296a606498142fb92385a63fecf0d8d9f6a4cf52f3159f8,e7ebdb5667780769197d02184ce07acde1023a75692a3fb19428867be41e6c21,studenti.polito.it,-51.0,44.0,5196214.0,2363672,AP-BCI-ST-10,Student
85256cc90b15d3e14924a947282ce8f2b7e6e54b3ba35ba7d978eab0d4ffdbd5,12e0c207b26023b9a82014c86a4d8f21b44257157a204f2ee8eb869a25b7f89f,studenti.polito.it,-52.0,41.0,839942.0,590490,AP-AULA2P-04,Student
6126a79bed9ab2bcafd16eed56bbbb4bf5fb2faabb5c3a1b9dfa44c66d6df05f,c034cc1ee7bdf899ee5b6d9edc12eb42e7c43e9c415d6a5ea592333ed46cf3af,studenti.polito.it,-55.0,39.0,778166.0,473971,AP-CIT-DET2-03,Student
4b2e45d8988d99b8cf2fb92c7a046072b7850531f2565cfe05baa83e109d83d1,55b5dc3b43f1b8362f8b2fe89a939b561b8d6e59cf6c811ddf596a10bb99961f,studenti.polito.it,-64.0,24.0,8431297.0,1855868,AP-DIMEC16,Student
9a55d2292d4eb8414bf8a07cbb12c7ed2e76829d1957da1712c3e348080ce59d,b410d92b176edcf738f00fd0a5a8baa56236123e0c5a8f25440e472258203bec,studenti.polito.it,-58.0,36.0,37377082.0,2627008,AP-VALE-BCA-ST-01,Student
c80d6a249cdf3def189eb31bad85f9c05259ab2c0d4c007555f8113fd3ddff70,cd1130ebb3f1b5573e8620bfbb13590e0948e1aeebfa57f391fbccc7c9567d21,polito.it,-56.0,38.0,12253020.0,3611671,AP-AULAR3-01,Staff
e9ab7292de04a77c5645f669f79ae5dbd67aef5faefa86f408d26084ffff24d3,9e310b692f6a15b3f2c39b64b8d7be7c4a0afb0add78386f8017221cbf6fe986,studenti.polito.it,-63.0,31.0,786260.0,593972,AP-AULA3M-01,Student
8465c765c031926f1cd3463361d5299ea0aeb39b1de941e49d044ca077206a6e,00cf0bf212cb09b19806b27a7f09234643a3af760b6c74aa156e70233ea92730,polito.it,-62.0,29.0,14503.0,8050,AP-VALE-BCA-04,Staff
8f419b63821a0e118c4d232621ae249e814a54d47fc27065e64002f7a8eec63f,42d374b56d32001cd3bd87aef9a1cd53f051e33eda2f4519afab027f2b98a193,studenti.polito.it,-62.0,28.0,43677810.0,2294086,AP-INGCINEMA-03,Student
9f6204df445a264c25c80ebfac028d0c3676e6eab5f51b7d3d7e61c463e857ef,79700edfd914e1a5c2f35fa04642c57f051096298bb9aeb359996fb33cc09196,studenti.polito.it,-60.0,33.0,1602123941.0,22078335,AP-AULA1VM-01,Student
1f4e5b1cc69b8c287c39ae2d93fd73c635618ff066ee8a3ba7aca0addd6b4d52,ecae27822c3cd5f5a04f2e0dff99ecb34b2d688d1cf1ee0b77c7067e327f2abf,studenti.polito.it,-71.0,19.0,144201753.0,16943108,AP-CORRIDOIOAULER-02,Student
ae1e287abd59451dea99af88f54e1d7c6bef01ba47dc6fa8851a55f924696693,b9d6f7665b699f8eac9dcdabecd8f55dbbc5f1a2b342ff47025ccbbd1c3dfc6a,studenti.polito.it,-62.0,28.0,162659856.0,32103651,AP-AULASTUDIO3-3,Student
11e10fef2125323f5dedb5ee57b6d1a69e05374129bd9391ae66e64281bba9d6,528a9ae31a55ad456b5c8fadc590973912fff524b53f954f9f4546efc5db2c4d,studenti.polito.it,-59.0,33.0,3580331.0,2318570,AP-AULA9I-01,Student
16a97bdc8963ed1066088a2f54b7d124652a4a7ac7f8a57b588f13745d6ab217,0e8edfdbcab9743408d6a180a71f35e99ec26d8370a728b05e97aa73759ce668,studenti.polito.it,-39.0,55.0,43351737.0,37598681,AP-AULA3M-01,Student
4ec2fea1f128b56e449db37192291c070abc0ee7e676ac131215269bc49cf12e,b975b79a410449ccef6034b8493840f67eb60476f687b721f06eaca4a74fca95,studenti.polito.it,-61.0,29.0,14031120.0,2039443,AP-AULA8I-01,Student
7ead7af4c1b1d0c936bd04ed4489c6d24266a8916da7ffb30c5db00e268c37ca,dcfab6d63568f0237068974a1db5ccce6ee90f9db2f60ddc01e711a38754d6b0,studenti.polito.it,-56.0,40.0,17255843.0,1866231,AP-AULA01-01,Student
4328cd182857b3e4f3c7834522bc0fcc5cf0beba543538ab8e9b899b202907be,239c80fbb71fc2cc525682345b60f062420398c3353fc54879c86c2848bf4000,studenti.polito.it,-47.0,44.0,6613833.0,992795,AP-AULASTUDIOR1-02,Student
dc32b643c5ba55cc80a26cb789a8ecb861923273207b3082ae3627dbc3e8e128,885b86a7997ec709cd6c77490d02d9cc191ed4e7acf7e2f279eafcc25712647f,studenti.polito.it,-78.0,12.0,13436960.0,431298,AP-OA,Student
6717f15db7f954333cb4be2ba993e3c3a12b95c555b7d0270dd3fde09912f5a6,6206b7cbb6b2601436eda4b93c8dbd7bdb4af548556ab14ef5a04535961c788b,polito.it,-53.0,39.0,0.0,0,AP-LAB-ANGLESIO-04,Staff
eaf6fe01e4a8027af038fbe90b1fcb6c0f22eca48e354242be3c0a12e9d09a51,3ecfccf9bbe440f03b425b8ae6a677459d4026453bdc309572e4420716587df3,studenti.polito.it,-74.0,3.0,321569588.0,8826850,AP-CIT-LABINF-01,Student
d36f89aa6e362f46b633a7e5d2cac8560c23d774bcb584388db264055b206768,264c820b91bce5f53c86487815201e369c0c0bca21c0d6722d8b976721b87b66,studenti.polito.it,-64.0,28.0,2244900.0,241643,AP-DIMAT06,Student
76ef3dcd04a15e7726c7e4ebfa03dc1d89983fb62fad182d91e512602dbd3f83,a4ba9906e97cb19d61fd7c66adec148181c613f1155138c789eb146d75cb4adc,studenti.polito.it,-42.0,53.0,809689891.0,30983653,AP-BCI-TZ-03,Student
80e0874ccf6e2e1060116937ac5ca908ce3c7cc4c0b5cd7466630b70dd4b2622,a4ca4d6a6cf2119d07ba250691579e2191cb8b7cc94f1a560dd9c71cd4552f4a,studenti.polito.it,-43.0,52.0,214034.0,96311,AP-AULAR3-01,Student
f35fb61317b037c9b379c74486df2a53bccf81528aa4f12e5e71faa570c9af33,b914a489dd030484230dd4df13054b6e1759dcc986e560dd62cc56c9f967400f,studenti.polito.it,-41.0,55.0,80362783.0,1314105,AP-BCI-ST-10,Student
c3b2662471769d8f3a947c3ce6d9a79c04f859d9e089083c337d981b9b092448,c263ddde5817adefb4e28918dae50ee32dc0026ef8094c60ecce7dc768eb9b6c,studenti.polito.it,-79.0,16.0,22471876.0,701227,AP-CORTILE-01,Student
2568bb7da46a62c4f38d9ba892b0f401faa1715e804bd8ee20dd33142ecb21f6,42627d2e1235d9c8825c349b474cffed8a183fbe5abb0d3918316334779cc452,studenti.polito.it,-54.0,40.0,394497754.0,38214603,AP-AULAR4-03,Student
58ada0719caa5dbb49bba2cbd8ea960bd34b9622aa64adc2dedd41d7797c0510,a137ae884c1d77e0d8be7eb9c807e3a4c3a4eee2a02be9d203cf9122df8a61b3,studenti.polito.it,-53.0,36.0,2578803.0,1319229,AP-AULA3D-02,Student
4e3c30f29782cf7326a9c6680d7cb2ff3cda12d98b5cf998e04ea841062c4e5e,4f51f3f44d4de6c07309bf9789446cd2d58f73a9047579defbf4b57ccb4526c5,studenti.polito.it,-55.0,38.0,1068621.0,821601,AP-AULA1S-03,Student
09fa31860b3b21c9c048b3d0e56f16d97b757aba94bff97bd035faad222a6fa0,d61f0ccc77d266e7bfd208091e20d7901f46ebfb77fd09326468bb559c037f44,studenti.polito.it,-69.0,25.0,252198715.0,14255772,AP-AULA10,Student
b92ae32443b7273932ae43bfe26c05f1c199d13b06f150b42d7d2a3770bd752b,effeaa3d45b95a2c8a244e811909271332dd2cd49eac0d78712a869b5b01b18d,studenti.polito.it,-58.0,36.0,14202945.0,9675241,AP-VALE-AULA1V-2,Student
9d515e3742297bf7fb3fa3e31a4b39f1c70d972d419b8cdac8a028d340740294,0a8a59a0065c94a69f64b43586ec27d01663b026101b6a3379c8da501f4d2753,studenti.polito.it,-56.0,38.0,69347156.0,7307676,AP-AULA12-03,Student
87d56113619d8c31321df29eecf06b0b206d668655a45dbe1aecbb476d738843,0f74c5568eb46c7f48c2dcd9a2317e26550e118877a5e2c13786f4779338f6d0,studenti.polito.it,-91.0,3.0,14444.0,14728,AP-RETTORATO-CDA,Student
00fc42c8eb4d238ab1a09a7f9d803bf9de1a767222d9d62dbc486d9d32253307,b13ee685e71ebe9aa85e1f4595e8c0e1e2ffbe2b20b1df511bf68f534b6f565c,studenti.polito.it,-56.0,37.0,46622850.0,6783025,AP-VALE-BCA-02,Student
1d0b50d6081a54424c791c839bb61811cf6ead415bf56733e420e7928501e086,fc4b08cb69d176499cad80d8f0e41ad44674ee0601ee0c389b40ebb4d13eaa6c,studenti.polito.it,-50.0,46.0,55587556.0,3085228,AP-AULA05-03,Student
85434d04abaa698839aaa8251e52997601943da7f3e112cf225f722ed715fe3f,1faa5efc911fad8dad23f1590042b3cd6313c95d966a5d030aeec93b72fb7030,studenti.polito.it,-62.0,34.0,2009932.0,3588732,AP-ASSTUD01,Student
5291e4eac1d5c05afecfb4e989c2ff7fd488dbe04a2271fa26dd6183a049e7b5,ca0e7f3fe63cc1cac24b0e2cc719b3581705dc89b82d0e89b36a490b47aff425,studenti.polito.it,-65.0,27.0,1697436.0,1119222,AP-VALE-MOLLINO-01,Student
80287dfa0f8c3f7f1abd47bd6fdfa4048504a9bc4dea8f4587a6e50bb483ff69,ef24b052d46182196e4d629947f53b9660395f8bfb156dd42eb5098368261b20,studenti.polito.it,-57.0,33.0,153148120.0,6870537,AP-VALE-BCA-04,Student
f69ce62e6074f2c749022293e8bc66ba3767ff090863881281fd29ad0fb947bf,877b8368ed0cc2c5fb68dedefc06312650c7dde52db17f121074c6eceb451574,studenti.polito.it,-54.0,37.0,12003710.0,9307493,AP-AULA19A-01,Student
6785628204df1c7efafb4f5361e2f2d199dbd7cb7f77f5195d83dd6eeac95beb,e02d896266889534e55ecf98c605af6cfbde59c9375143004cb85693991be7aa,studenti.polito.it,-61.0,34.0,1154017.0,674498,AP-AULA01-05,Student
d8fc13c6480356df48e73056c0da5ddb482584d2bdba548d335ef1b63c7b5972,3c4f9dea47ca5f168758b75f2b7cc6fc564d71343750f2e5e6a31a90c042caa2,studenti.polito.it,-51.0,42.0,103396457.0,3240979,AP-MIXTO-03,Student
d6012359919639984631abbdf8a8970c4d1d81655a7c8a896ecf75223439b4d7,0279900277253b3536a2008e9b14c0e4c4eec5353f1e5f336475906a272ceecf,studenti.polito.it,-65.0,29.0,263658739.0,276692646,AP-DIMEC18,Student
d97518493327cfdec4e3f9b813c9b0d0e18df709fcf810c70c5d8ccf6483faba,84ea705145a6858637075d4d6d63bb8465aed7fbe082091adc57e0b3815413ac,studenti.polito.it,-49.0,41.0,79921102.0,6513890,AP-BCI-TZ-01,Student
cac95a105a2af246efdfaabeb8d3947047e8b98726c4befaa7a8eb2e7192385a,5ed56fdb183e753803ee41c0eec8f63ba1571664f34c027ec40ceb167f121cb5,studenti.polito.it,-45.0,49.0,4039408.0,618055,AP-AULA4N-02,Student
f07b4ce48e32d56e9976c777197161fe3f2c0f116433d1e6b62c3743951df701,4a23b523306973971bf2adb89b1e7d5d1357df006ac98ae2a251a66156147c0e,studenti.polito.it,-58.0,40.0,205269422.0,4200037,AP-BCI-ST-08,Student
a6965c9caa6697cdc5585635ae08e4665ebae4cd1d5192b77ca657f310341a73,18799896a28237bf2072135d04164ba397a1487981b5cb6c90d812be519deb91,studenti.polito.it,-42.0,40.0,25205453.0,25593748,AP-CIT-LABINF-01,Student
15282b8a51e5762a9b5fd1e7d7b20a7f25791ad3b70ee7da23342ae955a4c557,4f238c9bf25521690b71db039e4482e1672595c78b0f2cebc9ac24b1a5b672b7,studenti.polito.it,-50.0,40.0,2082875.0,1203073,AP-AULA12D-01,Student
fc7e49202fe024144b1ee7b260f3ce27bb9f08e3ac2e4c31cfdb7bee3361a51d,87013cd95211e738bf80d8c2a43f8244bce03e299c5ad5af73209a5a54d786e8,studenti.polito.it,-87.0,8.0,87060309.0,6203430,AP-LING-RECEPTION,Student
e5eb4aa8a5fe005c4ca66a8c1de6764f2e75551c93daa8675e6cdf1ea3da45e2,47931d57749fedc232ec5227a8a92ba23fe3cf913ed5cf1609e93934a2839375,studenti.polito.it,-41.0,52.0,710308.0,345703,AP-AULASTUDIOR1-01,Student
48bf3bcddbb1591c849fe6117324f0342125643cb30a9d2ec0f391cddb424388,078465a8aa452f8c10fc183b5f2288ee7c7208d168a2a3f095562840f1a9e629,studenti.polito.it,-51.0,40.0,101000209.0,7280782,AP-AULA11S-01,Student
eef59ed34ef9dc1c3baf766a2771e7221188f5281d473f198648146182ec3776,e8964215c439b5baaf4880e0fd8356db4ac973eb34f03e56263ef18a450772a2,studenti.polito.it,-65.0,27.0,122008569.0,7699435,AP-AULA12I-02,Student
53ceefd419df5cccb61ebf2513151849362ce06831e5ac8a3e3c5d933ce8d051,23f576fae97998d1c61dcf518508ab07b719787b3dd16f7893ceea13d0826a57,studenti.polito.it,-39.0,52.0,6931305.0,530552220,AP-INGCINEMA-01,Student
b9a4ec90db8cebdd030ff052005ad8c49a369b2a639904bdd02c94f6f41d6dcb,7b7229001ba379706b8d73fc309cee2baa4e3468c02ea9e9c1a774a82ba31fae,studenti.polito.it,-55.0,38.0,70987081.0,4763313,AP-AULA6-02,Student
97289c4369523ac8845bffc724637fa13d9d1d14946710aab0167bec7015346e,760a86924565bfb6ca22445d79da98b7e7aef29f9426087c9e158ca4a0ead486,grenoble-inp.fr,-53.0,40.0,9839855.0,982512,AP-MIXTO-01,External
9930896aac39f4032f9bcf30e797bdce5c1ff6feeca3520253d94a63ff485a4b,7996fa72199dfa585f9eb1ec535f3b5b996a64445525881fc3b14919e65f912d,studenti.polito.it,-49.0,41.0,120017.0,70031,AP-AULA2M-04,Student
ad38114e4c53245bfa592f6a32f4a33ff55a473b5570dd08b57cddc383b2f934,c32507accb015872791d174b52c46bd310b0429bcef375d7f1b67380d3d920f9,studenti.polito.it,-61.0,27.0,59933.0,86397,AP-AULA10A-01,Student
0acc05715d53f872e3ddcb80c60b7ebab00893a5b3028ea5b727bd041020b7d3,363fb54cc90f95a4a097efe0ffecc067170d6ac7265f0082bf9cd2d05f497a02,studenti.polito.it,-53.0,41.0,23100554.0,7519767,AP-AULA12A-02,Student
ef1589c1a113168adc4532f0a0efc9449f94d485d0baa4860d391277d3b8614f,0fa4fb926f4a483268d4b9ca7ad8c70ce64e2c84cf427fc3771d882970fbfdee,polito.it,-49.0,47.0,56381260.0,3845668,AP-AULA4-04,Staff
a061bef406f2c9096abd4ebd6738db58e40b1248eafc480593904d992dc22c21,50ab5bab27e9d09b196aa8d36a39d6557108a14ebc4d328660cc0d4adbfbdce2,studenti.polito.it,-60.0,32.0,14029880.0,1210771,AP-AULA8I-02,Student
d7cf3de7222ecb9df8a18d7cabdfd49eb059a110c7851854df9496c96c34f260,6757ce725ed818882848739770089db701e2c177bb7da95d758c6b26b9516368,studenti.polito.it,-49.0,45.0,33300517.0,5340322,AP-AULA5I-02,Student
33fed4a8229f3c0d0f81f8a03f0d4285ba74a2f0add881da6fa3b7ab61924b54,aa11e8c94bb3be79f132f72c8d003ce5131c6baecd7e7f620e87e8f0f1fd7600,polito.it,-44.0,51.0,66520290.0,29156386,AP-AULA11-01,Staff
d0d4b87e882c154aef913337d838ff6b862b3ffba48eedf7ec74524628d647f5,17d0e372a2b1dd6f40c94608c6eb17bd6472f8a17c72dc428dce30ee98910e00,studenti.polito.it,-51.0,42.0,8847819.0,700689,AP-AULAR4B-02,Student
bc1b410f2a08e0cd9f904bd010c35ad23a1c3350b16a226bf2627d28717367e9,d6a07084de114d694cb77417ee1d8630b719bb4d6634301e62cdab5e89f0b698,studenti.polito.it,-45.0,45.0,450979908.0,12529044,AP-AULA2-03,Student
b2e8dbe4fe3a794cf60b525d436a0504db52aa2bae823a4b46cb187408e227a2,92fd44fca5c1db3b42aee3afa77ec0954da72bed902491ad2ee625108b84d901,studenti.polito.it,-57.0,38.0,43971558.0,4238235,AP-BCI-ST-08,Student
5fce12910d04a85c3e9e8dd819f4fede8d3f1f6cdc1d3acdd84547412e8467e5,,,,25.0,6911.0,899,AP-DIMAT06,Unknown
6a500712bb08cb5f9d618bcee60f4fe9ba4ca8a326fa8a58e30f80c2e5ca18e2,81b0c6a2070806fc8513255ebe127b4b7d2b3add52a0d3d28636f7d8c4bd51f2,studenti.polito.it,-45.0,48.0,742443831.0,33508400,AP-SETTE-AULA04AM-2,Student
7b03290ef0f245a17996d78659e7aca79ec6c9031c2ad5b97cc942cc8675d3b1,9ed83c79707998a62f156bce694d3a2911c0749450a762a424a16be0d236a441,polito.it,-67.0,27.0,14938005.0,1991606,AP-DICHI-3O-P3-04,Staff
b1e262b9a85172dd046135ad82015b8043e932c17c3a7287899b900c33b1a6ed,ecf8d804f803dc8aefc955d08f30273b991f31515fcbe43b46b19bb4dcbf5ed0,polito.it,-78.0,13.0,1967880459.0,610359079,AP-DENER04,Staff
c0ab19b5abe5e18046621032c19fe3413c6771a11d057d89f691385e43b8d0c4,6b8c5e43e2c526b6bbc5e422d9c1923c6530551a0c2dc2a4146f1b4462d7cc54,studenti.polito.it,-69.0,24.0,29484970.0,23990211,AP-LING-AULA304,Student
756e80d6229ba51df931f1c8ec0a3da9b474f3dcd538b04b9d82bc7889eabfcf,7e77b909fcdb07155af3ea5999c51fd0fca9f19e3d166f8b19a8f8f97978a6c2,studenti.polito.it,-56.0,40.0,67039189.0,4062596,AP-AULAR2B-04,Student
d1f01c6efe86fc0f161b112845267f01d97e4be7180d6ecc848ebe45ab474848,0978c39bd89ff58a02afc6a6cc95c431d9d3e0e08a936be3808268cc28aac262,studenti.polito.it,-59.0,36.0,404212155.0,94632829,AP-AULA7T-02,Student
88346ce570a4d2182bbc0bb2b8d09d4ec790bbe37b04652bfdcbb456b97af3b3,cfe2a45a118e4e5ea6246628d1f9247d8fabb13ddeaa34a759fefbac83c891a6,studenti.polito.it,-55.0,38.0,156240832.0,7147486,AP-CORPOZ-12,Student
82f81e7c9e82732f5b365c661a1916808ad4135fa68da6173524d062c6623742,425729de5c0c9b7c72f1354882f91125dc213a3ebab42f6da822cf5196793b76,studenti.polito.it,-43.0,48.0,175608597.0,27760866,AP-TRENTO-TR1A-01,Student
79e6c419542f57fb6af068114bbacc13685e8781fadc417df1a7210ecd274532,4015e0232d0d61fee77e1444e2385e029fc85ce0adffa5301065f31e31308e57,studenti.polito.it,-46.0,45.0,156845144.0,36191860,AP-AULAR2-03,Student
d2e133d92366092b7e3b9a83422b40fb892ff2d96592b51114772829fd85ff94,090a66b626c34d88fa7d30e5bb030baba21cbbe26c8d3edcc1a26fc189b45619,student-net.ethz.ch,-61.0,30.0,7506635.0,2205964,AP-AULA12I-01,External
d1dad4795ea11d2314ea75b9f6a4df66babdb3734f80b83b9f15f68bad0005fe,0ea401e7d2df1d17159644a37a804f4d584cb4051726e4818a555cd3660e26c6,studenti.polito.it,-53.0,39.0,83375990.0,8803801,AP-SALASTUDIO4-02,Student
8658a5c0c805034a216591af7cdb86b67e0213151423c7bbc4645db144392e03,e5d33ec39a4093e14d374d1f682a3cb6e1eb4a53e5ecf43260a6b8e9d0da0138,studenti.polito.it,-56.0,37.0,24597009.0,7168592,AP-LAIB4-02,Student
391bd0bf4e887df25ad4f49aad4bd06692a3cab2dfac3aac6c82da93dd3f847d,d2788c77cc44573138b92aa9c08fd6e0030fca5ed68e9d114e3f0bd0ecbc257a,studenti.polito.it,-51.0,37.0,850057021.0,88421000,AP-AULASTUDIO3-3,Student
cf8ca8a3252d27beb8fd7227e26cb6fc6bb9d8693136c2a4beec64e69b7272b3,a45e99c613f8ba9b4e84bf1a21b99ff2b7b49941674bb5de14ec2e5c9054692d,studenti.polito.it,-40.0,52.0,320379532.0,8735904,AP-AULA7N-02,Student
52ef48a7a1a5e2539ecf7a7569021086279ccb5455ce168e84e066e3c7ddc202,2addd03b696a37c16ce4dfcab07f9c9f4732e82ffbf35592084d328b79b6ec78,studenti.polito.it,-65.0,25.0,24817060.0,2323979,AP-CORRIDOIO-AULEP,Student
05f09403642723faccd8cb2f3ae4f20f4a5569562f9c1835a08b70bcff7958d1,7b2e11f08cc64801a4ac7f66b5e75514b116f755281b255f1b894a90f69472b7,studenti.polito.it,-69.0,21.0,42570645.0,8918364,AP-DIATI0-01,Student
10bd35f4ed1b328ec9735117f1104094782088c242021c5358832d826757c137,47498379e8bde27f6d3c63f6d59a748a5b89e847fed3cfe189fd2aee455ff4e9,studenti.polito.it,-47.0,46.0,371330854.0,45750915,AP-AULASTUDIOR2-02,Student
3af33643da347cbb865fe61f7fc0e6091bfcc781880327ee9208365e0680a859,0e3c7927d134ed7c2c99b6bf57fa44f865ca7df82e1c5de54c163ce2f535e754,studenti.polito.it,-45.0,47.0,247510554.0,3546742,AP-CIT-EXCELID,Student
c4fa10959c62cfdf42d46975396c7cd0d133547685f2a16539df02c020ee71bc,1c4af3b1fb4b8ba21578afba8c24d5806c4616449142982b5512bd2e222a2f1e,studenti.polito.it,-63.0,27.0,1312696.0,254320,AP-DISMIC25,Student
7929df1d6e1f2e1c39e9d6f5a8c0f307659a7021e32fd5d00e608e846a2bdf99,,,,13.0,6472.0,761,AP-BOGGIO-SALASTUDIO-0,Unknown
d3d718bc4b085c997ca0f6950aa821fc41e2e2c7b1a3c28d9952fcceb7e3b8d8,399f0c3eedd3ae41512f65121e645d2642f7afd7e13523f46c5c003e12e07334,studenti.polito.it,-58.0,35.0,143774807.0,6076589,AP-AULA12-01,Student
10cd5003f5c94bf8c30ce73c89b92c8308bb91cde129e4612fe753573982ef7f,c392c90090914f9a237e6b40dd969f5cb4f7110ad58e4b1717466df541a00e76,studenti.polito.it,-71.0,20.0,14668088.0,2368999,AP-AULA23-TM-01,Student
13636ab1aa38c80288815b475fda9785c6aa6eac66bedfe115aa4368f4f96b9e,7569ca6539220c67af42086402f37c367839298e89560d904de48167be5062c1,polito.it,-68.0,25.0,569753144.0,159915062,AP-CIT-DET3-03,Staff
7b8ea7ef763b6cc4e7f02041b6b79df904ef3e782e211c9f1c005189e9dadf46,72c942ede311436eecef0041b529ae1f11c0eaadc5abb9c44f237c26fec6a650,polito.it,-64.0,27.0,106999136.0,16945675,AP-CIT-DET3-03,Staff
6732cb6b53d26e6d919fed673e878e0861c37641e8ece3fe67581b9b8a1b698a,c69d2cb6d3229056576bebb3d0e700ac31465953b0a481f4931a3b217c3c6e26,studenti.polito.it,-32.0,61.0,515867211.0,2084411,AP-BOGGIO-SALASTUDIO-0,Student
4b5f5f0b52cb28c9e98a9d61173afd7e54400f159a7cad56a8fa38e1d9c82513,a843e396654c8acf5bd72dfb82b6d975fda8efb39fb34d3462e71ac4fa1de273,studenti.polito.it,-61.0,31.0,2291962617.0,14579482,AP-LING-AULA206,Student
4f232004ba4505fa9634bb94280081f30f08a902d5091000ff09d6e1c3f03ace,cb63729d4d2e6ae8fd89fa29738b77565b32b5da9c1a21d71046426ec72e457c,polito.it,-49.0,38.0,3628082.0,1262068,AP-MIXTO-02,Staff
8897f8820949414b395e35513bba4c67b3b00eb0dee1614100c6859f4f5c3013,10c8741decbbe1482210ae3e9e440c9d0e680d0f28dd038cc64f35c3da80a8b9,studenti.polito.it,-75.0,19.0,154805085.0,6354189,AP-LING-AULA201,Student
cebbcea81812809cb4a77422bce61d2bc183fdfc280ffbbb34d9fd9300f2849f,162d48bd936c3b57a0b56cff072cdc4292115592206020e243f79b81e5c68130,studenti.polito.it,-60.0,35.0,15497874.0,1697644,AP-LING-AULA201,Student
9035c7a84545aeb7e34d4ecd98c6a8a2ff3cef88092a0d0cd39fad52104c5f02,5394301d7d64da8b566442f486b84485b9472f1d7bd081b5e47e58210eee94ed,studenti.polito.it,-61.0,29.0,514975575.0,11641159,AP-INGCINEMA-03,Student
6b97d4d87e9f4a45fe5a4b2f72b9ceb6818bbddf52a46282372ec240c89bb774,51d92cef5258217b47cb0280f894017796c9f22da42a6dc8565ce12bc7884984,studenti.polito.it,-57.0,36.0,487370017.0,77034951,AP-LAIB4-02,Student
f252b33367acd18f6acf5a6fe82dc01ea59c10bba12475ce4e22a1e4b62e0f83,1abc290f950ed3eaa8e1753ce266c4f52017588f41be0ddafd66f385f03da4b1,studenti.polito.it,-62.0,32.0,132818115.0,3129242,AP-CIT-DET2-03,Student
f5d8085db9d9a84c673796e5ab9d813f0acec10aa4714f53e8b2e5436c231809,6bebdfd9012c99f45dd756f960d029306efe74d6afa2a46cbb124c5e0661ce5b,studenti.polito.it,-51.0,38.0,3250499.0,3121503,AP-MIXTO-02,Student
800a3c4fdfa283707f3211003f87228492b984eb3620b8790cee650cc8e595f3,1a387ab9d8c3bc2d2e47960044086b0888b8c525ba5b7127632a4de224e7cfb2,studenti.polito.it,-57.0,36.0,203111.0,83407,AP-GESD2-05,Student
0ef1ce8b86bc2654432cc5cb5b333b66a68d55a926c7472bdd10e16f160f27b2,50c99c1336944553a60153cec3e8cc72c9f43a7d2adeefcccdff0a87d8fa00e2,studenti.polito.it,-52.0,40.0,210518161.0,12331619,AP-AULA03-02,Student
bc59a0fe030a673c09a872292e5daba26bc402621d8bee689f7c41d03b35f8d5,83f2635e3dc23380f8b166d0d886e87a22c96e5a8c3f9405d1ee22e55e056883,polito.it,-65.0,26.0,2639831.0,1408470,AP-AULA4T-01,Staff
746e95c480be16a77752a72e64b07da10937ab54c8fd02a44b683d647100bdae,731a243ddead56ce8900b113b35e91555b52089e1837b208244ecd2b29befc4c,studenti.polito.it,-50.0,47.0,4808155.0,151233519,AP-AULA05-03,Student
7ce4534aefcb058f242b4ea9b788cdab44f08e379c3bb73196f7deac732754af,449c41c9ecb882e9219663c1ffbcc44f09816516aa60a6def5a1d8f84d18011d,studenti.polito.it,-69.0,23.0,12833054.0,167212098,AP-VALE-MOLLINO-01,Student
c5f3740d30f19b28ab5707ed7cedd0d68764381075d933dc8b13a7fae545e70b,c0a940e3af5b5a19ba77b0011e09a47ae0d06fc4214dd9435a5f20048bddf45e,studenti.polito.it,-65.0,29.0,7050206.0,3162907,AP-BIBLIOMAT-01,Student
b5fde12fe4afaa1d87bf40602d99cbb9a01026f4196f35b3c033c58f8e4f92c7,c27077dcc1bbf3919fe6218a8562d8642a97bdedcb8889c30bc14b31c7c24f4a,studenti.polito.it,-49.0,39.0,341590785.0,6270596,AP-VALE-BCA-01,Student
8976653055228ad94f6618835dbab96d70287a5860ead4b145f56c85c27c9290,7a3bb6a1d4d456113b13b4e32a724098f36b4370188795a788c768a95770af55,studenti.polito.it,-46.0,47.0,161191976.0,196704192,AP-AULA12-02,Student
92da3673760dfdd052bebadf12f1b0561f2f64b3d2018bf3a9292652cfeec18c,107a98edf4f3abdd24dee275170e5c6a35dcb001c2aae3cdad0e864daa923cf0,studenti.polito.it,-79.0,13.0,45027.0,25749,AP-FRONTE-AULA12,Student
6653a587698e0a43c91772de2e3ef00320c5589f047b19b6817cf543be4f9c87,a99073e2a4ce78e7f967a98c48092b28d02098dc2899d030461e2264f0e3030e,studenti.polito.it,-62.0,36.0,18808868.0,0,AP-CORTILE-04,Student
faa51720c9db8917e6672bbbbdbb3ec14dec2c590d77857377cc377b7fe679f5,e6dbc7f59f52febf34c0f73aa317d2a50e86134880e817dbf79175fa013ba2cb,polito.it,-56.0,35.0,4488612410.0,806174400,AP-CIT-DAUIN2-02,Staff
38486e07127459f1a3ca65cd7b2894be211e0bb438e47c5825b6b986f6b93daf,c846dd1da81a552c6490b7b26492424464eb8fe4b5895cd450e0f0f18439a664,studenti.polito.it,-53.0,41.0,1950538138.0,5517201255,AP-CIT-EXCELID,Student
240999c9aee698eb91c99e38bdafdd589a6d7eb7c455dc00034ba9dfe763e80a,,,,25.0,20201.0,2715,AP-VALE-AULA10V,Unknown
52d9d0d6140505802780a90875537ce74e934f976a17c57cf0da9b0c7ce34254,a0fb6a8de9a724d6fdcbb0366d4dc8407e698c1ce5d6f81c8c134c2d7cde9189,studenti.polito.it,-60.0,31.0,22415931.0,774180,AP-BCI-ST-10,Student
ed45be4be5665b97819fabde1ba0c36da0d488b68a9e9172649c3ea9f3826659,885bbc9840e50c6dad280c4adde1db1932572cff17985f0fa903d0ed4ae6d56e,studenti.polito.it,-66.0,24.0,562215.0,111777,AP-ENERGY-LAB01,Student
4164b6b8b0560949af138e424e791fdb3f959ff85eca982409ffe07db4c5886e,8a838c4f938e8bbc828af0058aeea017c904165ba5928f327578edfa5938b6f7,studenti.polito.it,-52.0,44.0,11129115.0,3048950,AP-BCI-ST-09,Student
61b67806587c79d833b6e88656e356831e1b73b79c3a89424437db9881d06c39,b16e6ec59993bb8f3bb121c1a9ac743c6cce8eb06bacd7d445ebf096168e8d37,studenti.polito.it,-53.0,39.0,1751442.0,983786,AP-LING-AULA211,Student
95d7e4cdc93d2973685b3a7c77a50592953b2aa07ba3c7a9d42af739bf70546f,efc19b5667f7c10ca6cecfe68805d351835cefbd9a3aa4b934cf08bbc4bf034d,polito.it,-58.0,36.0,7729336.0,576936,AP-VALE-DIST-02,Staff
b1908fb4d05fdef205c955372bdf4d877a8af5944c3c4a2801219177c9680327,0b252ed12cbb72297504168ffc2b1a0bc204bd067ae31bc4f0c711dac1234d59,studenti.polito.it,-51.0,42.0,48019431.0,4775101,AP-SETTE-AULA14AM,Student
c87ad007fc0fe5cc8a7da3386e40de7c2db2d6153af3c78c03582bfb3b77c3ee,dd6863f80cb63e7f31e5c8f16a341e57f35dd8658126269842ecc79d4de5b27f,studenti.polito.it,-82.0,11.0,6759114.0,1341070,AP-DISMIC04,Student
ce6018029fca8877dd459bdae55b0f29d46c687e7d76388327dfe5fba659db2a,e996d56c77766e2fb92efcc4f136ba55f710b51d1a5c0c6b1e23a32f2fdc2d79,studenti.polito.it,-55.0,38.0,30314828.0,3543245,AP-SETTE-LAIB1S,Student
08a7c946ea2ffb32a2c14af52bc2c9dc695f755e39774440cfdf24039358da40,ac77f2c9c7cf3a42eb9c8a9caca08a0caf8a5d561b1ad1fcc5f0951fc00c7c59,polito.it,-62.0,28.0,646106097.0,21336569,AP-ENERGY-04,Staff
248c46256530d7892c1f254bd27d5e24c48946b1cada18cb64c01d4c333be1d8,232c81d2f58c2bdddb1000c722782962ee28b6c49588028f950fd136fc01914c,studenti.polito.it,-52.0,42.0,7731001.0,1190290,AP-AULA1I-03,Student
5b156baeaeb1a605b8fac4fc26ba71f088c5b9957ae5e7f372d2a0696fcb88de,d1a392c8746ecdde6347c3965ad49ae43337343211af55a5c06488f951f42f05,polito.it,-62.0,31.0,625461.0,782448,AP-DENER06,Staff
e6d2295212402472ff6b086988c63f44466286bcc71cba52bc3741dd4fa6b124,b971d132e70caa517e85c5198cff2d75305b9cb4eee31e33c21eacdaf6c3f583,studenti.polito.it,-49.0,44.0,23639356.0,303958987,AP-BCI-TZ-01,Student
18e70bb2cdcf381db30a47fc498b2c1da81dd6c4f48df6f27c2f9097f10f4e60,39856dd281a4cf8f016104da57f15351d97b9f6d0c028090ffc64e350e23d777,studenti.polito.it,-66.0,27.0,3615428.0,280275,AP-AULA3I-03,Student
f9da363ddffc616bd2670269c589b034b2fd24779593294b201059d11d8f2913,dfd0317ce22465e6821b425131ffac5c6997c506651426498906bcb324890fca,studenti.polito.it,-45.0,46.0,12464512.0,1168657,AP-AULA9S-01,Student
76bd3329ec30cf593cb2a0d9c5c6a6e7378f6fecc9c99188b0500cc026c0a3f0,47542c820c14312b8ee30ed78f83bf53d3431e7746eb23f104dd8c261a3e4187,studenti.polito.it,-42.0,50.0,334852.0,158680,AP-BCI-08,Student
a8922c7ed1229bcfd7d644bd9a1e52c355243e015c462b8909d74c88450ea7df,0906f3883ac35e3e6aab8bf2a5f03a0bbb0da51ed02583d0f4a1130101eb45e8,studenti.polito.it,-55.0,40.0,43769214.0,7593574,AP-SETTE-AULA14AM,Student
9b285368e8497746ab7d72238010158181c9da3baf24839daae9c9b8e3f76711,67f204c0a32cfb25958543b0330ace71bb4805fa38898fdfb13862ae8905bc3d,studenti.polito.it,-46.0,46.0,2603866.0,733778,AP-AULAR1-03,Student
ec772faafd873c81d6d72edec473768312de2129fadc3d9fc31f022885cfe515,356e442e2829284ba269a47641623ff5572e86d68aa7de297157c8da0ff93c05,studenti.polito.it,-82.0,11.0,3186554.0,2439917,AP-CIT-DET2-01,Student
192bb007ed878467bc1a98125e11345391a73e84a887d05700a655216ade8c0c,23d16af78de7f27575269c39cb422f14f6a190bd2da25136d1e669647036e6fb,studenti.polito.it,-55.0,41.0,47384154.0,47761305,AP-AULA2M-04,Student
bcb54498d8c8db89f706467bb484d81758010b718806434627e9b5a01bf38b8c,cffd884b44befc120d14b292699a1355665451962178b2818a0ebd87e3ecc7c0,studenti.polito.it,-51.0,41.0,30544602.0,11958206,AP-VALE-BCA-04,Student
b2cd9dc6ab21eea5baa4e81465a585ce23f96e489e4f616df01c8533d2d5f9db,f3c4848c3785c44717f2bc5d3510c8b555f66783df96b4231fdf9d48a7e97155,studenti.polito.it,-42.0,47.0,195629985.0,8278874,AP-MIXTO-02,Student
a8d84d4d1938bdd5110609c2fe84831284071d5c711735e0c32b45c3fe812b9c,755c636d613d6de0366bf0d912eaa41b29577f90b4c188331ad7cf9c586ecdd2,studenti.polito.it,-73.0,14.0,20735217.0,6816553,AP-OA,Student
7630bff0ed29c43b0d194ddf12bbc862b61bc007f6a404d9aca94e928c39a481,5d8fc5b33f486d19e89649b8c9461e0cdb5531d9acc5bd396df2a17190b1b69a,studenti.polito.it,-52.0,37.0,54692978.0,4282443,AP-AULASTUDIOR1-01,Student
595ff191b11e2c6dcd8753fa76d56002d5f3f4fe091ce4966dd0d3ef5db7d336,5a1c11e35bb4e69d4a75aaa67cd078e01b9007d8da62457947ae5cbfd297fb68,studenti.polito.it,-48.0,25.0,19423634.0,1719651,AP-MIXTO-04,Student
cecd839abeb505353a4a6326b03a7259aab9f4d156324a309ee1e13632a55eed,,,,,0.0,0,AP-CIT-LABINF-02,Unknown
d5f822ae453bed41f2fbede843d792a3f41ac3ea9eb74d7c18ae3e7d6d6adeb2,ef0d540953269f390a60a4674b7d0bbabd06a7c2ce784cae4096aaebd1093b61,studenti.polito.it,-63.0,28.0,11620835.0,3003633,AP-VALE-AULA10V,Student
31aad555516550c1464865228860c41a629e6d6f3aa7fe121b38cb58ee816ed6,5a55a7492acf7a8a909d93c04a99e4609ca6e0233bd8402634b6aaff83a6f4b9,studenti.polito.it,-55.0,39.0,91308.0,11934,AP-CORTILE-04,Student
9808b27019517aeccf3154ffa411fc07db8d17d300e8b72e5e6df37bc4f1f335,878f25a4ad1cb1737acb7b184af86061eceb8fee4142ac3fd85ca8aa85ef488d,studenti.polito.it,-40.0,50.0,9654829.0,4394455,AP-AULASTUDIOR1-01,Student
11a5f524a535ac241d1f8cbb3dbc3eba3975e14ea79352de1c09ee0b611032fa,cffc976866ffd395ee92d3f949592ef4bf3238b0d13b452ccec37871be956b09,studenti.polito.it,-53.0,40.0,3211198.0,98174421,AP-AULA7T-01,Student
ed9ad79d58a65e03deebfef5c2ff2169508b24d43782a95b7cfdbb78b32bd01a,c9fef08a5bbfbc35ee9e43aa652224ee56e0eeaa763adaab6226a92f7b6de82b,polito.it,-41.0,53.0,8271486.0,3440445,AP-AULA4-02,Staff
7dd66846fb84a3be6e6b1a66a1a4b0ee16ac4b21bede03ce5d30ee887fc69345,d850d2bde55f61f5ebf06dc2cb83b033a4492ea9d792f9b550db2b0a3d197e97,studenti.polito.it,-60.0,31.0,77872139.0,2812222,AP-SETTE-SALASTUDIOE,Student
c7436083287fd78caed4e4d127de3f5ba4e91ec8a94c1ba8339a25a59b904b2c,78baba25669f462f229ab49ff6a951f2030b8782f6fbde3f331211b2a98a5eeb,studenti.polito.it,-86.0,4.0,634654742.0,451395750,AP-DISMIC04,Student
207e4c15813bea652c40fa67442d6017bdad03afcf9f234a11769aea840a38db,a4ea4d1fe23d4c8779e80f19a2c6e09bc181dd15a80f9efd012d6ac9f73ee955,studenti.polito.it,-44.0,48.0,76133644.0,3846652,AP-VALE-BCA-01,Student
bfbf8fbaec781b51f49b0f51b02b8efb1c5c8d7f8e9326bcb053395d843c63bb,b4de3969c6a304754c6ff92be8a508313d95fdea51fdd6c0259594abdb00365a,etu.univ-lorraine.fr,-70.0,24.0,135780794.0,6700789,AP-AULA4I-01,External
16604fe39d67b190a44425c866b758e102e63d8034299576f704435970066500,12644ff458f18eb9303ad5ae9e3fa191ee7f5292ce0c9f8ec2d6815fb4549e0b,studenti.polito.it,-73.0,22.0,1397222.0,10915025,AP-AULA10,Student
e187f7dac6835b16fb8544d4557c3e64b50c6e624d533d5f5d8753bbb4ce6c9c,3d5eec0cd18f713b76b4bae48078a7c44188ad79511c9636d1fa5d28c9df5df7,studenti.polito.it,-61.0,33.0,1075664.0,590636,AP-EXREALEMUTUA-R2A-P0,Student
e8775e2a54754007b07b60a3f4223b1aaba6cdecb9fe4fde51be7d247772aadb,87c4fa4e635af27aaffad9c8b77b8b6c37886c66d378ac65ab19c71e9a5dcd4e,studenti.polito.it,-47.0,51.0,80279817.0,912322538,AP-AULA08-02,Student
6de070f2024263544aff8abfc03b32c282f8d806805b1d375d8f12d89f551caf,4b0d287fc2ee117867b3e3fb9567f639aeb5f542d1d2434414dee833219bae4c,studenti.polito.it,-54.0,37.0,1132132290.0,23283092,AP-LING-AULA300-1,Student
39e399583b47ea4c1afb80c4aefe6165534f794767ee9a2ab3fb2c8a0d508ac3,c329cd01f2d98e4e4bcaddc065fd0b504998fe065f10996fe827b960a3c5de3f,studenti.polito.it,-57.0,35.0,145401359.0,6329267,AP-INGCINEMA-01,Student
17125d509c30da448e254c47fc52a7ae6715094014cf24f0ee6b3a8b6f0f8d4e,8545f234c35cc67fb33dce7ffac0ee1402bb23213424ca9f90d2b8154abce8f7,studenti.polito.it,-60.0,33.0,23746353.0,714610,AP-CIT-DET3-02,Student
2bf064507a3c214a50659739902a1f58b916e782515df0d0f49ce94d4520ccd0,876c5a566b012fb3e2f22742d4135dd971a831ad842d6ca0ed9746977a91100e,studenti.polito.it,-45.0,47.0,12212803.0,3802566,AP-LAIB2B-02,Student
e6143f29ddf093273f764adb92121e310917466f3308cb655dfe696ff5bd4e4a,d1dd3361c2023c1c8ffcd60037498af9557f54bae70a1a46d535eff743c52d7e,studenti.polito.it,-64.0,30.0,2512319.0,180322,AP-AULA9I-01,Student
4b1ad8594d746fe674502b17ce69afbaa194ac83dc74d960d06562eb8e090db4,d12d9744d3cd09b2a2672c9c98ee3ca39b36d848e08f6e507cab59d892290740,studenti.polito.it,-82.0,9.0,143456614.0,4156700,AP-GESD1-02,Student
d9f2e385b7d265d5cede93df74c61995b279bf1d9690c45c7bc006e59438290d,052423149e6555d7209c1d8bb1de72cfc2a5ed94d459b270566474bff1ff606d,ntnu.no,-48.0,46.0,511016.0,332842,AP-AULA12I-01,External
a3ed5743d18cbff37624b589a93faf8573f719d7a1f4c6daf80ac5f121a8335d,d9159c144acf97cc465ff077fafa51081f4d948e2ac96566031024e55163be05,studenti.polito.it,-57.0,26.0,1124860.0,615183,AP-CIT-LABINF-01,Student
871d27635d7584d9b4c40d091f9e5fdc023799ca46d2bd6be1586c83feed4ab3,b3359eae3da90d24cae78bb6ede7332c549d12eb0a41f074cf4d90a0ea57cd82,studenti.polito.it,-87.0,6.0,4473191.0,92323561,AP-BARDENISE-1E-01,Student
a33d5875f4ceec2c415337d737e35c86cbbc26726d745619d253e871ef4d68ec,f44156fd826303c2ba7b880f810156059289a735f7e74952b3e4861653bd896e,studenti.polito.it,-45.0,50.0,198444127.0,19110592,AP-BCI-05,Student
d95960ec7e6c968282a05eaf6f2ff05f8d4c36156dd14c13cb9d7a63da4db767,370a570bc1cab2258d564468c917c825f522903b85ddc07321e840b3269efd59,studenti.polito.it,-47.0,46.0,747425182.0,24372748,AP-AULA4C-01,Student
fdbb11ada35d83d0431b54202b5156db254d5adc74ed7b402277f740fe3ef577,33e4076ea0899792d4475757f926327c57a20c0d22af781185935e590ed22dfb,studenti.polito.it,-69.0,27.0,27004083.0,2253042,AP-CORTILE-05,Student
1f5f5c6d26896d8cb2fb76acc41e7e24c94c5be9e8405c44179613411e6e6680,cf4a832b8170b4687955cc61537e944e71ead813bab7422319e44e666f09d2a2,studenti.polito.it,-49.0,45.0,6192208.0,1588690,AP-AULAR4B-02,Student
0e85af9c154b9b463d72013fb4c061e80cad18a7289015a37eb0ca517ef205a2,8c4fa4c4e11b13c0ff02384678142a92fd615612774f64d2be674a96a19d2248,studenti.polito.it,-55.0,38.0,74710847.0,27591047,AP-AULA4C-01,Student
18133cd3c9abc71f496e7495c75b630c4cdf947a1ff91da3f4e4ab588d8e43a6,9134566800426d5ba370aa3ced5a1772cb91080be6918a60838ade8676de29e9,studenti.polito.it,-56.0,34.0,757139.0,3253473,AP-AULA5M-01,Student
908a1d5d10c996f034c122f9a88b92f1b6b2cc6d67a337b2ee568688bdc31798,187171af480dd92767b6842db1003c441ffd1fbc20bf215b045de501c8bf0cc1,polito.it,-46.0,37.0,66763798.0,4964554,AP-LISIN01,Staff
6f6fb1fde5b0a8b465bc4c23e0b44fb8bc0fff862628e497a4bd678c50e2d310,2a4b165ff40278a172f5930da94594686c74b61a657a0f8109f1dc626b422fd3,studenti.polito.it,-55.0,38.0,2037841.0,43227306,AP-AULA01-02,Student
d11956ec63a0dbc08c6e7ed25df47edc4261ad11ca0f9ed1647fe874b68bbae9,c67730eea4e898fae57d9772e5ad537576aa77e3904705919f554242f8b5ebf3,studenti.polito.it,-74.0,19.0,75450126.0,7220673,AP-AULA4-03,Student
f43337999618bcf0e9a7a2e3d602747b8cc7dc0035f4f79afedb799336bfde13,e7ccd68f48dc492ec69d7f2b7c2fe0f17dca474d04d490c6d209e4eb042fd5e0,studenti.polito.it,-57.0,32.0,158408619.0,74555316,AP-VALE-BCA-04,Student
2fb1719d832cdca8283feac8aa61d43ac496c5d9ea960d0fc7c77eb745a5dde7,8d1a2b6e4825f33a60437a3dee6e89e57dbe429e724010fca697f8fe57dfd538,studenti.polito.it,-68.0,25.0,428020.0,233907,AP-AULA4T-03,Student
3abcef7240cdf9d95df52b5b97b82cc2725fec68fa982dd9797ef8456672effc,ff172dbbab58e029d41deec9ab106ed0ff3fd14c68408d54cdb3018eab2fbcc8,studenti.polito.it,-56.0,39.0,87188358.0,13916477,AP-SETTE-LAIB2S,Student
5b2b851dcf4046710954e02717e32116dc7f110813c48b263a23d00b54dfd322,9107a8d55ebae8fb5c547f5700fca1c19c545f9f645151746f4aa8f7abcc44a1,polito.it,-79.0,12.0,35973868.0,28553782,AP-DELET01,Staff
c4ee3a183e3dd6031e640ef2071cc1ef4ccca72b146424d1b84da94ed76ffe91,28ccbe177c663d29f748af8ba1d2d5ae9f30b23dcc257b994d167618e2236c70,studenti.polito.it,-52.0,43.0,93418320.0,4698596,AP-AULA4-02,Student
01b4f0e41322981fe8684e9e1dd363c1a400e82b44d74f909a0c1f9796b8ada3,4499f3d6cdcb3b0971e831ce9a4d4331c45fa90b8e70cbc360a82a776fc5e7fc,studenti.polito.it,-52.0,43.0,789362.0,494312,AP-SETTE-LAIB2S,Student
3e5e693971387b1bca8c403940167e2c9e39f9336ff4e0c04503fbaa5fa1d9bd,883b1bf100f8568c02b780d8baa26ff85787dde4a619eb308a1e8d47f4c5c087,studenti.polito.it,-45.0,47.0,33530427.0,3421739,AP-AULAR4-03,Student
993d4a039399ee72edf1ce1edf541e384d798ed130f9d870df0dcc1cab087672,2312029e9ebe74f7a4ea1ad59a9a9c998bf26517d56939d0a6b89087f4b45d19,studenti.polito.it,-53.0,41.0,92705.0,97275,AP-AULA3I-01,Student
9460bfa5f28c04e3c5de619e98269dd04ad3db6a8fa8fd9c3f64ec342b768ee7,2a213abac3ac7719ec7e24415313b70497ad60f919216cbb870c71a9e01ba0d2,studenti.polito.it,-49.0,46.0,128939869.0,37036541,AP-AULA03-04,Student
096629f21860eb4fe0efb3e4de0cc9273e170986bdd84d0c55816cef8495e30c,8ed6ad164d01c51dba210f4f957f18c9e52a37856a553d4dafdffb89d2aeb6c1,polito.it,-58.0,37.0,10996205.0,4058608,AP-DELEN-2G-08,Staff
d792e9d2a35f60aaa76bc3afd5448c76b28d83600c1401cc88d6a07bfde486ac,,,,37.0,0.0,0,AP-AULA2I-01,Unknown
c3349c3d4474c630b015f6cb2fd7097382614d6adf95911a2b2827958dc7668c,cc18840001ccf5f4d86e4e1b5e5f49b15cd2e89445f32e3e9a2f355d719ab2c6,studenti.polito.it,-57.0,32.0,55052387.0,3891669,AP-AULA4-04,Student
299da9d03e9c956bb7497dd9e798cc91cb3195fa50c176b0a46e4cf510817568,4651a321da53459c2b6ecb7a642c188f69378c459c9a66bbd4c81106e055f501,studenti.polito.it,-87.0,9.0,642494586.0,34508643,AP-CORRIDOIOAULER-02,Student
9488d0270b9a57070b0863957f5e6442cce1824fabb60c0b7e905b95e58b3e11,b842ecc5ee18f543c61d31831cb3b01b87f5ed6724a525a6f52b14c12d3dac6d,polito.it,-52.0,29.0,6607369.0,1556197,AP-DISPEA07,Staff
8a3697d96284ca8d243f5e381d6001f95d290bfc851482df3ce0086becfd82b0,2d2abebf3b39e720305d6926a14a802242acad99af730e95a9be87662d32d73c,studenti.polito.it,-56.0,37.0,25551024.0,3310990,AP-SETTE-AULA14AM,Student
950fd9df162e46a73bff4bb30332cc593bd2b6147fa127f1fceddb1a59f2ba13,56214bfc6107d82c8d0bb8b14b6bc20d26e3abb10aa474ae2499571b56e23217,studenti.polito.it,-46.0,50.0,0.0,0,AP-CORTILE-01,Student
5cc09b368dc66ad9cdda282cab503664bf8ba2f50322e0ccfd28b4050917d7f1,28be84b9f754cbf4650a9b7ebbe7756fe5b05085d50da24730cee4b6e63b2608,studenti.polito.it,-49.0,38.0,6908557.0,50768757,AP-LAIB1B,Student
7315bbf6d740c2394fe14807a5add832227fd829c925b3e75c100e7a22cd3416,29b64b6b5328bb339e70ddcc2fb1d9e34bcaa979d511ed501def1adf8c9692fc,studenti.polito.it,-39.0,49.0,49011105.0,3369055,AP-AULA4C-02,Student
35ec4b3b38c9bae9caaefe7b8a3accc5451cc4c4c28c552b550908d6232e37f3,164722cbe269698f0955fe4f98141c38961897a5b3ea3e50f70eb81c70d5f170,studenti.polito.it,-54.0,42.0,5768584.0,864057,AP-AULA01-05,Student
af9a75c2c59cafb17fcaa4471b0ceaea24711f0d54eaa1d69f7841c86bc91016,1349b0691f7fea7c1d1907a92fdedb5b3749d10b0a380359fafbc2adcaaaab22,polito.it,-51.0,40.0,669326.0,404650,AP-ENERGY-EC1A-01,Staff
2626d94c1fd92df279ba9ddf20a3d9ac8dc1645e01d9a9f7d4a7553ec4781caf,b9a6f1be653e41764e10ef1a473207fba90e04dd2c5bf9d8fb45f0db7fc1c19c,studenti.polito.it,-45.0,51.0,77538.0,33066,AP-AULA16-02,Student
b49bef215373cf107f01fb2e87e19006a84864f0a8db18075188e90736c5c112,7d9495d167ac1fe19f90a8679b7e0dee8f3a9b6467e5ee67de0469290e1ef3df,polito.it,-75.0,20.0,22912986.0,2551437,AP-AULA2T-03,Staff
787530c2268ec08602e9f97d15b193700c33acd82463d1ae67ae12d4eeb76921,0c25a6efead76681336a4891747ce7c10b4a1008d2502df47f74c592e150750c,studenti.polito.it,-46.0,49.0,65793702.0,10568993,AP-LAIB3D-02,Student
58f28684deb2227103f30a6c4cf4dab2ad3325bd0f8dcffb8bba941fc1bc6078,56cac5797afde01e4c97cf319b8ae0dac6dfa3c9a5946657d35466d4f306be18,studenti.polito.it,-54.0,38.0,324660031.0,11053571,AP-LAIB3-01,Student
8b7ddeaad82ef7c8de5d0da86cd66b2fdf2fa6527f36045b7670df8e15d8d28d,2088af267e7a43c80bf13723a29c07ff764a98b59cccafe41a34ede869bd3971,studenti.polito.it,-60.0,25.0,421316.0,241034,AP-INGCINEMA-02,Student
936ffebc1e339da0510f88079e53864dc9a5eaac1ed6ba06394b774f07586ade,c638d0e689fd202bdf48742b96500a038c6a8d27a80efa1b472f8bf1736c0752,studenti.polito.it,-47.0,46.0,154339932.0,1122755,AP-AULA05-03,Student
11c8a5f71dee9855a60a4249000e7fd1e8597bf72429b61b85ecb4a6d2830523,5ee3d7ca3a8ed46cc986f114889e3712c7c3a4109f682fbacddb4518fe45c85c,studenti.polito.it,-41.0,54.0,1476250.0,3275364,AP-AULA01-05,Student
660a5b46f72c2b99fe06018dcdd1a4b3d6dcc3b17060a2abf564859967436320,ce314c3a7560ebe3c2abb4cc2d83eea1a4eb38ca0adace977cc2adcdba5ffe2c,polito.it,-58.0,37.0,618090943.0,15494566,AP-AULA08-01,Staff
ddda2b3e29e89fc9e3b1dee346f0bd95de798455cc0250e340527e4716c90275,a728b5180a0c13ae7bef2e3e844a46d549c7d680e4cefb6f35d24062c2ce337e,studenti.polito.it,-74.0,16.0,57644962.0,4692151,AP-LING-RECEPTION,Student
3f1f8dc7d7be0890f341832769eeebe402c36d5b18e9d327239e754fd217fdd2,61b01567598f47abb5d3bc9129d00b850a71149c602baa62e47d3f8c1ec146ed,studenti.polito.it,-51.0,39.0,6598120.0,904901,AP-AULA2-03,Student
b0d21727a830c13c84e725b3b90b74a765ef56129fa79d50082876219f73dfb0,453d801a546cc2f3e81c157dfd1008310c031d23d0dbc17b105af28638774446,polito.it,-55.0,40.0,15639486.0,2465451,AP-CIT-DET4-05,Staff
3f1bc2fc89cea3ea1a3440c3f77df692e3069db05a6e851a7f570f83053ac042,620843a3ae84c3b257795a708180d09290b7efaad469cae3d93d58823a6bbe50,studenti.polito.it,-62.0,31.0,69423810.0,4664905,AP-LAIB5,Student
a821edc31f49dc5376324a480e4d5ec0537690771f65a280873cc4964f28b8ee,0d4214c13904395baae5344ce5e8906dbc1ba7d074dcd38aaafc51524344befa,studenti.polito.it,-76.0,21.0,3325533.0,7797543,AP-MIND4LAB-SN-XS01-03,Student
830973ee4542f9b617c460493210e65b78ea38ea7bcc3e51ace7b1714c80c7a4,d82449c7e9e831554772d4b1b5780d927bcf246d911c7d72ae6da1678597925a,studenti.polito.it,-84.0,6.0,56578.0,49528,AP-AULA10,Student
92bcb5e4b2bba9a43971cc20014d34c6de10044b4d4065c2403f7093d9800e60,d802744e199befbf7cd1c7590ef71c9c0e5e0aa661c3a3b3f24053e550e7e150,studenti.polito.it,-52.0,42.0,6117600.0,1383626,AP-AULA01-05,Student
b378b5582562cb67ae8b9f276a1720dc9b926c0ed3c47190ebd56a603ffeee07,8c632a13aa3ea46e8d42e5376fa58d74f13bfc05b1211a31dcd22c24e9298d33,studenti.polito.it,-64.0,30.0,683654.0,362509,AP-AULA3I-02,Student
39bac4df0628acc7ec7ba1c2ba9f6d571675a6ede4b831173b3907f7ed27de17,1117c32380d594e0995bfc07c976a212fda10d447364a575c9b28d2ff420511a,studenti.polito.it,-58.0,17.0,1738058.0,294987,AP-FRONTE-AULA12,Student
1da426e098b39f23b1b9ec1a4177b694f7f0af1f437330f5436cf60962771fdc,92a5000ff774905a0c05eed801c473ff4ca6aad1574bd1c1dd1ea5621d4ec73a,polito.it,-74.0,16.0,69372655.0,2490810,AP-DISET-1E-03,Staff
37e2931b224cf1c053f2ab29bf5c5c4e490b78553070bd643371e45fd1482ddc,9e2529ed1a7d6143088966ef962feca5fe25f383c861f98c203ac7e4e29188d1,studenti.polito.it,-42.0,53.0,814801719.0,140539630,AP-BCI-TZ-03,Student
0fc40febdbb61f56604c0ea6028f438dd0e34a5ec2750350c309cf5d3b089c38,27d522ff714c95033da530a81ba646e5497d1f9f2b4229e38b4ff6874f516b5b,studenti.polito.it,-65.0,28.0,538727308.0,14103725,AP-AULA4VM-01,Student
421279d6dee42be893d1652ffaf711405fcef3735e3ada181327a8aceae65d68,70c7f74faf67153c4267820977d4e082ee7bc85072ca46fe99d53b7de661ae1f,studenti.polito.it,-33.0,55.0,853016.0,637182,AP-LING-AULA201,Student
17abcb5bb9663eb747d88c8a399288761e828a7dafb75a76705cfb6ba43cbb03,60f72e37fb36829d5cda542f5cc8a08470718367c8a1a22aa021b03caf72de67,studenti.polito.it,-57.0,38.0,1998459.0,839609,AP-AULA10,Student
52c2e70b8bbb645c96e947685f8e8ae33c9877beb470ce0f366f95df1d26f7e2,217e8c2a03a45d77edb006577f9c06ba87d2e2e059b920eaeaf3673e06201b5e,studenti.polito.it,-78.0,11.0,36963014.0,7151093,AP-GESD2-02,Student
2ab864d4c751b27b6793a64476bf5445da3370c31a457fa49e4a9944f2e38269,07464945f823d3c49a089b8c802db6febab65b12163593f9d1444f36c6d2352f,studenti.polito.it,-53.0,41.0,101990529.0,13339364,AP-LING-AULA305,Student
449136178c7029160d3b4039674d5d6cae5c539be1dde0d768d0e7295a4ba1d1,c496fad702c2026b2b6a91b101fbb63ac98ef9e70daa66b085bdbf24e28733c6,unifi.it,-55.0,22.0,709388095.0,21098401,AP-CIT-LABINF-01,External
6fe8acfe9cd1214d37d6f090234d760cee77d591a1081a8204244c4e47439d20,78c18351eeb7e45ff6093c097d1844452f26303ea27400c2d3b7436e930189a5,studenti.polito.it,-57.0,34.0,16368554.0,8569944,AP-AULA1S-02,Student
520fc4f6485b862056e84d44d17ef484b083587f0ef4e21cace0daad74e6b8f0,bb71be3ae76dad77a0415c18203fa2e24ff053b5acb8dc2bad789927e3c4a7d4,polito.guest,-49.0,42.0,425501352.0,132141059,AP-SETTE-LAIB3S,Guest
b7886cc6f707e5d0231ecc593b0195614d9665c2976498546e76fdc71b5f1141,585ba80c1793b3c10b3a77c3154ab8d0be0a912879030e9d376f4c339313efc6,polito.it,-62.0,34.0,260892.0,204941,AP-CIT-DET3-01,Staff
8d5bca719963da6acda45e9c86d1f9076df5c892aca9f7395fe75f372acd85a4,8335c3d2d00fc585b331055f5e7b160d94e989e2e89958fdf2ab676f8a716fda,studenti.polito.it,-52.0,39.0,249733.0,926144,AP-AULA03-02,Student
e9b007a6234e009a9e21859acb78d332ffe916bd778f7f88fefd056af065896c,4548035847562e69045ef4654fc714d0dffedbd639238237dea1dedd46ed3df7,studenti.polito.it,-65.0,30.0,745799775.0,1460143370,AP-BCI-05,Student
0ee75c0fcd21647b4b98cf7acb976560ed40754ca73e67793b1626b60f6d9322,ef221d199ebb2056262220486d6ec8201c8ea2f0d06e15f282dffe77238b12bc,polito.guest,-62.0,31.0,253674459.0,83503701,AP-CIT-DET4-02,Guest
d4ec9e51755341f4046cea3489ca7040ddb7eac2aac6bd25cb726373c585a7ac,fab13fa037b02004c91d9369c145d00ec7698a08b1d05cec384f01f97683ad45,studenti.polito.it,-70.0,24.0,29757988.0,375562461,AP-LING-AULA206,Student
363728967d38a594fe5ebec316ffb53160f9ce0558260e04b9d5acf7bdc18046,fe84652fbc2e6357aea07ab52b5c6d5b111eb2863741f53e5f8c119e9b98d859,studenti.polito.it,-50.0,41.0,503919397.0,950018384,AP-COV-C3B-XP03-08,Student
85e1d75972434f06e0bd6b5b394bd0fb9ff9218851edd3b3e22b62b2b79d394e,c0aa1d46c484cab24f43a1e29c22784b4b72aa9a80127b5a63389045ce4a416c,polito.it,-55.0,37.0,352149422.0,56682646,AP-DICHI-3O-P3-01,Staff
eb3b48b6da09137d2448eabb0f0e520676b79dca954a542cf22ac652ab83c778,b17cb3554d7fccc3182dd2aa5bd1e5715f0e49e49c9b601bb54e12104bc0486b,studenti.polito.it,-53.0,39.0,27406350.0,2187558,AP-AULA4T-02,Student
8a7a7664b37fc4d7467fec7ba7c6dd64acaea07043a2cffde7e122dee9ed2454,93ee8931524c5939dfcb7dc2d79cb7a0feb38509cb624f44cd3eb9e4134b574d,studenti.polito.it,-44.0,49.0,865242256.0,20279128,AP-SALASTUDIO4-02,Student
5a9ff3ad584ba3e84221222427f6bbce47b801ebf51bc2f2c424004a2404ba15,356eec7ec5dade3ad5ece38cca5cae41df90e2aadc2b1e80d2b13b98b5ffb6ad,studenti.polito.it,-50.0,46.0,45857341.0,8033202,AP-AULA27-03,Student
26fa5c442291ec280ddba9795a4a12f72eaab08862c93da8985906e3761da04c,41ce9604c1cb3489d40b6884ce7a601af5a32eb285a1c7cca55fcbeaa028a3fe,studenti.polito.it,-48.0,46.0,8062.0,5126,AP-BCI-05,Student
8e0337533f85e1b8ac42808d625b6566e48cd7e65b483ac9c87b82a76ad11d10,57ec7b6e4091bbfd4f4624632271f0a42ded9520efe64c71c6871626e9a7a6b5,studenti.polito.it,-52.0,42.0,51770175.0,4873942,AP-CIT-EXCELID,Student
8d53f9bc9c4beaaaf30095fedcd7d073ba9a1cd3458e929e5ab5d88b299e7687,428dff892131f99d58168843954b152a57172b8a239041a05397ed9ec6c3cc49,studenti.polito.it,-74.0,18.0,516800.0,409941,AP-GESD2-03,Student
1b224235ba0c0428d8ea1c989c8448a33bc5bc93573421b0f2d337941cc1c987,f24ab6d95b76bfdb65f48dcbd486f701a19cc760938a2047772f06f414545e79,studenti.polito.it,-78.0,14.0,1293885.0,593106,AP-LADISPE-01,Student
9e8b9fd78ec132b9643f1e79f4f861227fc4a917e029c22c1d8f3f4aa25f8005,dbb1b4a1dd4c8f274a6503d27c43b83582d852041c4abfa45674f041d59be644,polito.it,-74.0,19.0,795933695.0,55055330,AP-VALE-CHEVA19,Staff
c2937709c9bc8dd03595f8198b80d8ed59d3fa2f7b3287aac2978eca9ed6f61f,99d7c889d0fbd3041f82ddaeea1ef5245d360d8a90d0a0e57849ed5e2e3c0bc9,studenti.polito.it,-61.0,27.0,23001285.0,5523444,AP-DIMEC07,Student
95d4e4430e0b69acfcf26fcc74e34b0c01eda266e2e5c979e18b73e3d2cb5daa,590f4ee71ffc2c62d6c53fbeb004597f5c00012011c6579cc4309e3e3e660ff8,studenti.polito.it,-65.0,15.0,34785376.0,9008851,AP-LING-AULA212,Student
3babaebc1d3cfbf5f4e226c3e9959c4853bda83f81420a4da1163d3b86bbaa99,80714b0f99ea582ba33ab09914332ecce564879c191a84ed1ed45b806aa98733,studenti.polito.it,-46.0,48.0,7348796.0,1525218,AP-CORRIDOIOAULER-07,Student
d5c3c7918033efe64c00496ccdcc0730225f1315ccaced900e907d76446ec02d,c695caec39709c461a50c133cebb8f6c0a4f12cc5f7bd0b0c97e4affff01a264,studenti.polito.it,-68.0,24.0,152158867.0,32100595,AP-CIT-DET2-03,Student
a6966248af1319ede3da2502ed823d4a4f46f850948dd8a8374d7119453ba7ad,84b536e6a31155cedabe030243da8269c166b9fd248e0b3928e9cee6b0f14a81,studenti.polito.it,-58.0,35.0,10474521.0,1875531,AP-GESD2-05,Student
3140132699f08f8990d277d4fc2b923a786d02adeb7f04146305cab1703db72d,545f4e31341915ee487bd89ac6cdf433e8b715637efbbd1686cf1c44642b0a41,studenti.polito.it,-55.0,40.0,357365291.0,18693502,AP-BCI-TZ-03,Student
7ca27c52abc98f9d0a9766f68883e24df8ac45d7eff5bcabbdf8744ec0504b34,1aaecd5e3b1452e2efd7efa51de5bca1d927270fc4eeda62cc30d1a32b4bb1bc,studenti.polito.it,-52.0,41.0,34188768.0,29426745,AP-AULA25-TM-01,Student
34361f2b9c49dabbec3b48c64cc3bd28706354a5e8795e631c8c91848e2fb2fc,bdcf81e98d50eb872a1e7a8c20227c37c4539d35598a5668073a517b7f13fffd,studenti.polito.it,-47.0,46.0,11770.0,53007,AP-AULA08-05,Student
5b4fb1786c8c374ef51c94d6b8a3427613a7068ed173420c07eb7fd131930e0e,bc1dd2e2257c6ffac41a4c676d36f0bd0a2c6e7ffae01ba9cc0031f24e68810f,studenti.polito.it,-62.0,31.0,77223376.0,116930333,AP-VALE-BCA-ST-01,Student
9dd73cbc1af7904adc99fdeb92478450c72952ec463ae34127754ba96978a4d7,03b071608d95dfb5be07392382e6b4acae6dd7bdca70c7dd1e8b3368dc56fcbd,polito.it,-63.0,30.0,3041774.0,9855730,AP-AULA1VM-01,Staff
565087ea005244290318237a52300e5b020683c5e6f7b1e5b376cfcd4a745e33,d0c67899e7943be48b943c54c4ed8f9c357a62a0ebe55e75d664050f8fe93763,studenti.polito.it,-59.0,35.0,14276096.0,3962240,AP-AULA2T-03,Student
014285de20dd5cbbda6cf5cb499bfb2a98a4d27f04f52632cf4ed93972231bdc,5eb0a11bf980ddc909cfdf5ef8b08643a91e7363abd5c03553b6f5c27d157a01,studenti.polito.it,-59.0,35.0,733844.0,540082,AP-EXREALEMUTUA-R2A-P0,Student
8185e1191c30385a8fd043f92d204cd87e363ad356c914eb5df5bd3fec72845a,c71152380930f3e991db9ff525c135fdc14956a4af76d914bb8ab2d1bdd5f0a3,ed.ac.uk,-54.0,38.0,39643349.0,5074190,AP-LAB-ANGLESIO-04,External
4883634e74ddfa70a6d5a1c0c6e7c8f548dd100f968efa610960c9dc5c1d906f,fcc25600f1873f90505b03dc2a5fa28dc926d4cbb3aeba78b5a3197d4d4a7511,studenti.polito.it,-44.0,51.0,8382261.0,4520519,AP-AULA27-04,Student
e165322c0acfd7a965fb47a088c919cea28543437d4aadb32c9423459f04046f,b81ac02e0dff0775184301f766cccf94f2993d341b8fcef5ba42638270eed198,studenti.polito.it,-50.0,40.0,6388850.0,1837914,AP-MIXTO-02,Student
7920cc9dd39d93037d9b73c1f5546435b90bdd293652191d6d76651aec404f14,6801129c4ef2c5cd393b0f9357c6207eda4c84d700dfbbdc5cfb2b1c6790d8c8,studenti.polito.it,-51.0,41.0,1600846.0,620239,AP-AULA12-03,Student
b64f255378fac1a0959ce9e46c9aac615e2efee9dd176a0b617d8a1f9cc46bcd,4d44cb79b7b08175bda2193c678c779e3e960b50a66930e56b181aab6b8057c4,studenti.polito.it,-46.0,47.0,257865409.0,19213729,AP-VALE-BCA-ST-02,Student
8f4da9246063751103e129f603888c09cd5a4e40a7c669ac2e3aa6bcab8f016c,05a3b00b97de405a2a5c25dccecc6440870aadfd514785c072305c0701c0d376,studenti.polito.it,-59.0,37.0,23748811.0,5224041,AP-AULAR3-04,Student
7628d6b9699859750dd49b44aa6ddf2b737a805d959c7e5ed354374bd689529b,,,,12.0,0.0,0,AP-DIMEC07,Unknown
99e8a7474092e7510f511ee2ae08bb07808e3582b0c208c762f31d9b16020f97,5473eaecf3ad5ae58ae66b0c728baa1396df623e1e7b98cac745d676e9ac4048,studenti.polito.it,-64.0,29.0,79173637.0,3809325,AP-LABDTTF,Student
a303acbf58581b4244c5ef9bdcc7470bb20852c57bbe0779ea2bdfd63fc7bd64,6ee8f2bcbad7f37da0689e67b636ce72960b1774eff4ac64dfe05d445220a30d,polito.it,-58.0,34.0,116586430.0,11399239,AP-DISPEA06,Staff
a4032202e37de40403a41f26bdb6db37d729c6b3a66b6c1305f7456ad6497ed0,86189464b007376c10c36c6a105b57ee04ae1911d64de3950bbf95dafbf0b6a1,studenti.polito.it,-56.0,39.0,59264495.0,2499702,AP-AULAR1-03,Student
9b0a2b2aebf5673e3a10334efab97606dee222a6c9013884bbcfcfc71ec4f8d8,186e620dbda77406e26275051430b25da98f8af9428ae86b4609ef92089990eb,studenti.polito.it,-57.0,37.0,28103142.0,1772708,AP-INGCINEMA-03,Student
c5d07c713968066e85383780a293c308e0db4932bf03cbd344cc117b9c6bb430,ae52de872119a18bbf418b3babc11364691eb33bab76221f3ac23cfd04a5c97a,studenti.polito.it,-65.0,25.0,27324369.0,4853829,AP-VALE-AULA10V,Student
2785eddf1d8dceaf65662e78e59dee20922b5986af81150f11d7d01bc22f1755,9b9cf8c993ea642d44d98db374c557369551390c710f2ae6f49f767ee3488023,studenti.polito.it,-43.0,49.0,159218414.0,13863436,AP-AULAR3B-03,Student
7b62ce6d4d0ae2074af740b5c5c8da82f71e9c4314875ba15d040a2919b1a982,ebbce8322c2dde366c1f04286f54dc135177a3fb5d383fdfdd4c8f080c19ce0b,studenti.polito.it,-58.0,35.0,9956851.0,9079868,AP-CIT-DET4-01,Student
0512d80847b8936df084dcec016764cf2f4186b07c4297b13199e0002a065bea,058804aed00d63c3a7189ed12366154a0d76abaaff10683ef99999ee6898ae0e,polito.it,-52.0,40.0,361916169.0,75272607,AP-LAB-ANGLESIO-04,Staff
15ae9efd13be9e9fbbbbe430072908f0d98ed900d2e9fd3bb028fc613fa96957,04588595bce732bdaaa2efe1502254780e1d9f6fba85d9f7648a9ac7a7e5c56f,studenti.polito.it,-57.0,35.0,878825751.0,71953350,AP-LAB-ANGLESIO-01,Student
8bf5419fbc2e43fc03c3dc0a559a9b439baa3b6bba36c62e4ffd24c9db8b7b5e,7e4a412639336f5c6e3f3cd6dfd4c5752fe0048468e409adfc3308b31c8d349e,studenti.polito.it,-52.0,29.0,79140419.0,8766430,AP-AULAR4-01,Student
575073a8690c79a8119124440ed9b104e25eb83d30ad14fe6810fa97a0b2cb5f,6790ffacae30795a1612bbb6c7e2800435c7aaef7b553e8045d709e62346170b,polito.it,-51.0,38.0,631064087.0,42460992,AP-ENERGY-EC1A-01,Staff
65c0031c1037631e1298eccc0d50c4bdd72bad24c660be2d23278d99229a779d,9f87683c8cefc3900b4fbd9f116d036d0ee45366a794890a5a18ee1347275c7c,studenti.polito.it,-39.0,56.0,218335901.0,30450182,AP-AULA5D-01,Student
db2076a76274db60997bafe7e4b831f82ebb630b8405ed41bc0dee9854c04feb,5c33e2414636cac0be09a4578d863c8fc714c8f41d83af6f60c13e1c680152cc,studenti.polito.it,-46.0,45.0,209607130.0,28825809,AP-AULASTUDIO3-3,Student
26d1e513a8b488cfff2050df6d78c172e73e37d43b4bcbc2a1ce5562710f469b,1576c8cd5545b2944f6fe42b60295c86c3c3c9989a9cfaa0a2be235f62af95d2,studenti.polito.it,-48.0,44.0,1599243.0,390123,AP-AULA4C-01,Student
feacea6a98e68d3eac87d4a42e1115a62dbd8bedf0f314e1bce2f52ffa4b5f19,1694313a2ed25263ca68e107b6f07c3697a9f8ceec9f36bd50e7404a9e3f97fe,studenti.polito.it,-48.0,45.0,21266618.0,4943533,AP-AULA16-03,Student
54f70dd72003ed83c3b93bb9ffce7bf66585c7d5e05012a7b92b385015c4e5b0,118aa29eb0cee3532eda0edfc4844fefca3ce3396f1a47ab97cad968826c9465,math.cas.cz,-77.0,19.0,263556915.0,70050701,AP-DIFIS04,External
436c07352cdb8a9d224bec43314b91d0fabf1af48b049ed9596d3451527c8fdd,ff4a664950083f3ed555694eb5b9d9ca16570cf05961f11636f980be44e89355,studenti.polito.it,-76.0,19.0,168017638.0,4720832,AP-DIMEC09,Student
3e7693cfb677f0e463fa0835ee0f4277a42daf25e53bca44f98372f78c32cf52,1fb99a26de870eeaa84eda78507c6fc8b226a5d9298812e79d213f0d03953d16,studenti.polito.it,-55.0,35.0,420650277.0,84073396,AP-GESD2-04,Student
e48a8efc74dce4acdd1fb72c9ec1c9537c6f6159e1bfff528462a3276d2ab6df,f300d6d1f85de1b28a34410c531a358ad25231ef82b2c0479513f7ae5d974e6b,studenti.polito.it,-54.0,38.0,85073896.0,139703029,AP-SALASTUDIO4-02,Student
7b5126f41ddf321765365cb09a005044dea604f3e61f8ff8d231db3ec45cbf89,6c8c0a7a1fc05554eec1ff15a78d207631fd12027fbc2ce31de238d7a51b9d6f,studenti.polito.it,-76.0,18.0,231346.0,161087,AP-LING-AULA304,Student
5193ec0eb222c3f73506b72dd4d669e6d79a1bd77761e45c6e7d02189a510b18,8c73e57ebc5c3a17a3bb306901d1036f0716fff3690c03c6f47a234d6e2450dc,studenti.polito.it,-78.0,10.0,2500787.0,1389442,AP-DIMEC10,Student
decc36d68552cb40e7c94695ac76923bac283daf643d0cfa5d298f050b3fdb62,347b9b403d880fc7eb7ea018d2604b9531e689236f4e4cf37be518a3731d53ac,polito.it,-58.0,34.0,206849.0,502724,AP-CIT-DET4-01,Staff
a8b616381adb8149ad468b7fa905f38c2110351be67b256c15841522c9d02d5e,412c8954f5c7af2885f4e70ed220c28101b46e11a284535bb574a9a0ba6ab9ae,studenti.polito.it,-55.0,39.0,121767437.0,12301796,AP-AULA05-01,Student
7fa3579d68e10583a9c8111e42f8742d6dc84dc3c787342b53d9b32f267cbe49,c1bb754d8d10a8de7d7c4951a401aefd9e97dd4f3dffc6b1a3cfa63c334a544e,polito.it,-58.0,34.0,514439190.0,147773792,AP-DICHI-3O-P3-01,Staff
8fdb6a1792fa105587f9c2f869d607d880a2fba56695ba3ead121587c0168342,340e6c517afd7741318a91ca6086f400195e06911b2e35144ee67191e812c75e,studenti.polito.it,-59.0,34.0,163032024.0,37618654,AP-AULA7T-02,Student
52844359a2582773b3465c34d91a91e4e058b701a78d83b3b30948815c3aba52,f7cb60ee1dadef420b6f4a6365803630663ecf3a1e06c2f1779eed50da07f80c,polito.it,-62.0,30.0,432681212.0,19964910,AP-DENERCT01,Staff
d42c10130efdbbc2c639b206691ed7779822759c42893d531137aa6b1ed11b86,e2cd774549802080080d45723d10a77db227f82cee624e68a3594723e98b93d5,polito.it,-75.0,19.0,176322472.0,8147647,AP-DENER03,Staff
9c7473ea397a1017cc7220d6866cb33e4391eb3cd4c9f1d0fdf4519ed58049b6,12c2783758e9bfca24b9199566c932b7a61009260088250e0257b4d0d958a363,polito.it,-54.0,32.0,900457714.0,218288478,AP-DENER11,Staff
ce9eb47be8fae2763e9ea46589260cc080661814693eb3a8e25f30402181fb26,eb504db4e62c9d52685274c3b908f75e37fb7480a71434afd8f343729dce846b,studenti.polito.it,-51.0,42.0,808950620.0,76690596,AP-LAB-ANGLESIO-01,Student
4d39dfa1373b39821da84a27fec5eb5859ef81dd318351f41871272934d393d6,b9e2146fa5d933fbfb60229a0531274a72c7aa4570db34c7fdcacd7fb098d800,polito.it,-54.0,40.0,240828417.0,45491836,AP-DENERCT01,Staff
04dbc7bf90265c60feac1b1f9e8b737b293ac1aa7333f942dabc968a720961ef,978fbebefa83be77c93e46cacf944da32e96f3f1b2430b6bd4a250da8ef4bb21,polito.it,-51.0,43.0,485808892.0,20175669,AP-DENERCT01,Staff
94e0e88c572f5580f915eb516459139909edf2fe3288210f4bea28e89c2ab4f7,c482a8f08e035e977f2a26d25dd1429b0dc66970c8f86625ed360051035fcb04,polito.it,-45.0,47.0,664030591.0,192320134,AP-ENERGY-EC3A-01,Staff
72bf8a1c8c3f7a5fbfd09a3c941974136dab6da917c73831cc04f54eb13ea236,1d05495cde3a7a7383bdae6674dc33ae6c09400d515e71e0ea19f7f21cbc58f9,polito.it,-61.0,31.0,1289226550.0,41788757,AP-LAB-ANGLESIO-04,Staff
41646b56c21b60b192c7b529f3bc31554f27da5a70391c39da94fe0ada405541,0757556479082e2aedff0fd2c35135ab00dff9812bf3bc977e8ff65a9d33abcb,polito.it,-65.0,29.0,1237148485.0,716261743,AP-DENERCT02,Staff
b9aa3e5935d03234929c547d1880cd7fe87143f54270deb001733e7fe679aaa5,edd9ac2f8fb332ebcb44a6d65f65bcbab006ea9fedaeeee87c53797d8363c3d5,polito.it,-59.0,33.0,1425792190.0,291724618,AP-LAB-ANGLESIO-04,Staff
01c67e9c09fd448b0b544c753526f3bffa1113452ed9e650c5bc93f3c4afb2e4,c5d5f4a6263577c64eb97c6d544a68e91934cbb5f9121d284221e50501ca89d5,studenti.polito.it,-81.0,7.0,178725531.0,19402300,AP-DELET02,Student
2697d97db15be0a8548f8a5ee8e8b8838fc55aff988e6422abb180979d3a3a28,f86b6760ae52808c9614d496ecfbd2b8bdb83ecdec1d40d0d2f4f219fa7e3df7,polito.it,-54.0,28.0,673015708.0,189097979,AP-CIT-DET4-04,Staff
454cb2917d7070c9f1001567800b31dd751c4b136f9dffe65e2427bf11f885eb,b8a6bdde9708e55a791c26e098338e882c41183c2be3e7b6600a8be3c75071ef,studenti.polito.it,-50.0,44.0,9537972.0,6906080,AP-MIND4LAB-SN-XS01-03,Student
ffa4c3d05dcdaaefd01d7cc9dd1ce4d7d19fd8d9767581f7cf3153409f521a2c,7fe8118b9221dd93e1d19bb46f3f32f75be20c3297c90212ada1edf6c17452fa,polito.guest,-47.0,44.0,4952525.0,184183227,AP-SETTE-AULA-CAMERANA,Guest
f3be4db92a57bbbe1461878cf287af39e8accf635ff9d05629271ed127ee1e71,8ad3823320ca8355dfc952e48a6097a5753825cbaf72416fe4d3f8eb2e4609a6,studenti.polito.it,-40.0,51.0,6648810.0,1914858,AP-AULA6-03,Student
03ee61963af3458b92167a84ef7e42105afa625609cd73d63cae876ee50b9630,8748125b857dea08f2d3eeed761f254c44cf14e544dd54453d7883139c43ecfb,studenti.polito.it,-51.0,43.0,87824018.0,16491995,AP-SPECIAL-NEEDS-02,Student
06b26bf7ee81a7136f5cfe17af8db7de62476db725cc5388f9a8bf750f794163,a2e983d8f26747055a95d66b6dbdbc5b64ed4fc625da3ac2b83406a5cb1944b0,polito.it,-71.0,19.0,2862485336.0,802355398,AP-AMM-1N-XP01-03,Staff
cd98ef39f06096815cfdb88eb0e251f8b606ec28481f1fc7dedbb5c1d3486e5d,70378480bbc72e6a4442d0145507fb04ab8bbb85afc3389c8c1154884ccae54b,studenti.polito.it,-49.0,44.0,6768617.0,2318308,AP-GESD2-03,Student
12f39a8da2320706cfb2bd77863787f31525e5ac0c0da1421be454afa418a956,ccf44eec2e2ffa68d1f261212884dd5c9cd51bbde022dc12919414656579a18f,studenti.polito.it,-58.0,37.0,43822715.0,4547386,AP-AULA08-05,Student
ebc0e8c485709f32f8b124d691663619c1c245551fc037c2be6f1b7d91a5d12c,40d13c74000d11cb2cb273a417a1b6921db289fdd9726f12d371e02a04932fb3,studenti.polito.it,-63.0,29.0,268567.0,155421,AP-LIFE-02,Student
2bafe7e8db7a82aaf5dc65d836738254751b76815de45d752bccf8cf085ef123,d02265b9d926cc1b961be352c304463d8db9c764bc2ff2dfd148b43981a8f8df,studenti.polito.it,-52.0,41.0,21406238.0,2441984,AP-AULA8D-02,Student
5e0a9f63ea184a8de8d97cc81b14620951b2c507be3b30981d2247ce8d0c9b53,8cc54c41d864d422f4867d5d8a0ceaf54d15e94a07b34f8adea2d4a0709c5105,studenti.polito.it,-63.0,30.0,450928889.0,88074332,AP-AULA1VM-01,Student
4c403dc1a179b744071682e32192d94bbb6223732a33339fd28cce88f9e2165e,d64540595e5ac23b9196f412c8e9f89448d0517f342f82ee0c0de20ec27e72bf,studenti.polito.it,-45.0,45.0,22878048.0,9761234,AP-AULA4T-01,Student
09caacfef9753c17342495980f978f610dd94f8652c666b66a55d0ae8f4e719f,81836f5b76552e5207278866eea99c42e2675f15c2557a04b77a6daa98b00516,studenti.polito.it,-55.0,38.0,117369276.0,4931332,AP-INGCINEMA-02,Student
fa5297b95365a360cafd6cd440623f6aaa8b288d47f89dddd8c308d29c899ed9,f3dbe5ac6312ce665fec7f9649f7cf95e76667b7c0113ed0bd0b396a33378ff6,studenti.polito.it,-52.0,43.0,321280999.0,6170346,AP-AULASTUDIOR2-02,Student
2466505b273f60cbb68ba18cca9467586ec467acf1c29274d5f4acc690a3cee4,,,,37.0,0.0,0,AP-AULA10C-01,Unknown
3c6a4c5d4ae6791a577dfa599496f6fbac41cfe60217eebb9c6fa5fa45047326,cc1ae20c492759025b93e829d18f9f9b9c6f3de2b7b007599a25e8836ff3103d,tecnico.ulisboa.pt,-42.0,46.0,1139649506.0,63635473,AP-ENERGY-EC1A-01,External
2e3bf4078ec0fb7282e147e9fa69c7395099e3c15fbf766609181c388e4a53f8,9ac3520724edf5989bf2caf05727d1d2dca155fc6cf5edcdb90fe0c15b0907cc,studenti.polito.it,-52.0,39.0,457604557.0,11325639,AP-AULA05-02,Student
d1d490ea48c9744cb86a315a16f433336c9413c2f0c55110877feb9469c69f06,cffc976866ffd395ee92d3f949592ef4bf3238b0d13b452ccec37871be956b09,studenti.polito.it,-56.0,37.0,311651658.0,35659840,AP-AULA7T-01,Student
2655754767ceb04add68a725b1b149b529d3153d90a75b150d9d7281cfcaece5,07d9edeb9d202ad0b4f99cd278d9e6b5d4d656a9dd1474ced21724bb049521e5,studenti.polito.it,-42.0,46.0,5458394.0,1127756,AP-AULA11B-01,Student
114bcf15ee4292bbbd015506067ccadad126e7117540d61fcff27e7047fa1b97,35c668aff56311feb2450512c3923b40cc32e3e565695640eaec6d5434311775,studenti.polito.it,-44.0,46.0,312298117.0,66859813,AP-LING-AULA303,Student
5abe2598eadbb6f1d193a45d67bd21b2bfadf8a8d74bb8d5088d384461f150d9,6a09a12a8078515b8952c9272855536d1809c247cea0c79e42a6088ff24f8e6d,polito.it,-56.0,37.0,1514989524.0,65364512,AP-DIMEC15,Staff
b6680590d3ce7805f67ad6489371167d826546143febe77a181171a12f44abe3,461bc90dcc2c3411043bae2fc62bc4929ac3e6873cb1a554738b4e4883a4fe87,polito.it,-77.0,16.0,22944596.0,6535153,AP-CIT-DAUIN4-01,Staff
f4e7a5861bdba07d1a0a5c32c3ede0876d4d0e3cae66b2df5a9b6661e6e16dac,13419ea138d1bc9f1579d6552d59183207683f7bf2130b1bc0949ca8da491f75,studenti.polito.it,-52.0,41.0,3926561.0,551400,AP-GESD2-04,Student
bdd53e8f647ed2fa33e7b486664bf0edd8499e78ec4d9cb00973d162c906a932,b57ffc53e2520ee8f2ee98b7515b7000002404a4bc82ae0d9f89536236167a45,studenti.polito.it,-87.0,11.0,790118.0,3947735,AP-AULA2P-01,Student
fe45950336858f5a0c5940a8ae786383a5fa3351b83f3d8e5a0f596be4e78fb8,e3eab65fbd5105bcf8a6945a8dd42068113e4aaa9f720e27d145b965480c0018,studenti.polito.it,-53.0,40.0,21314582.0,196400545,AP-AULA08-02,Student
d31c46620ee4ba873f18578c088d83f9301dfa45e27b2a312f1af88c53b6260b,1abc290f950ed3eaa8e1753ce266c4f52017588f41be0ddafd66f385f03da4b1,studenti.polito.it,-53.0,39.0,24819053.0,4503369,AP-CIT-DET2-03,Student
ca38f20499a6ede9951f76350068455243f3abaa96c33ef27989423e3edd49e9,767dfdc353b6146969eafbf1c1bc71b72185eabf40ea1dc73037ed450b97c00c,polito.it,-65.0,30.0,297891.0,125827,AP-DISTR01,Staff
9526b6a5c3dcb7b8e0436c8a5bbc1f5eb325257e78230df294131e16b9dba046,edc5b99dcb2e7adf2a85b10990ed605eb6ee3ded60ddc1685e77485fe5ceab1f,studenti.polito.it,-50.0,43.0,510382.0,320436,AP-AULA11I-02,Student
6b665613417b29c118cafb7daadfb47fd10f9540e2c9d48bd16895838aed555a,7b4cfa5410648ebc1c1cc1004936b749d46df259f455788ec1a5cd162c702e85,polito.it,-65.0,31.0,137010025.0,26162168,AP-DIFIS06,Staff
a81587ccf735a40202ace896d3d7894fcb9b17bfe653eabb643db5dc88ba95d8,dd77053c274d8aa8c9a157d22c4df7dcd508827a404adefb444cdb206809dfdd,studenti.polito.it,-64.0,29.0,129892122.0,27419929,AP-SETTE-AULA11AM-2,Student
8dbb06863a9a2c64e9abe6fcbdd5400daaf404a9fa526ed65207fd05b6052063,,,,46.0,13690.0,2177,AP-ENERGY-AU01,Unknown
eb1fed73239571fd3b861ec2f574adf91c900e662f8d013e8ba4f349db5d8e77,e3562f77147cce2d60d14cc7db7d09cf03b6e83c4ef288ba5ebbf7c3face2aa0,studenti.polito.it,-43.0,50.0,123881190.0,7114496,AP-LING-AULA301-1,Student
fef83900ea1b41a2f4bb08bf6be73cd1dc9b239d45dc152cc7bfb0d179e45131,d6a90084d55ec299460a5c5715a18544336dd85ccda299d880181c79b7bde6ea,polito.it,-66.0,27.0,268996267.0,11413997,AP-VALE-EXCISDA,Staff
a11ddbe3bf46015ab90ede41d86c179e9234ef600a21ff83c0b2fdd20f7487f0,d71db5b2ab810cf60e51ace9469568437fdaa26481f441ba5c45e4631491fddf,studenti.polito.it,-50.0,41.0,73441594.0,7199774,AP-VALE-BCA-04,Student
e3c39a419b22d2a6e77e5aaf4fbd9c2c5aaee76e84eda65c37439bf045bfb803,16623442d1c95a0e1e0401980cb68416920bbfc3fc276923b4cd2518b8ec24c2,studenti.polito.it,-48.0,44.0,17922801.0,2231773,AP-AULA6-03,Student
f5bf26615ebfff8e6f8bf8d3ec7f2f1e2399b9dcb766ce84c5ab63d2279487dd,335735188e793ade57681eee48536dccdbdd0817a26d0c349158f117596dfca6,studenti.polito.it,-56.0,31.0,76764409.0,4514266,AP-AULA10,Student
f25a07b93e0ed3c3c2f39abc17ef514cdca3f1afe17662a0078161e2e0155bda,ed98a14973a4d53c8893e2fca0b0fa88827c67dc5af514bc238472d96bcdcc46,studenti.polito.it,-52.0,39.0,34487092.0,1179647,AP-SALASTUDIO4-02,Student
e137ac946dd2a24a20a73c5178846df950afbfceb29cb7df7e2c8113c6ecf438,b92bc45b7d03395ea47f603698da4d5b7a7a286391e5a23af3710590cd23a598,studenti.polito.it,-56.0,38.0,185766774.0,3874861,AP-AULA3P-01,Student
e390be68c61516a2871d807343a1d0559c577a3ddd5fe9672fdc023286b0507c,4f80ad45218b65c1fe264be7ab3723f9043012e14da95fd5dd2cba63af78d691,studenti.polito.it,-57.0,39.0,17455.0,5299,AP-CORTILE-04,Student
b4d6d3660a9d41be24723ff5e458cbe4ade1f83790c3e0b5268069de43072270,ba5d9d89854a149e1e1c0591668027925cbd173b0eed5fe101218ad15b267459,studenti.polito.it,-57.0,38.0,169422870.0,11075271,AP-BCI-ST-08,Student
fa2d14c274ce1af95360327d29640728cd8b862220200868e341c4fd5db8a158,dba75787ccc64c745223ab75c50d28662923bb8e7e70d9e85fa1f1d9b05452f2,studenti.polito.it,-89.0,4.0,403848.0,252913,AP-AULA2C-02,Student
e3d5a5db44431f1c487ace9805e8ad86794e2707a48423c0b86a86c87964e4c2,f6553d87fce6b8c68df9980b6044b0db61468107569daa69bcbb412067399689,studenti.polito.it,-54.0,42.0,72384569.0,4236282,AP-AULA03-01,Student
059c1ffe46a19044dd81e14d53b4662414265ef2dcb1089259ab5062e29b4d05,29242e96a5be4692959c33d91ceca8ac5283ff3e54a6628d4861d110dff0d8c1,ntnu.no,-66.0,27.0,31642163.0,1377077,AP-AULA05-01,External
2df3140ae44efa2ca4916c6615acc8c6cb159227f842f7eaf0abd44c01710291,ce69cf04f5ac840a48121311d60fdfb59eb91610f4a90b54a95d7a482d4d74fc,studenti.polito.it,-57.0,30.0,39193317.0,28159706,AP-AULA4C-01,Student
9774e302f09bc2292173c2897beabacea50fc9f3181df68f8f0ef7032e5d66fc,706eef39f805384c50ad0e8747b36cfbf17d35d8341ef8cb29a88420dfe719ca,studenti.polito.it,-55.0,38.0,486987437.0,129722746,AP-CIT-DET3-02,Student
bfdac89a08d563e6bf91cc1d1b58fd1da1818028d238176a6e30e4777f3ca446,2efddb2e6a0325b9e6067b7df96e45df599bf181d44b4ed21c4b05b0116e8dd4,polito.it,-72.0,22.0,14244426.0,2660827,AP-DISPEA03,Staff
b2d7732e60d030ce6475f54d55aacfb7da3e803d0d1d1bb128850452d2223f36,29d82e13ad50de34ae379c72ffe667bb1ee65e810fe55bae88cc6b541792a8a2,studenti.polito.it,-61.0,29.0,492195420.0,19192309,AP-BCI-TZ-01,Student
cb49639d2f23726f8dc98130cf0b29cb18435eb9fe4ffffff4da20236459f68f,0dac578371c4bd9420e633d758efd0583925c1a535cc55f550037521ae800f00,studenti.polito.it,-47.0,44.0,747912034.0,55088678,AP-LAIB3D-02,Student
819a17470f7bf83bf307575caac55111c4f88fef4074712e88050b3c382c081e,8c123e67f9e0c373e123454a9ceb3d216d508c6804e22a8175495508c4654bfa,studenti.polito.it,-59.0,33.0,144927400.0,47562878,AP-AULA10C-01,Student
a2e0df17965742adb3797c3b96cb6220cd29dc1dcb382d11260f4e8dee3b5c5a,47d36bb71bdb78abd07ce50f452c8e1a30366c2c3d323cc68bfdd4fc5ab09844,polito.it,-45.0,48.0,329092892.0,11856875,AP-LAB-ANGLESIO-01,Staff
d61ffcd02378853571427096f02a2a992e5dc14458f581e1caaeb21edc7d77fa,822bfdf31f8acab4002172da643f2a477b6b071c755fe38f76c153e68203bb8f,studenti.polito.it,-63.0,27.0,64319.0,36804,AP-GESD2-02,Student
ad5fe2963bc74281615122e30118655467a37b03ca6908f7454ee29cfc6cd7cd,8341764fc8f31a01e329ef2d68044b514854bd62afd1ff9e8da3e55f9fe34ae4,studenti.polito.it,-57.0,37.0,227248659.0,9001917,AP-LING-AULA201,Student
97e56534b6e914dbbe8e940a6b6674fed8ad1174535e09109e6f04af78771b55,5bfb474d8372197ac4134d36cf9654801cccbea4fcab854da0d32f16b08f4b18,studenti.polito.it,-58.0,33.0,9042762.0,2168209,AP-VALE-BCA-ST-02,Student
e145d13ed8fc46c882c62c973f7a3931ae098d75b1099122aca3f3046723883d,8cfd1320ea2712436beb524f709393251b81353b5fc02e1c544951963edf307e,studenti.polito.it,-85.0,6.0,104805835.0,8580836,AP-DITIC03,Student
54916ee6e904a01df803f8ad14198350ec9b4f8552ca4dd900198e64b5a33ef9,451d12c8b4ccce96183db0dcc60301e69c4ae81bcde70266eb59cdb3b9f9b37b,studenti.polito.it,-82.0,9.0,137540.0,240676,AP-LING-AULA206,Student
2c57d17d746adc4d80a9fa0a525ec5d876628e9d098d21f5e03b7426301251a5,960591b63acb28f582f7c7aef3cae1a551011a8aabde707d2f168c864b9c5b70,studenti.polito.it,-52.0,37.0,365796009.0,5249659,AP-AULA23-TM-01,Student
9e83a51db382be711a4924be073aef054edb574084c944cf19abd9556b558489,017be32a88b489cfcb68f5a284ea3e93e82eaf03c58a92c2ab34d74e60cc9ec5,polito.it,-52.0,39.0,54921255.0,206557695,AP-DELET02,Staff
135d701b7a0ef23f8a84b1d0cf9fffb538de1b616b21b13c3ff6fbc0af9d8ef4,52f722412ed66a4ee21829f734bb93d659026476591b8fc031a34008e10339dc,studenti.polito.it,-52.0,38.0,301002181.0,7332755,AP-AULA6I-01,Student
2e3d321813ae1acaf8282812bce928d3cf14a10deb28d5840ff490e35a07fe97,c22db730d5a10a024b6d7cde99e75aa4b035298f674d0c4e480ce219ce71843a,studenti.polito.it,-44.0,52.0,252029501.0,9538819,AP-AULA27B-03,Student
f7835ce1a3c2223d784976ab1fef1e4cb114048074df682249dc64e4ae600ffa,fa242f7066801153bb1375cb5f1d29e54b6fd4a1a9e328977217b27fa9964cff,studenti.polito.it,-51.0,41.0,571819451.0,28573259,AP-VALE-AULA6V-02,Student
55950572f0047124d73464d9f9c7aab1076b9fab03e269ea7da9dfb49c79e7e4,885587813fbb62d9e5623ef3d401633bbba7051cbd7b22bd733d83a4a860ab67,studenti.polito.it,-57.0,36.0,15478855.0,1751984,AP-INGCINEMA-02,Student
2f6501b312ab07abaa38f29257153d64759d8aed4ca99344b6532bcb91594ef7,12665a5fd30b19a0fba8e93e4cfc2d42f88c2605ef61748218542b9fdb4ed3cd,studenti.polito.it,-67.0,25.0,352474183.0,15953617,AP-VALE-AULA6V-01,Student
42bed2d50e9fb2836a9a98b8e82a1d28e6027145660c9523ba5645b8e0bce209,cfa0df93829fabf183699d16207a152cc774104dfe29a672bc1680e808504b7b,studenti.polito.it,-54.0,37.0,33581836.0,1046812,AP-AULA25-TM-01,Student
87376babcb0d463d37a4c3f6cd8e8132b083d0a2d911240b6ec12a4ba1b66286,40d3d06ba67b3aa51404b5c57d13e2e5a5ed703e0a19640745596a4cf95ace5d,studenti.polito.it,-42.0,51.0,7699298.0,146179691,AP-AULA27B-04,Student
517b26aa797c55f6df78e2a677cde760534a5b4b4dcf995e9ead7bc3f69f601b,359447cd9e1adce3e637a5bef1e549e304c55d7c6d669be3c89ece401c976e07,studenti.polito.it,-86.0,11.0,94897419.0,4851616,AP-VALE-LOGI-1,Student
1b604bce4c2cc9584bfba5e5c13f9e77e29f05d15e976b8b91cb366596447fde,47486ac95569894771bc9c14dd45051d3a2606c28b347160cbae1f97f428d9bc,tecnico.ulisboa.pt,-86.0,8.0,49931658.0,10992915,AP-GESD2-01,External
09c3b3b91cc4cb2d6f2ab01d865b2307e0744611961a0226afe878d7e96582d0,0eaf2abb3229770c670f8fda4c3c7036fd5f93cdddce209a9174dc7fd774295c,studenti.polito.it,-46.0,48.0,97043300.0,12442144,AP-BCI-05,Student
507ff10f3bf292a59309ba73770243f676097a9ea6dfb823a6e8511e293cb51c,47fcde10892abd76b8ca6c02cc6794ec0118181b4f099b66ff76eb7198be7cd1,polito.it,-65.0,28.0,58911406.0,13455450,AP-AULA9I-01,Staff
a9aeea7c0677011e708ceafbb44e635cb74322ec2a4ebd2c8845c6152b00090a,d36fbb0b22476a8c4d72bdc462828ca03a950210469bcc289d9038720b947c92,uni-freiburg.de,-78.0,20.0,364393.0,198036,AP-VALE-LOGI-1,External
73b56b9668d3ea346ccb31235a26b0aeb9caf66a202c5adb80a7d542edd65096,e22394438a3a02b6f78b199c42b9847a4d40620dea0c5ebf0b2e89b3a5852632,studenti.polito.it,-58.0,35.0,23136973.0,1789626,AP-AULA3M-02,Student
da4e1438c22089509e50378db2c8ef4289bea2d9ca7a19bef31474e631aebd0d,cd37c9b1ed0622a9bb27d7afd4dbb861955adb3c0d172a7813e3c91b5fe905eb,studenti.polito.it,-81.0,12.0,45201749.0,5918820,AP-CIT-DAUIN3-04,Student
7d35ef39982a87b2c893b107c0fa4249e0c76d209f04fe10e7a269279c591700,8d1dbcdc90ffa62cd2c8859bbe7c81730dfbf1b0a56f2242e8ea4f20d62ca760,studenti.polito.it,-56.0,33.0,16534716.0,1226428,AP-AULA05-02,Student
af62378ecfc5effc35881db682eac2353a370967b48d01f768ec9f025880ef1b,8341764fc8f31a01e329ef2d68044b514854bd62afd1ff9e8da3e55f9fe34ae4,studenti.polito.it,-62.0,33.0,671613179.0,45637767,AP-LING-AULA201,Student
69ae97d19fb50b24a0b0c24119e8339505aae7182d68392202a7e146a2e70780,84af4dbab42c49b69bcf31f425aa52336291262be6981e2b89a11ebd213f8426,studenti.polito.it,-67.0,28.0,10066637.0,3572971,AP-BCI-TZ-03,Student
9c211aa9eb8d55588454bef7ef41a8324e6292a4a0c0d733f8d5817f57e179a1,41439814953f813762e5f660c6ca55cc7d58b93a2634ec95441e1cbd7ca67e92,studenti.polito.it,-54.0,40.0,23068824.0,1834225,AP-AULA6-01,Student
dedca0eed2d80b7a876565f710b960a8c9fb4747026a9dd349992a1f90eb57cc,42bf95dd0eb32cf195ed4d274ae5b70c8ab3079f06768d285676923e0e79beb3,polito.it,-57.0,33.0,22232870.0,1088734,AP-DISEG01,Staff
3ab80a64630907bcefd80fd0e3d0c6dd677dee85e06dd7d66814584c4ee0b54c,3b8af2179aba8f0b27cfe913debeee505a24f4dbac0f9285f91addf85c616271,studenti.polito.it,-44.0,52.0,853947529.0,29685947,AP-AULA2-01,Student
e75d09b9d113c0d85f4bc4886fe9c8ede6bc10e3678b6eda7296421e1b86fbd0,4fd372d4bc4eb05df1da32f34bcafcc3aff951053454a378c03b60a0feaac379,studenti.polito.it,-44.0,49.0,1627915792.0,11745950,AP-AULA12-03,Student
62bc54f1b7ad699d79cb0190c7b5526a32a537f91e922b3073ca9468dfe873ee,5f61f78e572ad8b9862e4ab5198ec0f9df24cb046e0de76039d4206292b91604,studenti.polito.it,-86.0,8.0,449847.0,96232,AP-CORTILE-05,Student
a35b55604de263f187da564ddc57dd0a7a8fbb0893606c8075f2c4a93e2ba209,e5e6583cbe7c2193cfb9fd32ef7807af4c7cb6658627c54343724a1af42d9841,studenti.polito.it,-61.0,32.0,77278.0,56719,AP-AULA8I-01,Student
4135b4b39ba41daa41945861545489cdb2496c120585145fb25c073301c1b54b,79b3187224b84c4b728b261f8865b75e10022ae8b44e4c8ac1b69191063ebcb4,studenti.polito.it,-57.0,35.0,2286623.0,401560,AP-CIT-DET2-03,Student
e9e1bc703038d6e8ac287cbdeaff7518f2f7a6bb9775da353111d710840ae0cb,c29b4812fac8b51c104a09667ee4cb3a473258614f7a335ee440e0ad8e249167,studenti.polito.it,-48.0,44.0,4151894.0,12062214,AP-BCI-TZ-01,Student
9b9c4c3f87cb8697b851072fcefb787ba82e402055ffefef8f773dc5b98a5da5,e39a52645a063c5e26965b60e3e75275b6a1baa98cedffe40b35390cf175560a,studenti.polito.it,-65.0,24.0,1246935.0,149040,AP-SETTE-SALASTUDIOE,Student
823cc1214f874c36b73babefec2389fe87b40c2413f60d5e1d9b9e2ebd99d17b,925fb00f536c66e3b414e3d2c4930019fec45229051d2b49e12c8ee9fb4791d3,studenti.polito.it,-55.0,36.0,152943.0,112679,AP-CIT-LABINF-01,Student
aa3d6827fa3642f48b8645e211c0590b3889b9dfd5d09cf9c0bc3ee399dec62f,d7cf8fde9be1ae21e19583b44a59ed0d12b2b41fd692f361fa337ca1cd3919d5,studenti.polito.it,-59.0,35.0,78886634.0,6100703,AP-PERUCCA-01,Student
71d708c30736ed012d2cb91706192d3931d41266162088a47dea68c66e67dc0c,b677930b974c9d4d81dd0e00c42e92c06eac5a1e91e46c99c716b80f4b994561,studenti.polito.it,-72.0,15.0,1505535805.0,63505372,AP-AULA2-04,Student
e24fe72111f5134ebea35240b5da9d1812e022622d0dc9cdf13599c9b80dcae7,0a8a59a0065c94a69f64b43586ec27d01663b026101b6a3379c8da501f4d2753,studenti.polito.it,-51.0,43.0,10203226.0,217516996,AP-AULA12-03,Student
e4f02e3662f911b6e5fd7a0156914c2bcc72b9b19430823ef76ef088916afa64,00f4d60489b1ce815349d189036aafc2b561d71b8f99aa78ff377ec5a55e3b8e,polito.it,-60.0,33.0,1895604.0,642764,AP-DIMEC08,Staff
b196d5a982b721170d946b26b7534935170cd59375c12882d976b49dfe9593f8,43a641680fb540bcd5e3cc10edafb05a5b8e844bac3383f99344a678ef134a28,studenti.polito.it,-84.0,5.0,201221842.0,18404235,AP-AULA2T-03,Student
338b9aa8721cb130c22bba54159df3a33e0864a4b42338086bb1fca7acbe34e0,c9ae85be9ae2ccae3726c257634454390b72f3d21f895894dde002a0cca4d581,studenti.polito.it,-49.0,47.0,12509279.0,1717379,AP-AULAR2B-03,Student
403fb73849842ef15f9bc307fb7273288782c7d52d98d62e64480041bd2f6f07,6f372210af8737706448e7bbe851464e3c85ae1b96388703348c519caeafe44f,polito.it,-58.0,36.0,1192963.0,450869,AP-DISMIC10,Staff
c76146b648ad43d3924860a8736237ee2ec034a44a5611d26072db960780237d,b48724a4bd7b536bb9ed0245d8809c30fd690e8c8656295e98d158598e93b18a,studenti.unibg.it,-47.0,47.0,598104.0,1139802,AP-AULAR2-01,External
e5c7ff629302ff56e4c05e08a6fbca53b9ff6684d333da228b16a41096ce4fd8,0ee615b716309446591da2ed4ce55119eeaac381d19b33dc19558aad0075c27a,studenti.polito.it,-80.0,12.0,62043632.0,38070759,AP-CIT-LABINF-02,Student
26b147bbfbb4d8bba7f3b89ff5043d6aab885b9e2b98e5ccf17b5d1aa431e706,,,,29.0,21541793.0,3201268,AP-DAUIN04,Unknown
27b9609205cee3f47e412e5239868b18d29ec185537a00a21685e2f7a34ecbc4,465afceb9ec1038fa71896fc32941fc07925cfbc0d9926ada66b013107894b41,studenti.polito.it,-57.0,36.0,66336.0,80496,AP-SETTE-AULA04AM-1,Student
62caabcc8944ca8c50cf1e38d0b690d31dd4bc052ec3f9fa966b4a3ae19a3d94,2bece7708e56d872e85a7f045b612126cb6d2d63ed862717c3535c86a98904cd,studenti.polito.it,-52.0,28.0,1038123.0,209315,AP-AULA13-03,Student
7cab0b32a8839312458cb43276f0f0793be7358d788bcdd42d784e44a1d11e5c,1bb9ae431ae638fdfdae491666b7e5ebfd45cf93b30cd276f3da277cc12dbbca,studenti.polito.it,-52.0,43.0,28801209.0,4060218,AP-LING-AULA305,Student
cf14b0da01d7282b886904ddb021a9ba2663c3782a6bf5720ece7e0c685b0760,9533d960eea61f195da8751ae9d25611803cb9666cb8ccb907983a335c727b02,polito.it,-66.0,24.0,29589436.0,2905836,AP-VALE-MN1-01,Staff
6a1c3428b1ccaf62358c1f8d14b42eb9cfd1df50b1c34f5a7c9f004e4929b087,e6a2dfb251952d9c7644927fbb35ddcee963816cbe738170e50893c9dc3b8cba,studenti.polito.it,-69.0,21.0,19374095.0,5391818,AP-DITAG08,Student
685fa22ece933e7e4f29ba3bef4b9a630749c6e47792adc1fe13cf6579bb1046,071f4361c6f5b593ed791748f1d581c8978a4212d3c38cb48051721f340fbbda,studenti.polito.it,-53.0,38.0,75644801.0,2601057,AP-CIT-LABINF-01,Student
bc2cd0722dbac9dffcb9340726ca23973998e261307c35cd32410a7f6610f1a3,3a305151e56d3daf1411f8c071fbe719d3cf56850749dee239e0f2c63f558a2e,studenti.polito.it,-71.0,21.0,37655373.0,962560,AP-DAUIN04,Student
905c16a94a33daf2687ec2493d56abb21aedaaa930b11c775ac66b8bd2d6b244,4095a44896e53c47a13939177cb5866fd1bce2263cb7c90d1bc951c2fada0108,studenti.polito.it,-84.0,9.0,35671.0,13702,AP-CORRIDOIOAULER-12,Student
46ed8d9cbafb4d63799ed023744ad35e51c61707a305a53a881282a93080fda6,b1ba7e6bf53421f31997e7a5a8e6f887fbf2514d120665c6e8cfb376b5f7004a,studenti.polito.it,-57.0,38.0,2592184.0,720012,AP-AULA2P-01,Student
1221cca17b52b5edee0cc555ef384fc97c6568f179b6a544332fe536781bcc90,93ac807c50e82a8b8f1d5822fae3e79cceae9331813c7fc66448c15221861bd5,studenti.polito.it,-61.0,30.0,521038846.0,13769241,AP-SETTE-SALASTUDIOE,Student
53915a2c8cfd00494b7189931e5521dcc8467ae5736618f1ecfc493f3be1c545,6f5f97fbfe225a93e2aa090ee3ad6dcbcd0b6e578dece443990ceb7d7741b860,studenti.polito.it,-56.0,39.0,895881448.0,260770635,AP-SETTE-AULA14AM,Student
c81d23e3c553331ce2488b330cefe791b4604aec103a2050c078bdd344b839e9,c5bd43aec2e923ec5c2ef38be8b78dd38971eed2534be8602e329f954b0bf839,polito.guest,-42.0,47.0,439429047.0,432520059,AP-SETTE-AULA-CAMERANA,Guest
91f508ffdf95a32589e61f0f1ccb31195481d64233c5e7579751deb517657023,bce7a2db0042467390e04419c42eba27bdbe0696a5397b4116f4e4f5aad733be,polito.it,-67.0,29.0,51256145.0,4656622,AP-RETTORATO-05,Staff
a48991b6dd0e591e8ac451e8ef145d178b4e6bebe21ee2ef5e9a8f059e999088,0802aeebefdfc7d2bf1cd514feccf5ad1af0603e6adbf1db4bf4244f169cf53c,studenti.polito.it,-52.0,44.0,122521.0,98623,AP-DITAG01,Student
60d41e8d092286c65db945443eb3ea312a463329588c8638212892b3820f8776,7f2aac7099316af5b0541e19fad6074e5865e6a236629ca8c7952ccd41733060,studenti.polito.it,-47.0,43.0,56766886.0,11458639,AP-AULA11S-01,Student
8190ed5a7ec99aeee2bc506ab284ca63d6c58e642132389d6a27111ae2c362c3,395f6000697c9f8121acb21834e5bc7780dddf40e9f1a1acad82dbe03b59c68f,studenti.polito.it,-73.0,21.0,4012791.0,1262793,AP-AULA4I-01,Student
6717d9a8142a8930f2c880853ee63b149f6af13f21bb0bf0480757fc83fd2072,f3a80754261e8603aefe6c7a4b7a746b6d86e9f50d2c1853d1936c5fae194870,studenti.polito.it,-82.0,7.0,259232012.0,4812359,AP-RETTORATO-RETTORE,Student
2e159bef7741d3187b6048c6e7744e434c40d7d744730394ad8573c297605e87,7edefb312c28a7383a3fc28a45127fe79a593a187ec3f640cffc3029a5031cd9,studenti.polito.it,-74.0,16.0,1071219.0,124901,AP-AULA11T-01,Student
8899a8258f2070d5fe9c40a2ca1151a4338a489f03bdc618ec510514bde23e29,d64540595e5ac23b9196f412c8e9f89448d0517f342f82ee0c0de20ec27e72bf,studenti.polito.it,-46.0,45.0,122363375.0,200326385,AP-AULA4T-01,Student
568e8770fcfa8a7f02ff2d2bcfd57606c757de86801aa192b7b297e5bc857b53,904f58f4a762a800a39996a2d4712cf522796f2124a92124c76ddfc922afa717,studenti.polito.it,-61.0,32.0,3534401.0,1051670,AP-CIT-DET2-01,Student
6b336fb3f10a5f1200f0e63cfea40f41992178031bf854b0456ff2b333d512d8,0c39e2631bc2608748c40a85e1782734c25fa68d2425998a91873364cccbccd4,studenti.polito.it,-58.0,36.0,16686644.0,8712326,AP-AULA2-04,Student
ed3d1616be8787b3d29730a56a33017e6855425659dcd11edcdf622a31d3c655,b5fcb658183c6f1a47214c8173d727ce2a1e6b1da708304835f932ad7bd42f31,polito.it,-52.0,41.0,4460628.0,2744851,AP-VALE-BCA-02,Staff
d3ec72edabad2a35d17cad2938d84700e10d026cacdb5cae435c0f3705b16244,3e16bc96051f92cacee048a3ae629885ac5b133710ab5af0be473c32ee3f7a97,polito.it,-65.0,28.0,180518424.0,18702263,AP-DIMAT-SALA-OSPITI,Staff
e1e72f360e6a588067fe085fdafe010c7dcda09884fc06852f6536c7aeea6985,a4e170132718d0a95558d4c4bbec81caea0f806957ea8d6e477f29e40934dc4b,studenti.polito.it,-49.0,46.0,103052572.0,18866298,AP-ASSTUD02,Student
7a4efad756ed1fff1c5fb6a755b9e0b639eef05d06cc2a2db8f887c16c1e3883,a0ad46c8eed345b256644d0b9cc042bb2c39a6c2f3bf760d4ad2d2aa3f1f7b7b,studenti.polito.it,-57.0,36.0,1840717768.0,162702857,AP-AULA2VM-01,Student
c043c2600e9d8e87789cbf33e4810a6efa7f43b6e6d7ee8b91a7246dbceb4dc2,da4d12a5b3f0b6ae78ab4e01ed28455da2895287bb4dd5afba39717dd99e981c,studenti.polito.it,-77.0,15.0,16176246.0,4332998,AP-SETTE-AULA07AM,Student
4a1c338989c0596a6ae5ded33960fc2c8138144725adef5d117405b944807c23,046f3a3a5c4978eb8d6b719a8e5cfb05d1ff9cbcb1e6d1d8c02a5a1a4c17b6d7,studenti.polito.it,-45.0,39.0,296280002.0,16436907,AP-VALE-BCA-01,Student
5af55b006d1c40b686f97ede690bf424ba9a567d6ce35ac75cda2be96747c772,58ac4de32158531d75c40972b1bc5752496c1e1d3d512b2d0b03a4be3f063ba8,studenti.polito.it,-56.0,39.0,95262476.0,11215439,AP-LING-AULA304,Student
e8d491de3d11660b460961deaabc70dae8d7015b6f1fbaec86fd08251a21e9cd,a5ec4e96afd0f29b2732716bc1758426924b826c80adc266998e454d4bf119a0,studenti.polito.it,-56.0,36.0,3972234.0,1139428,AP-AULA4T-01,Student
d6e6d920e4a65311ba575c1b5a33af65b0d9f6479c994af9beb8a938ceb784f2,fb389039b7df5b27feea5f6d67c2e213d9058cad340255a2b87144ea46045a6f,polito.it,-61.0,35.0,2176459554.0,70293254,AP-DIMEC15,Staff
c175a72c9394c0228c7c4c9c0bb24d9d1095f80dd6166889ce7f4bfa385c6ff7,17f1ec83208b057aaf690cc4d8344e6b62724605c6db6d3cf9df4230e7ea7fb2,studenti.polito.it,-57.0,32.0,348164011.0,69976165,AP-BCI-TZ-01,Student
c99bd6a2755ebbc885d11e80c5d5144fd5200529145771903b4f81236a81ea65,ac7e074d6476179714aa7ff300a35668eca78b51315b7f785e2ac28c09071121,studenti.polito.it,-54.0,40.0,526084652.0,17446365,AP-AULA2I-01,Student
675f943333fd8e68a609fc0e47137836d08bf29ce36e651b676cfde072620a29,baafcfa2d13e280ac659d87832d4a05510bf40043335f88864944e3d53e46108,studenti.polito.it,-67.0,25.0,37749569.0,3128233,AP-VALE-AULA4V,Student
65132b18be6b47d37298cc3654d8b47d1e02e4420866d73773c4f01b3a7d3e33,f5e297c6ac0da98e5833c3e5b55ffe9fa4e6d418144fa5357bf08a216ac5c987,studenti.polito.it,-59.0,32.0,12091091.0,1364346,AP-AULA7N-02,Student
ff0696cfb9dcb1f4371de4e706439769e789db75f6715b7d387a87a7ce8c8423,273a390ffa34b44a64648a7ca7462ae8b904d4c4de29d72f4d722b00abb84051,polito.it,-53.0,34.0,477415911.0,354107258,AP-DIMEC07,Staff
2436656e146560ac9949f026cf48f1fd23a7dc7e8c8d68a74f0319a68c0c735a,d11391c148cebbfe5d66686c9fdcd90874497a9f33062f01692fa75c775ec34c,studenti.polito.it,-66.0,28.0,78591593.0,6655906,AP-AULA25-TM-01,Student
ae5987d0f1fa62a9c347b3814fe3a79b6d619c0ed311029cb3a638e6c3e1aaf5,18d3f77002dee27e614cde084c66554f9c07ea769d1e22050bc1f0edd524945d,studenti.polito.it,-69.0,29.0,181310104.0,2631376,AP-LIFE-01,Student
5b552c4dbba1c82021839c82c1ed50886e2cd31ae774c555e3afa1c7c66a4278,03195dbbeceebe885534a0b11b9663916471d19255280708ae243216886cce09,studenti.polito.it,-58.0,32.0,338968368.0,116438741,AP-AULA10I-02,Student
0dd8b9ac903c1450ba912ce947912ca3509df4d4f7996c29faa8594ee03c4eb8,40c2525e72be62aff26cc26d855bab46713546dcf85d89d77fcb7d5bb46bcb36,polito.it,-74.0,18.0,87349476.0,60443388,AP-TRENTO-TRTA-01,Staff
6f97a560e8e8538469f8c3de51c7cb80b28c6abc3276bddc0a78b3c790b0e57e,02ce1f7e1c565316ce6fd1473da22b8a681bff7f4306b0bc0b29cfec9ac508a7,studenti.polito.it,-52.0,38.0,13339419.0,2726137,AP-SETTE-AULA04AM-1,Student
c91ebcc68f18899e14969492704d53892a15e05877aa90819893f3490dfd7ef3,8ff605633f6d2b7c2f48dca3b182994e05155d06b3f592516decc99fba936789,studenti.polito.it,-55.0,37.0,52190540.0,6444395,AP-AULA15-01,Student
7de54204a22bc7098a1bbb74c4f18d1b0a78cfdc5eac0ac0bfad7c8be51f0bfa,555ba84e6e3b453adf73831777a5da86fbe73773924c171e54bc247398d8c5a0,studenti.polito.it,-55.0,36.0,606998529.0,48386943,AP-BCI-08,Student
7bf6bf50d666b0e6be4b476417972c80dd593332d80e51e2ed8419de99b5918d,a7a9b808054ab0043e1a436ac3d7382de63ed221e3aa92b3ec503c5a9a9b5661,studenti.polito.it,-56.0,38.0,492572316.0,29128245,AP-VALE-BCA-ST-02,Student
64b32debe3f89d3c37f0321a0e2ce289c8922293acac511f7cd9adc5b3cf13b2,4411d60484ac8546adf3bb350f00cc437f2f3d7e746e3d9d760359aea047d0dd,studenti.polito.it,-67.0,26.0,39981186.0,3602585,AP-SETTE-AULA11AM-2,Student
754b17aa0a485e83a4ab3b89c5cf6124e8cd603ac316d91cf3c501338c91049b,062ec590cace59172b203efcbff2ac7018136aa7a6b7bc9d15c0feb268f1b51d,studenti.polito.it,-61.0,34.0,157499631.0,35479184,AP-CAPETTI-TD-XP01-01,Student
2c8eeda0d11d4026d1c10356639a63a50825e2b09e8ce955ce0a3869dbb50414,351f4a90566b6c367121e79950ec4d2be57b6240033d360945d66dded3520a48,studenti.polito.it,-57.0,32.0,885337024.0,19270666,AP-AULASTUDIO3-3,Student
8a46aef960381487e6a09283d35ee35b96a5f70a1d0660f7f9682c494136ffe7,aa4245110f2e488a8e40f34d3db9317fa055306a8abff6953539bb6ece4fd8b3,studenti.polito.it,-53.0,41.0,67940738.0,24844074,AP-SALASTUDIO4-01,Student
dd29fd03b9311745dc51ebf7fb0270cf6d1314e36d019e9917f4d5256e990897,372b414f8456715940b34be684bd8e85299d58a932b9e47ea19ef2922ca84246,studenti.polito.it,-59.0,39.0,101899024.0,22266612,AP-SETTE-AULA07AM,Student
0891600bdf3584e1a08dca5670a5b4f209b3cc02b925e315098a51bc15fe270b,f92ecdfb4e31eb532e006d0c19c1e56134dde88f2fde7f7be7acb9167a8e4834,polito.it,-74.0,22.0,4035521.0,1413086,AP-DISMIC01,Staff
da3d0963a70892bcd4774db5444315777713235d1b9d1ea80bf85f5b4f34c15c,4495baa1f113a49eb6d4bf3b99e3d755737508d472c33a8ff969dfc3fafeac9b,studenti.polito.it,-66.0,20.0,59769888.0,7988608,AP-LING-RECEPTION,Student
d16a92b58b06bbb2fc692fefc19fdf9a460aacf11ef5c0fccaae93983eada1ce,2b78bcd531e341387365ac6d2fe048b07b67eab1a04bbffe3c892bfd59399788,taltech.ee,-43.0,50.0,74221668.0,33045924,AP-LAIB4-01,External
2b2dcdafe2c91f120731dc5d7add5321ec3eddfc9c6dca3b73219d5939c68771,4140f1cb93008b63a212e035d8dfecf9ee0f8e8bfcef2b2f1db8c7e494519bdd,studenti.polito.it,-56.0,35.0,470958149.0,104074199,AP-AULA12A-01,Student
df69d327f4eab6422d27ea749ae3776ef48cd441ac39a6a3149c6ebfef6d405c,14ae4a3484f7a9887b5cf2574032825ea9e341ab5d3b0b24e1fb07296bb4ee5e,studenti.polito.it,-61.0,31.0,75964835.0,14479370,AP-AULA3M-01,Student
de1a55d89b1e81697987c1711b9b228b944788dda444929fe5b1dffad6b3a759,c442762a727de58ce60e3368e19436ec0f9aee5aadf684de236ed0413120efa1,polito.it,-72.0,21.0,958321.0,1176959,AP-VALE-MN2-02,Staff
f9fcb9e2139b8dcd30ccb3d046515b0620c441c55cf06fa166ffaced2b3eeeb4,e24141120d6a34974c9e03d0b28aaf18b7433c4a97551b4a0cee242e1c7718f4,polito.it,-71.0,23.0,249793433.0,29093868,AP-DIMAT-SALA-OSPITI,Staff
57cb78b6bd50fea87b04f0d74c7db8d9f576fba61965b36f95d75f8df1fa3ab8,1e19bf1cee15b018b062e26a1c778f3ae875318b5f00b96c3fdb519651e5e66b,polito.it,-76.0,19.0,27657558.0,3604661,AP-DIASP04,Staff
c45ff44b3978c3994d2a55821fdc087a29629574b55130a88778416072484af1,770eae366d1a9059423d88fc4251e7229d7921f430aaee98c2f1d7d81c8a4c24,studenti.polito.it,-63.0,28.0,49004900.0,13786038,AP-CORRIDOIOAULER-02,Student
f143d7aa7bed2f717974acedd97df0bd97f374e5d1d2b801832bbd3b0e3871a3,d26e03603a8b969b771d22dcc66e1cd1e9ae470dda7d97eb3e46e30a786ec6d0,studenti.polito.it,-51.0,43.0,56887272.0,24922487,AP-SETTE-AULA14AM,Student
f35326f47dede21485633cb360311a79666e0036cea38f4c9de7394c0dd53e0c,485141eae7dd6c4e983665f28b3563fa9d86c3f04f9318c6c63f7bc9fc6347b3,studenti.polito.it,-50.0,43.0,130744604.0,13752017,AP-AULA12I-01,Student
556ed5ef627318aaac6c9c7e08811f59591e98f2fa00f6db6193a91d7f3e3517,846ac894de6606cc041828fae7751abcb0d4b8e62663bdead8eeb93c653d3f3f,studenti.polito.it,-59.0,33.0,304732873.0,43706124,AP-VALE-BCA-ST-01,Student
63cc8009dca1ecd555a695075bcd5506b5efc277247376fe7176db16261993d6,26f777925e04bd6198cfebdc6105ea87845c7e8f2665da656209aae24baa5752,studenti.polito.it,-52.0,41.0,28755597.0,12110135,AP-AULA5M-01,Student
3ae32f1f5c1b845be94abbc6c6f69edeb79c182aca0c040a347d5a8c7ef079ba,c456794ab6675995366bb38e17146e4a5093e16e3bc50b4231e1e3163a4d7e04,polito.guest,-63.0,29.0,81800432.0,63172092,AP-VALE-BCA-ST-02,Guest
346d3a901c2c187963fe773c7b1fa72a6cc59fde55f258a0e78d051c6c3c0b12,2a7a23bb5452c9f12a87c1ab0d8526686175ae6ee79c070683e761c2c0a6010b,studenti.polito.it,-47.0,46.0,464364500.0,16506899,AP-CIT-LABINF-01,Student
95ec3ffb908ea9639beab0cff1087a96b1cc78645473ba5e40a57ddb23b2cbb3,63d4bb33c6657396597a31bbffd93872669a800d9f8b01ce74dcb0e44c510d39,polito.it,-56.0,37.0,174331068.0,23949414,AP-LAB-ANGLESIO-01,Staff
2111ac2074b8ebffdff68deb73f33c4f81e37c9f08c05ee879e78293b6897c77,6bf24fb174d2c2b37b211f9843cdbbff1715f58ba3902cc4657534b2ac3b62a9,studenti.polito.it,-64.0,30.0,5751110.0,9421404,AP-AULA10I-01,Student
a6f07312059607d6083fb4a74777de33dbe0761ec1f3206e0d8498e14f98cefc,4f19b33b2c319d018c96069e70bd46efc24c5abb3a83cbb7d577c7020e003d38,studenti.polito.it,-66.0,26.0,24679223.0,7039661,AP-VALE-BCA-02,Student
f321fb0226b02d83bc7ed4487576057ef0a5f1c8b1206362f8d8af87300baa26,1763153783f5620c02e3f5ece2084d78a8df10b5ad5f26afb1fff6227ac85006,polito.it,-71.0,22.0,6460215190.0,1174217160,AP-AULA1I-01,Staff
b0d32101eda9d31ee171e1e5fca458fbba458d7eb2ed9bafd84affa15beb80b6,83c8e496fdc086f1434700d1de374cc4636bbcb0d17e1dd4633a388b018ce84c,studenti.polito.it,-57.0,33.0,73300357.0,24160750,AP-LING-AULA300-1,Student
b66642c5bc1276d7cdaaa920359c7df09f71c4f5cccac7e90c4623e07b3aceb6,b43d217bf69be46edeb1c53cebfbeaff32be2f2f92c00ff842c80ba47324adce,studenti.polito.it,-53.0,39.0,152778353.0,27203816,AP-CORRIDOIOAULER-11,Student
b608dd047ec293a6249db27c21163767eb873f215dcf1ec14983ee78a648e714,95c1bd9d52087289de4dfdc394b1758d4be84c507120d63bbd59a52affd3f26c,polito.it,-73.0,19.0,55893611.0,12927224,AP-LING-AULA300-2,Staff
5f01f5c482c6cad577aa6bc2e59f39d3dac15511dd67353b7617d20bec591754,d258ba8eb4db8efd4ead29f260e48acae3f01252ac0e7aa00ebadd719fe15eda,studenti.polito.it,-58.0,35.0,354635836.0,23984251,AP-AULA4I-01,Student
fa3a8403796c1fc5dd548215803ec5f741cabad2c372028996daaaab0ca7d55f,66320e3e27c215ed0fa40d00723f44ee856b589b5a5cc87f9bfab46f959899c9,studenti.polito.it,-51.0,43.0,36848385.0,1840653,AP-SETTE-LAIB2S,Student
27353239dac923d6c6041b17057c763f6391e3000def108e053ded1e77642b76,eb747a47e93b70552fa3ded9f3a71c9128a322d62b92c1c2d81218c651d62a8d,polito.it,-65.0,29.0,11021234.0,1952853,AP-DITIC07,Staff
98e4501370890e3bbfb92de223661fb3a198cfc933fd69deaf1ba377ed652e75,27f7f2ef8f15ab139a3af55ea1faec768f7213bf0d3892b394d9f858fe19610f,studenti.polito.it,-55.0,34.0,38330787.0,1748784,AP-AULA11T-02,Student
d58a78e2a54f5ff54f85296beb8dc21680817f8b6ad09bbb632c5343fcc906d2,034e63bc87068d89e240b4d6d95be2b338780088f88fc19291fb7e3ce9cac3a8,studenti.polito.it,-68.0,25.0,18797768.0,4439570,AP-AULA4I-01,Student
1a8df29ed3dcbaa07c9a02b3a27e15fc8723f5d89a2909532ac78b0431a0ae11,d09fe5b21760cfb962a39fd41a8c792f4cd3c72b1d33f8dc93c98720eeb2ce34,studenti.polito.it,-41.0,50.0,78600390.0,19279158,AP-LING-AULA302-2,Student
ed2166232e4d89ae8fb7ab5851802b9aa3b900a951774f43825d9cb169bf7d6a,63581a5e94a968562a6106e6c1dd68faa6bf45dd7b70c9b41183a8c5d0f0a4f8,polito.it,-59.0,33.0,144544915.0,9705234,AP-AULA5M-02,Staff
c0c70837b33add665365427a2bf3eb4e7aa1430bd62a4f2e966015c7e1605f5a,a1f0d9755e6b439ced351e85c2b84efa5af5a5768844a8b964f315aadc57262e,studenti.polito.it,-56.0,38.0,149414165.0,18461230,AP-AULA7T-02,Student
d27a278ac173cadf47097e7e2adde7bbb1fd5645db0ac1b745149c22e648e7e4,38d313a67d41e19dbd4d1c5560e59ec5cb7a16bab9bcc55aaba3c004009c5265,studenti.polito.it,-63.0,31.0,62842336.0,10609752,AP-LING-AULA206,Student
d8c2ceb107a11750f5c9897b0ef8f64a1b42e6adc39f1a5553d9b2b9d703c3dc,28901a43d13065511a7853434edb6964bcdd2bcff7bd53cc64abbe4ab1396b8b,studenti.polito.it,-55.0,37.0,2225390.0,697829,AP-AULA5I-03,Student
8a5d539991e32a189f35f19f84daa1ab26d15b43fa7ee3002bd46540164fede9,1fc6f5122b0d7627925d1a0e3b2391a4b9f264cfef0f98d8df5b1bcd4402e0db,polito.it,-58.0,35.0,80537282.0,28363709,AP-DIFIS06,Staff
8b2e09751f11fb88290be5206e5362d3bcb93df70da265dbd95bcb724766c103,07ac048005403c911021bfedfba556f56cc8c218a19434ab3b3601ba913637e3,polito.it,-72.0,20.0,671962011.0,79222344,AP-DISMIC02,Staff
d13950422586ebbc3cf2b5852647a067c20f3d05aa1b4255ac36c7e42b1f4e37,9ed448385cdb6431246e1078ac525f2ac65fbb4768a9573aff52c5e2ec723ece,polito.it,-64.0,27.0,565617097.0,53855493,AP-DELET02,Staff
f6cb7cab9af79f94488eec3d3fd7d16ea9a2f443c06676e59f69d92116f33a9f,a53c58b34ba12085675c61f883f23994d17a56e4ed53c55a8ca0274b315ba7a6,studenti.polito.it,-65.0,23.0,290472713.0,34705862,AP-DITIC07,Student
fb4de26460764b37242458850bc2e4459dcbb8c3dabff16419c3aa2d22d79708,16e54acb7133bcf59f5d74d2902bff766e7b2cec2071693e20bfdd30d2d7cb56,studenti.polito.it,-58.0,34.0,24466625.0,5426376,AP-AULA4N-01,Student
291d262d0a01a33a8d34465a882aa454c3b125b20a2b2ad3587ab359446bc744,d323b1c3dffd03ef543e1e842ee2f6906c82052d3f8f4783e7c16b96142e127d,studenti.polito.it,-51.0,37.0,223277528.0,6369610,AP-AULAR2-01,Student
17feb6d29e6ad48f3dce1e54ba63c2962b7f571080515b925299ecb12d2809bc,6327309fedf94fe014ffe7027e63fd320a3aaf838e542a3de5fed7e5cadbfa53,studenti.polito.it,-42.0,48.0,329671984.0,13711918,AP-BCI-TZ-01,Student
09bb2f910908b7f72f0e0025eee92c3f42a36352d6b228b8b363bef0a26b7441,0985ddcca2a94af9674acbad79a035aabb469e5e208a02675eb4da80c3259393,studenti.polito.it,-45.0,52.0,22283872.0,6918465,AP-AULA05-03,Student
d5b49b5c727055aa9cf90420bbe8f44adc81a7727eb94b4c5dba93f0f5d56ba2,bd69d98ca93d74cbeb70caac2e69c98776f09ceff3ee586872c3f8699aef0659,studenti.polito.it,-68.0,24.0,89444336.0,25076331,AP-SETTE-AULA01AM,Student
f20dc3dd4806c18cca6ee6a2c40e4a24fb41e375bc332a392b0fd0b36fd4022f,a365b1fc912f7258216900f89759f133901ee3188e0fd5297112cedea880bb40,studenti.polito.it,-28.0,65.0,29455196.0,1451730,AP-BOGGIO-SALASTUDIO-0,Student
5a3f193af5cea75bd65b7d4752477daac75d57baded635d76282f5f2ba135c3a,e569fcbff67904fbd27da13d4a6b2ed227d54a6fb611cb2bd7c1c53890dd4b28,studenti.polito.it,-76.0,17.0,346816530.0,76124807,AP-LING-AULA208,Student
0ada5d93ffcef7b5692c7faf8f9feed0d5988bfd12e273c017fbea8250a53088,b74176cd00fc87ebf07cca57f0261ab2a8bfcba81817db37b827964afff2e351,studenti.polito.it,-62.0,31.0,70971994.0,4888648,AP-CIT-EXCELID,Student
fc442a8aae82b4263dff7d06cfe8a6412d2ceed5a06fe956bb97cd91297a0f1d,d0148a2d573351eb3118ab65e9859271038cc93aff680a6833242dd3f63afff9,studenti.polito.it,-62.0,31.0,1978815.0,848617,AP-SETTE-AULA01AM,Student
6f6451eb46fdf3346da8dbcf2b83623c975a5eb9b48d9c92c4e44a299db634f8,aac0eb6efebb7b41d8bc7fe53f93224d7ed08be484d2587a37bbecba324d2aaf,studenti.polito.it,-46.0,46.0,78814204.0,24326920,AP-AULASTUDIO3-2,Student
a64a13a385f8bb84409dbd3d66d03c49356e082287edff069b40d5a8230fe18a,fb9d526fef7db199e5f36953008e904493d91c5da5b35979a40fbe5b46da284e,studenti.polito.it,-55.0,39.0,596382970.0,16078019,AP-CIT-EXCELID,Student
95b9050c87c29fe27995e6a1448e30773805424331cbd837201d964ef2885e97,5fa518d7b0bf721939e40eaada72959a0395bffa937a17fc103861b2de19f3b1,studenti.polito.it,-53.0,38.0,49387911.0,1993861,AP-SETTE-AULA04AM-2,Student
f43d80f681eb1868661e4097362d3209f66fd38af466f3c669abe3a96b87fb1e,458021aee8f4c0d73acb70b6a9d4c53f20495a948fb9f43bd6324a6ecdb4d067,studenti.polito.it,-52.0,41.0,46382224.0,10549442,AP-LAIB3D-01,Student
339bae4305fea38af8747542adbe8d34e276ff1c86231227256ab4432271403a,fede4272c0c452d08a85c283a929e4f4831616e699e9905d289a1c877d2f93fc,polito.it,-50.0,34.0,76581563.0,9304476,AP-DISPEA07,Staff
9c833ef056d01cb0ab0f554b23f33573eb824541d56172bb1e4a7c7ba515757d,5334af43cd6b8b40058fda38190e464dae44f6e47b3339736eb363ea9071c30e,polito.it,-62.0,34.0,22962173.0,6740773,AP-VALE-DIST-14,Staff
ac659fb0cd0f46bda412112accb3825f84c01346ca3c9bdfbe9b996b538fc2a4,668a82985a7e5e75b1f12a1bd9b007d614d6eb727bec1bb6fcdaa92613020a8f,edu.unito.it,-43.0,53.0,520865.0,182637,AP-BCI-ST-08,External
693ae9fb2b3ba268bf223140efb5ce0667bebb4b1bfc032fbf66d5cca20386ee,d73f48c0c7e02894cdc01a42675c911a7ee1b0fa8c66102c05796b8a3d3ec360,studenti.polito.it,-46.0,48.0,592322238.0,33375381,AP-LING-AULA305,Student
7ba677769f1c67ead9e58fcbec462fda06fc0d9d34aacc62a17b4aca84e67ae6,212bb56f3770c9ce01243034c3cf21a02826d4483a19548f0e95bbb448d6efe3,polito.it,-72.0,19.0,2891363696.0,118884036,AP-CIT-DAUIN2-01,Staff
c902a7d5068f77d8abdc6cca62e54a099b2b625bde5b97d4e6a24fde2fbc682f,45255f7bb364b45bc70eb97f2616a07b672d042190d6d20474ddd85608e0288d,studenti.polito.it,-58.0,37.0,25489246.0,7415682,AP-SETTE-AULA12AM,Student
733ed0c1a481b235744cdcf952f040cd057d35e4e75601305f8a0406a4793a54,5de3d2eb0748b298d2321ce33a24c2824c05a00775996487039c2d5f4c0ff9ce,studenti.polito.it,-56.0,37.0,7244158.0,1898420,AP-AULA1T-02,Student
7fac17fbd34af7bc6c8cdd19375a64a3b036a34fbfe68558e9054b0c26952c21,94815b153c684fbc960be9a6bb048c1c2be2d668f5f9134d6d2e0423a5d8b59b,studenti.polito.it,-45.0,47.0,34017446.0,7640567,AP-SALASTUDIO4-02,Student
952bcfd689fdc6d8e03c23f78301cf36eeb7e31c3dec368123449891cd0f3ca3,6000103a11df671c7c9ceff68f3bc765920677caaf1521cc4650376f61236bb6,studenti.polito.it,-60.0,34.0,260765625.0,45497713,AP-AULA5M-01,Student
0fc474d6feb5bc6eae957ad80657d25bf8ed11b678282b780eab471fb62342a6,3fbec9d6ec1f81dcbfb7007b5b7ed7a2c2da46ba37c6a05be732a53e873d7296,studenti.polito.it,-79.0,16.0,18398516.0,134122220,AP-LING-AULA208,Student
1f62bc72cebb5d5b899f001a0e08093d85fe330d011f4bd74d75ea74783f2bbf,1e8eb75a74379d04333de22f22e4b2b7061be48f8848410dd61c8a4557cc91f9,edu.unito.it,-47.0,45.0,87928143.0,9292082,AP-LING-AULA213,External
ab9df3dd1c3358a9fd81fff7961c2f417c0b39c67081e4e057f233d034fb7ec9,e56e052dedbb3a6f4a583fff2e797324617df932e073639c8651bd94a6118017,iit.it,-56.0,37.0,179236195.0,76088006,AP-DICHI-3O-P3-02,External
ad497f9936025ba1ab17cadc659a5d650de850f0f8d112779d2800fbeef2f990,ea4e83f78fce86c7e39d6b68d6f356795c6a042e772886509100580ac08aba15,studenti.polito.it,-55.0,38.0,105156267.0,4542752,AP-CIT-LABINF-01,Student
4ba71fc81fc18b312a1c28012701f1465fb20b9d8c7f5f4d4e48883c931b3609,bbaf8623598727f20bd773f5d8a2c893cbe39ef9da67b553ac9d474e009778a9,studenti.polito.it,-39.0,55.0,190471801.0,3914816,AP-AULAR3-01,Student
88db2c88ceba8d2b99ca143b199733c031470b97789f73bc4886535d450de8d4,c263ddde5817adefb4e28918dae50ee32dc0026ef8094c60ecce7dc768eb9b6c,studenti.polito.it,-54.0,30.0,200744.0,131187,AP-CORTILE-01,Student
1103d77eac6b6f4ec0be62badabfd9269859a7edf3132b8ee4fa949471f5371f,8e14d853bfd463bab14fe6b3a183740b7a9a739591e110ff321f75d927ffb9e3,studenti.polito.it,-67.0,27.0,2517988.0,3344745,AP-DISTR08,Student
77d27406a0e9d42550ab70148613a697acc9122c414591779189029572c8660c,fe56e62e272ee153a6ec835ceede6d65cd3a9dea59c86382497d44f5d657a9a8,studenti.polito.it,-54.0,41.0,265809111.0,5123633,AP-BCI-05,Student
4d2c42b66ec7d7d6b1f3f5c7a3534bfc8b7c39ef858f0c651cb2b3f0e34e3bd3,a99494add61924d087f9aa96ffb9747462bb6462999e887174be5e5a2b79b7d9,studenti.polito.it,-77.0,14.0,209912.0,132424,AP-VALE-BCA-02,Student
478174b6ed127bb403e61a19221e103fcd21ac611c27c4d69f105e85dbb36f65,1126b74c1a901baa2bf8d8b8b450462b6b2b8670291955b16fdff0c814276f1c,polito.it,-62.0,29.0,116745.0,839962,AP-VALE-AULA9V-02,Staff
ab4aa34bcc2f2e2c02cff608c435ab08f498158b08244b1ece1463eda025c549,ebb81abf0bac8d925119d72bbda8f3d952243139fe2c7c7cb3819d1bfca7b404,polito.it,-72.0,23.0,99574125.0,58306015,AP-DELET01,Staff
483d78fe204265f5440bac56b04744f5e7faec6cb7f2b9e6461c0485a7897d2d,ada406f249d427d95ed293e132f382e6c760f80f4ae91e0cb5d788b23e304579,studenti.polito.it,-40.0,54.0,245674155.0,46897362,AP-AULA2P-04,Student
100bf21e60b1493ca88b8da02d42a23acb9de4f237519cf7864c8a3bb97a327e,911a1776d94211d9d2b4d7e0f6a37bcb5727832fb97547100934c22823b1465b,polito.it,-62.0,33.0,2660190561.0,1275789316,AP-SETTE-DAD-02,Staff
0f22dd364bf5c6654494bb09ca0ed6b890433d5978916b0f6c7d771e031969ec,8adf5f1d539089c6e2658062afcf6026d44c7834879aacd1027ced2f26e5644a,polito.it,-66.0,28.0,46740.0,863357,AP-DIMEAS04,Staff
7c26944b6ade4bd14be0bd5a4393aceff604a365d686c3de95dd6d76b83b8312,ec88d252cf84100943710e8364179beae4b27383df0767c00826ed7830f0089d,polito.it,-45.0,44.0,340489734.0,80233598,AP-CIT-DAUIN2-02,Staff
3dd19f76f1877c64de92872f4476cc148b6e00f6ada44abc5cf030e82e99f8c9,da491be38fd948da9aebeb5ff9bfe8331d05282339d2a520f1bbdb3435218e2c,polito.it,-52.0,40.0,272298851.0,12452650,AP-AULA13S-01,Staff
ec3d0f921aef01367a6fabcbfd4dbe163fb7fff17a8cfbe204187c15b698bbcd,830b4eeecdcfbf117d33ddc5a176dea3fed9b7a5a23e5e72af64792981cfda33,studenti.polito.it,-48.0,41.0,60320072.0,35437858,AP-CORPOZ-13,Student
8949eeff73911d52cc8f6468e3728d12c2a127d5b5e01fc67986a7162431fb66,cce7c6d44db7671d964b865d4ef4a2eb2e221128725370631431c0dcd8388a08,studenti.polito.it,-55.0,38.0,866942624.0,6716909,AP-MIXTO-03,Student
e3f978522b6aabfc4491492565bdfe51626c0adef0e879f67b5801f7f7bb2cb5,cb8f8656dd9359a5ab30ea916ae498d5a8ea0ef293508b7a3d61564665b7357f,polito.it,-68.0,26.0,134029214.0,20840286,AP-DISPEA06,Staff
6e84d88c8ae748646cf66ea27ffc31ef5823a1bd83be5e4c0b36a08647bd181d,6c7de3a0e7d8258cb1e98137280064919c3dc37e54b0e8aa111ca1aa8d86afa2,polito.it,-70.0,22.0,1423466.0,1006711,AP-SALAMICHELIS,Staff
64616dec775822720ad15efe4d2e67ee9de62c375735b7d6a61411e1ba9cfff4,4dc63bcda7c939ad2c0b38b0c0816d11f29567f1afa75e443ebe163e523ace31,studenti.polito.it,-58.0,38.0,15898537.0,7239975,AP-AULA27B-01,Student
60966fdc82ecf5da561f9f89063d8ba5e68fc8616587d17e6f5e22baa773835a,7d71b5780cf3426fab5f9e3332de82784d3dd187c71d11815c8484a9eb2fd53f,studenti.polito.it,-62.0,31.0,222249046.0,304963988,AP-VALE-AULA9V-01,Student
db489092bfe62bfaf74564a2cff10056b3dab675391918177164588fd9b46f31,964f379acedaf9a631809df377a278b86ae53cc6c951a1e979d56bb42a0a443c,polito.it,-63.0,27.0,124052499.0,93746471,AP-DENERCT02,Staff
a3279ea06618a33a599a7dcff25e0d9bb6c7dda512c62465edd1c13be23b41d9,947e921bb09a218b7422010daef87aa0c82ffb54685e3e683e947843b773223c,polito.it,-48.0,47.0,5911655.0,2576667,AP-PERUCCA-02,Staff
b47fa9db7982693192c1cb125cded5fa54afd7001d75da7575870b1c4ce5d18f,fdc1c47716a0a087ff8415950cc694bccd6732cb2fb25059238f66dd3e752bfd,studenti.polito.it,-46.0,46.0,220947557.0,5168161,AP-AULA2P-03,Student
7cd009f0361ad4a7210bc61534641d196e0712ca91489a2d69458d6b920ad618,b8dd6b54805cf35728a44e297c12ae2fbdaa7908fb27b127e7f286a29e208187,polito.it,-50.0,44.0,122815412.0,9823499,AP-VALE-CHEVA10,Staff
d03863c1cf63988bb2822405ffa38f73e5613d8a07ee5686ea788d19f77b89e1,6d2f9ac2a434fd2d278bdf5920be061e8bd281acc1197d1bb11390b67b28136b,studenti.polito.it,-55.0,36.0,84935604.0,10478627,AP-AULA03-01,Student
906691639ab649c7fbe1d1b739994bf77ebdb06cf3da9682a3ca8d0eaac600a7,b5650a160707cbccf8285e6064963b26a1175d7b8d09506559690ecbcea422a6,studenti.polito.it,-43.0,54.0,40249547.0,5618311,AP-AULA05-04,Student
5534d7442ec070fa307106b94b9f0d51bffc01cdca5766c6325bbdfa2bd32710,b194d27ce513b885d31de66e65fa2d6925b4e678773a7a828290a53080a463ad,studenti.polito.it,-47.0,44.0,228023433.0,9861744,AP-AULAR1-02,Student
42769dc30338945ab1b81d1540559b66d230713688cf1054d42fdc5ab1103515,970006de055c0354c5fd16ea578221b4bb24c9c245b5eedccf641c839d6d0d5f,studenti.polito.it,-70.0,20.0,79541489.0,5637929,AP-LING-AULA213,Student
6f01e5f881df74dc4fec852eb39fa8f39302b10c5daf256ec654f2ce50a45e23,b9050518ab77e44bbeae089fc2e83db5c896648566406662d424c461ce4d37c6,studenti.polito.it,-54.0,39.0,67421070.0,1841057,AP-AULA4N-03,Student
b6e6c9ba47973ae691e21fe086a615a873bab34952a615a8f90c720fa18da2d0,2323e2169b4c22527b2a20c9f4f3018ae02d9134a1d020f3063a5954b04c70a5,studenti.polito.it,-73.0,20.0,52686003.0,5178120,AP-CIT-DET2-03,Student
f31fccda920ba4188f87e29604f7553e5c24213776b06f5b6179763d9dcb6804,38d13ec5b193b473b7d4a2065d374a5fa90eab004ccb3d0581bf767b6fa5ff9a,studenti.polito.it,-49.0,47.0,16687335.0,2995766,AP-AULA05-03,Student
a3e7d9bec050c2d287977b06351b8b9a02203fb057176bada3e6f40116030859,94617247acb7a4bedc8ca331f2ab3cd64cfba1fe460e979b3707438258a3b4f7,studenti.polito.it,-60.0,32.0,105454855.0,11772668,AP-AULA2I-02,Student
9f656c6dfbea67d8da246777875f7fdc9ca4d30f56d60c5c314b2c9bbab96503,5d8fc5b33f486d19e89649b8c9461e0cdb5531d9acc5bd396df2a17190b1b69a,studenti.polito.it,-54.0,36.0,355683262.0,5337752,AP-AULASTUDIOR1-01,Student
dc9e19a5a09d893e9357ed520c8b917fea1390ed1651904c36194b3fb21a97a1,e0c3f52b401a033234b04f48947382c670e9cdcaf8b6d1c2efa93921d58d6ed6,studenti.polito.it,-52.0,39.0,131248519.0,6145304,AP-AULA6C-01,Student
4f3b7da9d827fa1e80bf6476789761f2d0f3977c7e885899b83629e01cd492ba,700d374f159884d195f6dda642148cf3215b8b7dd29fbdc23994b812a8e49ed5,studenti.polito.it,-61.0,32.0,949515047.0,182879822,AP-ENERGY-04,Student
7d09c66257631a93d0de547a0095bf5fc3b34d3ba769b711a2746bbe29c71c89,15ff324b4b5a96d3c507074fa249b9a5292ff2d1211ee8eb200369623d2fd490,studenti.polito.it,-46.0,47.0,114727470.0,4643994,AP-AULA23-TM-01,Student
432471662bee2bad4683242a66afb93010d6eacbdce3fd3c47af00eb5ba0dde6,160524f8bbc5a1e36b06f2b3d22c32547c497efea4e5cb3d4c67f2d1bb31bd90,studenti.polito.it,-47.0,43.0,65733935.0,7439581,AP-LAIB3D-02,Student
88cc3b8345fe6a90f1f5f7bd3d4b56eb919c999e225713698a9ee333147bd375,3805501573cda9650027cd97edd34e6164ae396567321d6a132790b27c12d0bc,studenti.polito.it,-43.0,50.0,66426618.0,47927784,AP-AULA4VM-01,Student
6d11f9e70718cdb155a65a1face44149b71eba0b60929501f5edf176fdc6a77c,7732d7245964544c8c94733a56347fa01e0da0126cb6555e5fd3c187f0cc53b6,polito.it,-52.0,42.0,2688425990.0,189922581,AP-ENERGY-EC1A-02,Staff
f7e3bea7c35f6f825ec60ae8e80e9b5aec9ab5fb0df82321cb71713dd034aa4b,005278d2da2b8999060fe35a948c7070008808bcae5a2122e0eff3df6e1eaa5d,studenti.polito.it,-53.0,40.0,7435019.0,1200260,AP-GESD2-02,Student
13479c3acf0935ca19770757dea8cdc80466512fe72b11bd445c6d510a77f380,e316522b396f136c00c541e2b4755ded331f5b2bdbce42e714237f4a0394b3d4,studenti.polito.it,-49.0,44.0,53694858.0,21471311,AP-LING-AULA211,Student
0b8bdea2162bc9a4a1b0763d2af6cc01596d6cdd5b976616a398fcf0ec8ea8b1,a0807421721a8d007271908f1216e9d0193374ad7e7f7b08d98e4b559ee5b429,studenti.polito.it,-61.0,32.0,20151035.0,321329464,AP-AULA6I-01,Student
31be20eaaee1c70f4d01602c5255794d3dbcaf88fd817b253b345f4534f31264,a8922b0e9d7f910291666e48e9f7d567dd69724c6e18f3cd8f672ca9f26fa553,studenti.polito.it,-46.0,27.0,319233705.0,17320324,AP-BCI-TZ-03,Student
d4a4c0c9644f62148f9feb16e1cedd9d0203f6fbb3befbd5b11b108e48a36b11,cbeff2a6a4f86185f54789a76e0ef6ec297077131b1244f6f8db436be52078e6,studenti.polito.it,-41.0,51.0,25204745.0,2677187,AP-AULAR2-03,Student
81b30c12060c3005ab912445b54698df9f68c8a854e9ac0447ebe570aa1543be,b426566584c7c7df92bdcd851678a3bd872c1f52cabfeaf862423f0d37334a93,studenti.polito.it,-63.0,31.0,511301.0,197060,AP-AULA3I-03,Student
73fbf97a9badd71412b80d3683d71030caf02a9d4f819ba486b44970c3c16988,f6aa46109bf1271fae8af01b878649fc28bacafe8d93f04aa8cb605e1415e170,studenti.polito.it,-66.0,25.0,40676646.0,1695249,AP-INGCINEMA-03,Student
81074777ee97fc678607ebfda772f0c53218696a568f3978a07a9c9a4dacadf3,4aa95a004e541a5cdb8fb5cd2f1d9ffcfca42c724168b1f7c5d2668ebcb64d2b,studenti.polito.it,-57.0,37.0,17444702.0,1800300,AP-SETTE-SALASTUDIOA,Student
a2671627ed91b66fa2b5f4c36aaf0d058f09cfad34a48196231b199fa97a569d,d727a2e42fba4c535ef3a6440128f4355f651aad9718863cb497a1d4228cd7a7,polito.it,-60.0,29.0,54824749.0,5140110,AP-CIT-DET4-03,Staff
6ff0299f3dbbd615cd2f94863784a34bed4a2d3b256b9c0607d872ea3143a088,97701c583316b4265565ce768ad47cf126911b13c308e8c2f427015ba58446ff,studenti.polito.it,-82.0,14.0,243937.0,122409,AP-LING-RECEPTION,Student
68cc451ebba1afde126bc8f4bfb9fff8c0bb482238e8a3e955a486db8fa4ae3d,bbaf8623598727f20bd773f5d8a2c893cbe39ef9da67b553ac9d474e009778a9,studenti.polito.it,-52.0,42.0,1185418.0,696335,AP-AULAR3-04,Student
0a7f865becf53344aabe193c8f99e43beadb56577c067ffacf856aa2b9f9d4e6,fdb99fb2b94c415886ff92b87e59fd171d60410dd64b7fcb76516b54ee74d534,polito.it,-56.0,41.0,5661908.0,1987068,AP-AULA6-04,Staff
03188aa44c637cd24a8ca82363f6f4b343d21378748b925bf8e883d9417c7d36,8d8947b03074567022e326317499e0b4a5ae9b49642b1c9d1be2ea0cb032a499,studenti.polito.it,-42.0,52.0,1914145137.0,234963447,AP-AULASTUDIOR2-02,Student
0ad836bf49dce3360b60cc2b30d71c666eca0093f62a856ec9a2849d828e1d12,48e754aa7bc743e2556ba75cfc8c9192552736c9da5156454fb3b23d1862ed8a,studenti.polito.it,-68.0,25.0,451793.0,90232,AP-DITIC03,Student
b3d2111fa7ddd9337b92cb1c2648ce42d1a96e338c31b657621fc959e8da9d0e,254140d0e8c40aebb4e8e5788a4521656d0a482fa002c8f0a3f298cfcb879a9a,studenti.polito.it,-54.0,42.0,159619.0,167336,AP-AULA01-03,Student
c1850122f9ee8a29ce8e4f5d657cc0581703e2a42b3eaa13398d4dc0f2578654,e9755d2d89e237326ecd78976e797b8f0186e4999269248aec717f9b658116c3,studenti.polito.it,-56.0,39.0,51460394.0,930706311,AP-AULA11I-02,Student
debe37f09b7fdc72ace18effc1645ac628c2724ed85d466a98ba9934558e529b,862ac34de27a39edc2ebd7b5cbd75295bb5b2e236d356a30ff4c4f6da2d49059,polito.it,-48.0,44.0,64970644.0,2050129,AP-CIT-DAUIN4-06,Staff
53da84779ad63234cab82bbc169cbc22c01a0c52d38e165140a63f51f1f04f85,47486ac95569894771bc9c14dd45051d3a2606c28b347160cbae1f97f428d9bc,tu-braunschweig.de,-64.0,33.0,2985633.0,2148715,AP-SETTE-AULA04AM-2,External
a953698af9e60d1f971d554114486c65f678ac565ec13532b941c5ab3ff90f19,ac92d9995087ed3637e1048b4143e18578da39363326c759015b17dff4ef630c,studenti.polito.it,-56.0,35.0,8162226.0,1721187,AP-CORTILE-02,Student
41321e65686af4fda4ea48662e817097b446b0834ab846abf2229a1f499bc873,1712680dcae6ad7a3b6b71712f1f34b763d05bae481967d79cc13a032c2eff65,studenti.polito.it,-64.0,27.0,439533.0,272677,AP-AULA4T-01,Student
64f947b3ffa03e696dd0fa01c453c5c71236af94f0268427477c496ed7bc0877,,,,50.0,34338.0,5124,AP-COV-C3A-XP03-10,Unknown
be6c73ffc8358479f01577e7c088e0ca8b86abea64151b12636faaa3a74187b6,2c333c0c587a35436b8677cb6bb999cbdde2c658b5405751c76f19c24776a7e0,studenti.polito.it,-56.0,41.0,23039562.0,1072934,AP-AULA27-05-OFF,Student
7927792b3bf8836f91b05ac10c29d68a168bfe10d9fa55afe570e7419b723e1d,170b932338fcc69a96dc84d3c6ab314d405047b0f9f43f09ae89b4beff089852,polito.it,-57.0,23.0,104049316.0,7799942,AP-DIMEC09,Staff
ebab6dd8815c3df4e8ce2a7bd7299b760df1f2c74be7537b368a553d5b758618,97124a8d87adcc87d4517fe6b1d678c87ac9fd9d4491170c6ae5ec11f1a5d9da,studenti.polito.it,-85.0,8.0,1890929.0,1002287,AP-RETTORATO-RETTORE,Student
ac9cce8868ebd1ddd27aeefaa8ad2096d33d9c88c778b99873384727401ec8d8,d17d34fb5726203f0d2de54c46f9a03ee85a88f885d3ccf6d545b7c4b7933136,studenti.polito.it,-50.0,42.0,774401236.0,43808132,AP-SETTE-SALASTUDIOA,Student
7f88bd3570342d2124deaae7ed077ddc73469ab1a7cbf54b75e0de77e1d3a5a4,ccf1b88b4e1cdccde7635a391103f730e11f77ca848a008c6dec44df78ad6efb,studenti.polito.it,-60.0,32.0,25752235.0,7808817,AP-DIASP-CORRIDOIO,Student
2f91ab9fb6177e6b7a54606399977f07220b740f6d98596d5da8bf6283be4b00,d26e03603a8b969b771d22dcc66e1cd1e9ae470dda7d97eb3e46e30a786ec6d0,studenti.polito.it,-52.0,40.0,15370210.0,3773474,AP-SETTE-AULA14AM,Student
c586d24626a3b6659cef4487c13cb4d68a302ab3e7aec34fe3e93ac551ed59bd,71d84407c2b3f0199c7f153c0f0e015f1d30676121cecc11cf11a7a823d0e4bb,studenti.polito.it,-57.0,36.0,74761677.0,17191320,AP-GESD1-02,Student
9d50ad4264626bb47a34e4283992ecab5e16f650ecf22fa29b983eda5692461c,6c201d57868aeade5728c6b7f2087e193ae52b8ba3dadd120925324d603a9a6f,studenti.polito.it,-64.0,31.0,47750979.0,15490940,AP-AULA10,Student
a66b4d685287602a1f29d721fee42fd47f42bb4e280b16bd032d71f87ab6c4a3,,,,36.0,46730.0,3362,AP-CIT-DET4-05,Unknown
c6c53b55a98480b4b90058380154758cde645b003adee77f8c44b37894dbe4b6,b759a7c294aa3d642b254b3f829d7e2a01ec8311877bbff1a52d6a861bcb12c0,studenti.polito.it,-59.0,35.0,73709.0,41795,AP-EXREALEMUTUA-R2A-P0,Student
a2cacc95eb786eff8390a4d793d2259599f1f44998af6f1f7a4ada7ba9508099,d8e14284243f0bd7dc080298da83a894ac4a6630034c4dda99c408e948c8439a,studenti.polito.it,-54.0,41.0,2186773.0,950562,AP-AULA08-04,Student
070cf868115a3df7f65080c727367682bb37a83a7cbf361bf0d5d9c2c64384b7,3220f091420732acd845b0463559ee32c5e29e24eae825d61dc49cf79a01c34d,studenti.polito.it,-68.0,23.0,66666948.0,3130472,AP-CORRIDOIOAULER-02,Student
24b77b709672343d81b51a1d7a14be6152b0993aea8001e64526de83a9a39ab3,4bb79a5cf456948f62f1ba69f4483044047598038c144ad750647b6b1ffcd75f,studenti.polito.it,-56.0,12.0,67596198.0,20545207,AP-AULA13-03,Student
23d9b785614066c6a8fba8ed16abdc807ba1fc5477196dc53757e511a47525bd,4dfbc173d5ae00b7ac91f4649150df42e6e0ac1216f2ddba54adb7eed7158aeb,polito.it,-52.0,41.0,446754.0,386354,AP-GESD03-01,Staff
0e79cad3570b03ba85220cdffabb2e27817b1c6d01536c3f5a09248b00b87ff2,a58b79591451fde0cd9fd377e205d7613c70cca6201da0aba6c12ad76d2acaa8,studenti.polito.it,-67.0,25.0,10453484.0,1510682,AP-CIT-DET2-03,Student
bec0bb37cbb1c7e043c0cf1c2e0a17b6164349c92bd25a9f85fea5522f78b751,a955b040d8a99ca4e6f5d991091a362dc7c9e675bec3f37d639ef327d089fe21,studenti.polito.it,-71.0,26.0,1560266.0,824625,AP-DIASP04,Student
6f9909985c8befcd6cab74d880e1d1fa928ded46861180efde1c79d5060cceb6,ae8281fee8439d0f1df417d58a492c1571d30404eb106da76e85afc71b10503b,studenti.polito.it,-58.0,38.0,4625151.0,1468268,AP-BCI-ST-10,Student
bd3849fb2fa76d2812ea7bc26cd20b09474be6ad9985cc7ecaa7b00852e649a1,c7ee1333d6252206c51fbb7e6f12e915feff5fd21bda116f7b2071641d0f1a56,studenti.polito.it,-51.0,44.0,9003107.0,1818100,AP-AULA6-01,Student
32763731c9fb5f18c03bd3598b2bf11eb71d973104f138dbc02a1c8d36f6a4d1,1f857147cd0827b65fc6d0b1449b599527a26b262446c78a8642bd9f99ac9438,polito.it,-57.0,31.0,1046865.0,616339,AP-CIT-DET3-01,Staff
52b7251179c67ca031c2aa839388c061de3c449cb3a6ec3f39a9c02c2d70cbad,3af715973dd10a561fa4181273566c52b635eb0d1b9943f3b698f77b477cc226,studenti.polito.it,-54.0,38.0,2389366.0,1902390,AP-LING-AULA301-1,Student
939ec6b6cd4a2bcfa27b1f5e4b19215c961bbfdc1f41dcc3f8441f65c19518dd,a86d7f85277ec664aa509a431778cdca245939898a154e659b42526618de388c,studenti.polito.it,-58.0,38.0,7088117.0,2226805,AP-AULA2-01,Student
f7785a0995254d1e315f3642f59fee0f6896edb80968f0f29a9f5440caa715a4,ce14d00d8aef82b88ec305cda125c846ddc09dc37589dd51c5f6da0c29f61464,studenti.polito.it,-61.0,34.0,40553720.0,8147995,AP-BCI-ST-08,Student
706c4173c8ae0dc6ec1508f35ba8f891a0c8f2bfb1bee5376605b9cd37ab7d9c,6e805509683bc9b848f2b017cf139dad3368113734895968b517a774cee0a434,studenti.polito.it,-52.0,29.0,5228593.0,3002216,AP-AULA12-03,Student
ee6098cb4e9974b253a13641bd7c8ac8561f675064cb12b98732e8bd2e28a5cf,445f0f755ed2b05fb43498e6eb4e5f8c0cda8a81e32b7f7d12a6b1501e427c6b,studenti.polito.it,-51.0,41.0,2602246.0,778810,AP-LAIB2B-02,Student
2bcd027f27426361b949dde3e80432645adc3cc158f41d6b4272171b0511def6,f729dc7ee52ae28ccda0602b36f80d96439d0ed54b99b026aa56241cce270ab9,studenti.polito.it,-84.0,4.0,162356.0,130967,AP-AULA1T-02,Student
7f4e197c68c25619bdbd01d90fde1e3ef9a570a3f5d79115219d3f83eec06c82,eada3020f970006eb8caecf96362841ea934a8a8151a470bfdb3d5783d9504dc,studenti.polito.it,-37.0,55.0,20355870.0,2199391,AP-AULASTUDIOR2-01,Student
f171914f3f16e77ead2f2fc85055f6dc6f10cc24b667ee4811c1f76cb2df1c35,c7ee1333d6252206c51fbb7e6f12e915feff5fd21bda116f7b2071641d0f1a56,studenti.polito.it,-55.0,35.0,198909.0,108061,AP-AULA6-03,Student
246baedd248dbdb6d5fffd52b88b7bc7104f9253edd330637e21be309a5704dd,8ec59f8f903c67c001e8da4b14c63c77e8719e99a509184ea1af7903ddc5b06c,studenti.polito.it,-64.0,30.0,216629.0,138335,AP-SETTE-LAIB2S,Student
594803ddbd3d9b270c910f4ed6f62a480e2b876c84d561a311ba3774039babbf,4f4d997dbcde7c2bde2f9592ff12f1cd1ca4cc407b4b45bf65aecac48d6fd495,studenti.polito.it,-51.0,46.0,0.0,0,AP-AULA2M-04,Student
17fbd82636b40ad424338b699929f947aab41807d6f2353c1328d1716d8c3b58,d0f70ffe0b68ffdce472ceb754c2b5a47a45fb6fb9b0a47c353b38415ddf5f8f,studenti.polito.it,-50.0,41.0,18841130.0,6087840,AP-AULA12D-02,Student
80ad6b2df933f8414784acc879a1d320bcc15231015a93f091104519e2c6ade7,9264d8aaddcd08f4c31d3d647fb920c3e269f57028676d09385a2a309d3dd082,studenti.polito.it,-61.0,34.0,151730989.0,8672459,AP-AULA5M-01,Student
125a3bec48b40155f5474dfde21027dd85a9765006822ae81d26f7a2cc284e95,b24d861c88e9d789a9817d669d93f39a32c37e6b42a1d8b263661cb64909aef9,studenti.polito.it,-59.0,33.0,1241877.0,449667,AP-VALE-BCA-ST-01,Student
9decd4950ce3ad966d275699fd13dc67c11ee2bf07d5692432cc1449e91344ed,8ab2415caf63b83a066bb08d1ba4522a210c9046229d9e2a6f790ad596784dbb,polito.it,-79.0,10.0,43368.0,39211,AP-CIT-DET4-01,Staff
ce81a5b403e58dc912a1646090836912c6016e008928052d7f6c725463c19403,,,,42.0,27963.0,1676,AP-ENERGY-AU04,Unknown
f82eb6285ed5636b1e0e9856d1938ae49857b699f1a3800758d57df23903453b,ac68453e8ccdef19aff4c5acfbe867bf3348e2448628bc0cb6f3c4c67bc20080,studenti.polito.it,-53.0,36.0,1733279.0,889625,AP-AULA4-01,Student
d16aa24df8b7e93e540ba88e3797ffb0055f840d2dc7ce27b812d2413792ad66,988b6b3176bd312b692fc1ffe450c9ab84c35c8d49ebbce5d6985e0409e8fef2,studenti.polito.it,-75.0,20.0,58581473.0,33756526,AP-LING-AULA201,Student
c27debbcb43cb7908bc01c64a6f98e8bb04a7b7e831954836989242b87c894ab,afc52b162da1af61f1cbfb04006894cde872e19504b9569c8d93a56ec066851e,polito.it,-85.0,10.0,14362874.0,34016421,AP-DELEN06,Staff
3b270a22c6416a6087d5c11fc5b39cf1aefa142f412e69153e686d982972b665,2da0647cfe4863aa410ff9f53db3487634f6eededdcc538f734fbf2c4b65fbae,studenti.polito.it,-57.0,36.0,3867934.0,1420130,AP-LING-AULA305,Student
a230ef9fe114f991962111682ee81a3205f3565918f0617276e2acaa390da0d3,0132281d0066b47fc134bd67c14a6fc5c48bf0ce32882b2a4f1833c756105d57,polito.it,-52.0,41.0,3134422.0,1237343,AP-CIT-DET3-02,Staff
72f2363513e9a8a39660bf69008fae79d529e1afc5e30386d833c38d0b78846e,805a030de1a442d502f5bc49593d0a8c2d076a4caa88c6761047091b75759d94,studenti.polito.it,-57.0,39.0,572526.0,416192,AP-BCI-ST-10,Student
c931bd7e1c02c0db0ef79c0f582600ce09a372f5335fce5ac6628c6208975171,1eada5d661ee744c0be6fb34e650c43b823d62f885f0dfe86ff11d3a7942283a,studenti.polito.it,-61.0,33.0,326307.0,344057,AP-AULA8N-01,Student
b2fa9a07ebfb7e12a45c13b4d39058290b80cfedb85b807ceb4b85c6a63a2c0a,13de9acdba897785355e49036dd5da67086fc37ccfff873bb649e11719247188,studenti.polito.it,-50.0,39.0,177755218.0,7870401,AP-MIXTO-02,Student
18be014afeedc05cab4c82bd4471fa438a8a25d64d2914714889896ed92b227e,ebb1d899663cb9e4443cdadb04b344cdd67d123d0283d7931379794c35f674f3,studenti.polito.it,-64.0,24.0,71122657.0,74621091,AP-AULA8C-01,Student
f36e68b4612c3410d34e642f7f322ec78e0fbb5fea857d5bae39911c642780ca,44828a4db755ad5282462fe0f3df2b5a87285ac9330e7b7baddaa97d229935c3,polito.it,-55.0,36.0,1642109.0,585163,AP-AULA8I-02,Staff
9cbf819a638064fca3b16a70990e1b58a4ed437b31b2c3bafa5b439de01ebb92,e84a13548f66bfa47a560ef8ef89d3b7c56b18d37828a1212cf01244a7616b3d,studenti.polito.it,-66.0,28.0,9278711.0,583616,AP-DICHI-3O-P3-03,Student
fd33c97556c6c43ef6f16ac3ea449a155a94ee939a07cd0da490abce61c163b3,a6e0b693eb750fdf04c75cacda25f19f307b86d83d13498d1b2331c327228ec7,studenti.polito.it,-56.0,35.0,3615719394.0,35234039,AP-CORTILE-04,Student
4b85220256000467374c2dde3f8de02aea686dabf6a4063bb07959b9dc99e9fc,1de29d1cbc2ede5ffb5d4ec7514083610cc684e8cb5571adcfaa3da55b1d2eda,studenti.polito.it,-83.0,10.0,334810.0,172118,AP-LING-AULA305,Student
39f79aa14e2a7f4ba92b4a7eddcbeddaa5e4ff3975bce6de2be0927c6d71c886,63825db7b7d40931507ecb5bb22a15b639dba5713444d47534001c29e4fe873c,studenti.polito.it,-55.0,39.0,1194867296.0,145712816,AP-EXREALEMUTUA-R2A-P0,Student
a8104eba00b7e06bf52e240c47035591a4264478cfa2a53db91c4c9b70f6c556,93d752dd577da1a161927496b9be38a815c877f03757f6d6d2ccec203aa22a49,studenti.polito.it,-50.0,45.0,15307782.0,2095809,AP-AULA4I-01,Student
d175cb474c810c3e4fd3907cbcba7075e5c4bdae7f2eee2912bb34028ef2bc03,c209c45bcfeb33d351dfe56f935a926cf2635de50ae8bde2779384576ab87dd1,studenti.polito.it,-58.0,33.0,48885044.0,8695741,AP-AULA7N-01,Student
dac412b1dbaba2a015794b649689aff860b2ca4451c76d25d07133aad77912ab,3b35bc2486a65b1c13a6bd4dd067a4a89aeb36f6dfc7efc3b8fe69bc3e3ab7cf,polito.it,-49.0,45.0,424518717.0,38234906,AP-DIMEC18,Staff
abcb42b3fe13e4fa9aff3f0f10e969315b8a8901de6edb4267bdf6cd0794e962,34af3e8ac4df5b2ded9d798fa75a47e25b43d070eecbe5e93a6843c609930551,polito.it,-64.0,24.0,52862499.0,4327020,AP-CIT-DAUIN2-01,Staff
e44a55e9cc10a56667f8f9df5cc359172f24f40378afd1dd395b8f31d5166f1e,97e5fddd0c8d1b35cae8b28652c5c57675ef49f5a3296b909be6e2cb115f4e6d,studenti.polito.it,-39.0,34.0,126726197.0,9584183,AP-AULASTUDIO3-2,Student
fdd8fe106a64df302b34abb18b6251c45c543c2e989e4aa8957ed97c4dcdeadd,7c8b4d7014aeba0480f4cdab453e0f88f0b292b51a77dcdd21e93e69a79988cb,polito.it,-80.0,14.0,58163901.0,6623150,AP-AULA15-01,Staff
2da622d0c1991c6f9409b437e49ff06005c8c52fae30092f6b1153173f6d0e94,e843e035ce89a89f2998c5819089c043393cd285e6db6c953d751caf19da1d77,studenti.polito.it,-43.0,50.0,419827974.0,13077353,AP-AULA4-02,Student
fcffd80d91ed96da5defc81c967f428986e48a87e3ddeaecdac94c477519d0f6,f06755c3a4dc056e82525dd9325ace914e6743d65c1dc2bc381b901d5d5ad6c3,studenti.polito.it,-49.0,47.0,21493605.0,1562249,AP-AULA2M-03,Student
d9be38746ea9af3838d952767c8c0bc4381ec7c2d8fd1c9141553ba00c8bc368,0e4841d8fedbd4ba7132292d40ebbd3704ea3017985b43396a81b9832d38e110,studenti.polito.it,-54.0,40.0,48699847.0,962639,AP-SETTE-AULA06AM-01,Student
fc5b40986430bd9a90dad026b356a6b832f17dd3d496f8f7446b511aa4bb6bae,5c9f2129f6a45d86e02ad828b009dc138f8bfad8ed056bcf7bc80d8204dd6953,studenti.polito.it,-59.0,36.0,253796953.0,7143644,AP-BCI-05,Student
2b72b4d467997a2c515dfd4cce736c129184484e7d79513aa1ab6b4e35647a35,7890190ee02c70ab3ce52b6ab791c35e0e457161bc54feaf7df6cd37c1e0bdb4,polito.it,-52.0,31.0,1929665.0,695075,AP-COV-C3B-XP03-17,Staff
365e65e0ad1548443aa1248c7db0ae27d27cecb0d8ac7bf677dc03579a311818,0475ddfb33403e1a95dabeee42e93d5dc35a77bd7d34ef20cb8626b5b67835e4,studenti.polito.it,-60.0,35.0,365588749.0,8645449,AP-VALE-AULAMULT-1,Student
ef3d455dca18da226df7d7705eb48e8bf626d32a6678cc05e72f997fbc7b4219,9dd6b648f68718fdbf7154e3c4a64dad7b6f2fda5fcf1a8da8e3a7e8683db8ae,studenti.polito.it,-56.0,36.0,53819783.0,8991421,AP-CIT-DET4-01,Student
dd04647473154ef19fb439305d59e3847543eeb391b903ee749401c88f2f18de,3dc2a509f6484042ce1c985cf4113a52b2f0971f01ade84ccf30f7e9293e41c5,studenti.polito.it,-61.0,33.0,4531610.0,13050484,AP-AULA12-02,Student
444f96200392cbaf3dd6b0b773d09cd308c542d2c3274ba5e62a515693b4f4d6,c356846133893057f2fd6819b1a28006f8ea96a5f883e20fe06d14d93e4506aa,studenti.polito.it,-48.0,44.0,12134334.0,3583581,AP-AULA4N-02,Student
417cca46c16fc4d772efa0cbb0ead8cc48d33431c03ace9fbb01b900d7bd3723,0109d4cb41841cf34823575f431f8916d77b2009629c92fb8489beeeab4a3327,polito.it,-53.0,38.0,138442781.0,7584108,AP-DIMAT09,Staff
6cdd584a6c8390740ff7c7df36842694b335645d29ede814ca636041ba10c870,5b7e95d3bf389fb146b8a2950de75f0ecf2c6741d6a3c91161b4d13c2c929de2,studenti.polito.it,-40.0,54.0,34838460.0,4368898,AP-AULA27-03,Student
2cbb5378bc1329017d9691071502e66bacbd4829382a56f7213fefad37a9e5fa,54933b4ff262d91b6eea9e9cf7957da1aebf99b2b9c0801fa882e722f96a2379,polito.it,-56.0,41.0,65719697.0,36694855,AP-BCI-07,Staff
8c87a1cbf36eab9c06b40706296e8f4790473c682578b24be2da311f4b5a2067,9acd6cb9d0b4e78c82d58e70824446927bf52989d5908c0681653be33aa7061b,studenti.polito.it,-50.0,39.0,130324799.0,7266416,AP-AULA3D-01,Student
3ce715e70d0d2ae53ff2853f1c148da3f2056e86c99d345b14f427b4eedeb0a7,d1a392c8746ecdde6347c3965ad49ae43337343211af55a5c06488f951f42f05,polito.it,-65.0,27.0,454416814.0,72769662,AP-DENER04,Staff
8c33340b0948d603c8127f4b1e81ededef3b40b68651d35fc5e6c0df3f68f259,97827c077ce319a3ff91027e58ade406c522d74c3720955247f195b2cb69289b,studenti.polito.it,-56.0,38.0,150692166.0,12778916,AP-AULAR4-02,Student
4323a9586bc340585c3458220d3d1119ac51fcaccca676eeafff1b65e7828c87,acabf67372efefb581bca9ec6864b8dd980ab9300de36b09c896a157909e1411,studenti.polito.it,-51.0,43.0,28271994.0,9127247,AP-AULA27-01,Student
7d90f7198db0dd088dde24d42b87caf20ad3c84f59a5784f8604a6e524dc9374,9ac2128017ed5a0336115c9b47ee12e418805380079439c2e9d5554098199ca8,studenti.polito.it,-56.0,37.0,8370140.0,3960422,AP-SETTE-LAIB2S,Student
65ff9b84f41b12d94d7a81d8fde908d57a651fff82dbd8800bf08a01ee6a7d93,d9256b0bf0029bc82748925bc7ff593d8ff119a3f368c26d6e1db29a6ad451b0,studenti.polito.it,-60.0,34.0,85874260.0,807039,AP-AULA2M-01,Student
eb2e8a9df2176730fbdda18826bd1822d5bdc80ae08656f962ef6917355ca5de,4fc63cdd107f2a6f20b2f84a9e76b816d1dee6f81c2f3f0f86abd71d8ee5af05,studenti.polito.it,-45.0,49.0,24578402.0,25578261,AP-SPECIAL-NEEDS-02,Student
5ed47ed5956e62c6d245fb3607d32194e06233bc835d9fc5123c2ef60cdb099c,7a517fc0813e62004874c597d46296d398480b5438990672950e8cd782b414a6,studenti.polito.it,-38.0,54.0,570514032.0,30794991,AP-SALASTUDIO4-02,Student
2d05651f0aace8118712ee613282e80ab55b9b392aaf95a2eb1f61a0f607a4c1,1ddc83a5e576a6f188b21a8d1f82b0b4cb1fd0caf92e716dfaeb607c473f4b1c,studenti.polito.it,-45.0,48.0,1419018702.0,128243078,AP-CORPOZ-12,Student
f2bde41bdfae7c7906cc8566a382e609b61765c26c65302841282f9708d78725,d6a90084d55ec299460a5c5715a18544336dd85ccda299d880181c79b7bde6ea,polito.it,-67.0,27.0,1796217374.0,388466488,AP-VALE-EXCISDA,Staff
249708463f7f132e0805268e9783b9067bcebfc2f082f7355c4c9ee528998150,a5dbc582841cd6f6777451d0f65a868acc4b9c50eff1d42f1c57022271141a85,polito.it,-57.0,34.0,455379798.0,11164737,AP-AULA11T-01,Staff
bffbe407f938bbc937ae4f81193bab7b73094605620ac0e99416bed2f4d8464e,3574fe609e84b5f06baed955c30069a5c32e56106e197b04101adb136885a4fe,studenti.polito.it,-61.0,26.0,11173007.0,664550,AP-AULA03-02,Student
3fa5db2f6ba410baa930a11925fb19a044f910867ad9a4db7dbf63de5aa749ad,a894fe291f05a61ca4e7617f227357c2f897330240f6aed13e09f9a848504bed,studenti.polito.it,-52.0,41.0,1160334961.0,10354636,AP-CIT-EXCELID,Student
7179d4d716c90272c7d0c01c3445811b7767d53d32e094ee33b480993b3f6e13,6b4438a59db465cecf55b737dbc52ae37ae34b7e0ec9dc9953757c75aafd84ea,studenti.polito.it,-59.0,36.0,59189849.0,8453867,AP-AULAR2-01,Student
b1ab9a1839cb1498340f94aa5834cab9ad83b637e9b242c863399cea10d2bd38,08cbb50729f947dc245b4c8437d28118d124a56fbed8d4b18f8105142327a57f,studenti.polito.it,-55.0,30.0,35528.0,6818,AP-BCI-ST-08,Student
b89594f6db8c7de41a3a071bd55cad65fa62bfa8e2305f7dc55db0a2b0193d04,32667a43bf7dad3b48030a9d990e160cc52547857082a97ea3c4360d4d14ac0b,studenti.polito.it,-54.0,41.0,8684514.0,6063048,AP-AULA11I-02,Student
720a67c8ace7036c532f210b909a91be37f1bd0498cde379285b566089d977ca,bb71be3ae76dad77a0415c18203fa2e24ff053b5acb8dc2bad789927e3c4a7d4,polito.guest,-54.0,38.0,900084199.0,264882604,AP-SETTE-LAIB3S,Guest
50ddc27d482e654cd50b8a603c54392f4c533ddb109d83df4513d48d73288cab,5152bed57b0e586b992a8ad3c380b32077e1d341317f0e11089e045f089e910a,studenti.polito.it,-72.0,20.0,488363.0,516522,AP-OA,Student
3d2999171a704ff2753d3237bcb3c5e9c287363c3f4cb2b643c90cfeaa278245,e6e30194533824647872cb6311585be9b6000cb61470d59fd5577b24e323f42e,studenti.polito.it,-61.0,32.0,277920615.0,8988563,AP-LING-AULA300-2,Student
8978a1c075ad4ae0a02ccaa1cd9d23fe6387cfc4ddc5d78a72e574d457d91c84,1088563154a4689b7dc6c226d398c73e29d50a85930960859f8ff1c162d74f7c,studenti.polito.it,-61.0,30.0,446052.0,389999,AP-AULA6I-01,Student
104195db3915cab6e267dddfb1940140c61e1cdf37f208765e87134d07465284,8d1dbcdc90ffa62cd2c8859bbe7c81730dfbf1b0a56f2242e8ea4f20d62ca760,studenti.polito.it,-43.0,52.0,379139285.0,16008558,AP-AULA05-02,Student
529b97fc6cce38c575832a957ee7d67961939a26aa06b55a9dabc57185a09148,2be40ccd61031a649b3cf079c2485f85e7ff97184d7b35fe0ed1463e390c10aa,studenti.polito.it,-63.0,27.0,7759986.0,2208588,AP-AULA1S-02,Student
b0342bac81d76b7ff901c2a51e46f429d550b3815ad5fbc13ed7072a01b2c39f,c6cb625329f81348d047a0ed1fa9fa2f2ff28f44fde677b7858c0a0e73b9fa87,studenti.polito.it,-50.0,42.0,241618654.0,17935131,AP-AULAR1-03,Student
0f36550954b0fa1dfa12f18d179368a416025c943c32fc2945c7bd7784d6f470,f1ac737f1975515cc9a4e4f2e4e0b6f22958a8d1c958271335ad5eed3dde8d24,studenti.polito.it,-55.0,41.0,41392564.0,8061423,AP-AULA05-04,Student
84dd6651341dc5711e571c02e533074451aa84fd399ec6997f2b1a29dd5e22b8,ca5c1cf0354b2293bf8c557f8822de165e6b27196e24936ff8b5afbb9d27088f,studenti.polito.it,-56.0,36.0,7309680.0,4636241,AP-GESD2-04,Student
60a91dee10596bc4a44596ca659d96d4c973dd471db2e1789dba9186daa1454f,a39204e665bae6e49d0a4c8ecb75e56b09dd2cf31f3017410e19e07526a8e6dd,polito.it,-42.0,42.0,58433025.0,47410271,AP-LISIN01,Staff
538c99cd7aa2f92cb79ed4278345a6b54304abfff8ff6950620d27cf3f72e53e,468102d99914f66d67ecec4a61e9b7132c0ef9c588a0a1d9261249a23f3e42e2,studenti.polito.it,-53.0,41.0,11111976.0,9132543,AP-LING-AULA208,Student
e249f09840f511e0962948d53f5153ce0088f4dc3b6d3467df584a9062c79cad,6fb4ef4296e65594b4e9a442b0e25b2192ed9c6bd521c55758410396f4ef2bbf,studenti.polito.it,-54.0,38.0,343577503.0,20117900,AP-INGCINEMA-02,Student
aec9b662899c209ad35d2ac7f40933f14016522dab59bccbdfc2ccb04ab98faa,98e90fae3c41fa5d720f523e7b901b42e3b9885c52351f9507c96cefac6ad891,studenti.polito.it,-42.0,48.0,16335928.0,19280645,AP-AULA4N-02,Student
3ba2597ac7817b4b88d7353bcb90dff01f9c7e849cdace4ec5dd4a71c14749a1,7be24ff4e4a2eb8db0d20f1582a30f387ab51f6d7012ac9ac3794e80bf003ab8,studenti.polito.it,-50.0,44.0,28839868.0,7160768,AP-AULA03-03,Student
5f5500bee8a07e72d2eb840d301a95bff36e95bfdd3d40f12519b09852cad951,8c4c7c92c2b7744a5c7b594367a6efd84cb91b39488b7005966d480858cebb87,studenti.polito.it,-47.0,47.0,9555826.0,757264,AP-AULAR2-02,Student
30de6f5a6efd40a9a5f3ae5d0165f3aa442ac01c20c728b64ce6a5c67d74b5d0,205619070b4be1d60b9998aa46c1f3ea656d9834990f28ac4744be45654bcadc,studenti.polito.it,-59.0,34.0,22596988.0,7080321,AP-GESD2-05,Student
ef5383a9dfae364f4edfbeebe06ffcc07e75b42726461f6bafe5ee8f66b56f16,7fe57594018ea930ada54fa2320542efc311d6c8eb6d04066594df8b8ba895f6,studenti.polito.it,-84.0,11.0,524192.0,449979,AP-LAIB3D-03,Student
7cede22fe5b93adc7e0943b5ca2720e28c76579a5ac0c1b98e3253658117de7c,56fbe2724930c98874a2d684784042d068f91ab926ef1869d0e1154d78e83332,polito.it,-59.0,34.0,626302708.0,43092081,AP-AULA9S-01,Staff
fcbde9a257fe44a93339cea42dc619e179f84d123d4cf6375b98dcd0db8beda4,9119d8b99cf1a9dd294def0ebb20855a5caceea4826c69e4432bcfe267b6edc9,studenti.polito.it,-52.0,40.0,371850057.0,22136686,AP-VALE-BCA-02,Student
4fd9a0fef5283086675724e85d1d875998e2166e383d6e1eace05774521ebb27,d4aa571f7d1734bd64490cd4b07e645963fa64857e19ee18335e29afdc4a7acd,studenti.polito.it,-82.0,10.0,19267978.0,765636,AP-DITAG01,Student
1b2206473713bad79231244752586e5a882f76e4740a726f06ad0d1f3da7f221,3f9f8962eceb0f7ab5c46f0c962003f3f818ce8e2fc275227f11930db69b511b,studenti.polito.it,-54.0,39.0,66863117.0,3198546,AP-VALE-BCA-ST-01,Student
8184e82a588e67f28dc01dce4f9022c9f2863420b7f8922c4e3f948279eb5080,68e902efb7dd58e46aaad64afad125ae7bae94a537872318f702f0a1331c93d6,studenti.polito.it,-56.0,35.0,202043.0,106242,AP-GESD1-02,Student
eaf69cb9b49862c8c79abb78e5bc8353f5e4f60bdcb2c5764d694567d3160562,0103879887b083fdc5486e8d41725ec0f268e80033b6ecd79e70262035e1582d,studenti.polito.it,-83.0,9.0,3452892.0,887451,AP-AULA2I-01,Student
ace3f744b26be0d5c9575b9337a9bb226e87e4cfed64a44a5b06dcda4178d773,c92fd3155b615958bc393f3aabaee63f3c51f236b993caf81101154608119cbf,studenti.polito.it,-41.0,50.0,169090059.0,2183632,AP-BOGGIO-SALASTUDIO-0,Student
0d08fc76ba7f04195372f513e6d2a1cb3a13fc7361e76673adaaf3c9ff5c0890,767749ad363654697731d0808d0a1e66e839d4b826c63b7bdb5e927ef6ae2448,polito.it,-62.0,31.0,407858414.0,205855382,AP-VALE-AULA4V,Staff
29b98ca842ea1e8eac4fa27a017a3f35993df44b0b1e0e89400bf7176a4874af,db1684dd98617058b276f5d803428e0117ffbbed07e47bb0090134e8cbf05888,studenti.polito.it,-55.0,22.0,25074752.0,7985374,AP-CIT-LABINF-01,Student
3be71c0cc5afdfdc5dd264bfbac3c4d5f5a6f8d10faa0e79ae0a72fda9f85888,e6dbc7f59f52febf34c0f73aa317d2a50e86134880e817dbf79175fa013ba2cb,polito.it,-49.0,40.0,1264203294.0,103714914,AP-CIT-DAUIN2-02,Staff
d0e62d4297d83a85a6ba14afb56f16d4a9495817250bd33d53d90a31ca95be3b,9d84657f0f480c35860d116939256550c4e5418cdab3d1971d652e35e6d6be04,polito.it,-50.0,45.0,1304031198.0,23058817,AP-DIMEC02,Staff
7cac94ef33e32f972678c1aabff87faba73c8129d9af70bd484c2d7987d83d7a,80c3637f7a2e4b5ad9ff6efcb70fa7942cbfa9bd8f9918c60f61678055484698,studenti.polito.it,-56.0,36.0,18341652.0,32768941,AP-AULAR3-01,Student
e722178c607ff472661d2e83c53bae3af8a9765b8c72c27c37375ee98dd1cc51,b1df523e419c85ead87135510b2a38288bb61c16fb1c5e2368f45de06a3d26c6,studenti.polito.it,-63.0,29.0,316166.0,212483,AP-LAB-ANGLESIO-04,Student
1f87d9756946dc9b0f7895a89ce3e87f62fb35674dc728081c7ba4c4acd60ec4,e85ff65521abdffe583c303ce8df77a8898646c60d834adae6cea80280a42fcb,studenti.polito.it,-82.0,13.0,398076.0,317424,AP-LING-RECEPTION,Student
11801c4a560098043e6ca9dd5cfe3b3886eccedc58342bb8996dcfc2a1d691f9,47c389c9d478575dc6048e9f68028cc13be6ba9cb76b450401abb70c3a790def,studenti.polito.it,-81.0,14.0,301178855.0,14798980,AP-RETTORATO-RETTORE,Student
d17ee01a7c664380d2acd13616549a12e8eb787ab98b6b4d2431e37617ccfddf,28b33536f431e0d1d15d9759024cbbb7093e7d860be01a9f0d5747a4a678a2f4,polito.it,-52.0,38.0,321576733.0,552568557,AP-AULA2-03,Staff
be79e7d33d10a3aeafb5f3c98fc2fdc616d2e0159b7eab1abaf6f83bb6e23504,26c0d9530d5803c372ac4786c21b5e6a88c0b038e2bfa153e74fcc02a5352014,studenti.polito.it,-64.0,28.0,81462584.0,13726008,AP-AULA12-01,Student
bf86d879912214d5709b58b5d45d726bae910628e3aaba859d6af1b109f98aa9,cd2da58f3c4d8539e59c0ecbdd4ca054f6232928962c130e5393e139497e5106,polito.it,-63.0,30.0,158924942.0,5831393,AP-CIT-DET3-02,Staff
9d33c96c3360050d4a3a82f656b97fc087aed2c9ede433f33161394658a9b97a,,,,46.0,6779.0,905,AP-AULA2P-01,Unknown
24369f1813ac76add234c4b4c6803a56f7fb68da0428b8d824ecca5a84f7764d,6acd9ffce16496361a953c8fc96e209cdcce753eff78918c0df89695d97356ca,polito.it,-41.0,52.0,16033490.0,2230025,AP-AULA12-03,Staff
353b9a97d7a014b1c1fcb7d3f8d224807b9e615053bd6dba2a8ad0c848848d6e,4400d93468d62e667fcf0f53e57fa2bcdec36a5533d2b8f4e0d7fcff978ff0dd,studenti.polito.it,-85.0,6.0,67380065.0,3871376,AP-BARDENISE-1E-01,Student
ef87280aaec3517751a0ad0808e9d6871d3522f33901baf1ac56dc94c10870b2,3b4097ec98257e7d58994aaa9bd88ec524a2e07bfc0653a087ccce40ac7775ec,studenti.polito.it,-49.0,46.0,162919636.0,99209750,AP-AULA5S-03,Student
ec50aa1d3f7f0ce8dbf0555eed8ad71c353f7ad5f7ab4bf6e0e80d1723f78965,c7c0863eadac4c0a150c616091d8f11bd8beb6d2c62e75138008a93d131d6460,studenti.polito.it,-51.0,40.0,76639346.0,13904452,AP-AULA5S-02,Student
d2fdc9041e2d14f5b886d0b63a79f92c88fa86171732b42b3417f96b06225fbd,340d4efd2cba57dfe4df495f96d281ba9e5f582288d789d601c8770e4bac5e8c,studenti.polito.it,-60.0,31.0,116329015.0,18105123,AP-CIT-LABINF-02,Student
245deda941c7697ae50df9f5e5a4fc4d18e078b17e718ed41f3c8842174f14a5,cc5480a37f7ee2de0db91e0b0c809d4f3efd4099f7b6dede13cc73ae0c65eeac,polito.it,-73.0,16.0,32974025.0,486752745,AP-CIT-DAUIN2-02,Staff
c504d8940a42ce27b6665e7873db57c3297914a2ed23c647d1f6d7343e2a9e10,c9e017d2901ff056a088edbbebd83951e85f0c2e912c55f5ca942c94eea34a24,studenti.polito.it,-51.0,42.0,6344678.0,1996358,AP-SETTE-AULA12AM,Student
fb78433a8a6fdd8b67db1d4cde65af27273dad98801b29db8526b345d60a7a3d,6fe29e63988536364d3d4f832155414550078ed7adfbfb0e135684f6975f4fec,studenti.polito.it,-52.0,38.0,72384833.0,13365124,AP-ENERGY-AU01,Student
074d88e67620f5d9bf3dcf0e8aa3403b7e719c2ece3ac0a033a1584141c53b7c,,,,46.0,732157544.0,138454162,AP-BCI-TZ-01,Unknown
6d8a6e362a7deb93457ddaaceabb163bc29bbe95d78f3e7c550057446b05eadc,40fd303596bf74792b4707dd4b141ab2d0f25b66b836e596037ec22316098af1,polito.it,-52.0,34.0,136759694.0,16357976,AP-SETTE-DAD-03,Staff
8dd560b47be042ad006e6b378b80fbecfef83510e300713faa85e3673feb6b9c,aac0eb6efebb7b41d8bc7fe53f93224d7ed08be484d2587a37bbecba324d2aaf,studenti.polito.it,-50.0,43.0,629542957.0,87535043,AP-AULASTUDIO3-3,Student
4a0abc8ed38328f8d8f7ff57a8aad575fe4b395283cd270500bb092bff0f74e6,,,,17.0,20136.0,2649,AP-LADISPE-01,Unknown
7ef495173f2cf82681f2a56df2d3b99ceafabe9604a3b63109c08c7625305748,c8684f8a2e1cdcf7be0962bd426a0c02dff68bfcaf7f8a70cbe931b8a523aa51,studenti.polito.it,-55.0,38.0,48231.0,28264,AP-GESD2-05,Student
17e0f6a4862c52299d9c6086dcc072f6cbbcc5001cf38c3028005d0ddc68142b,8c728bf4e0f5caacd0f8c62883d01c9390d15d39d3c1a44ddf66da2ebc22b684,studenti.polito.it,-48.0,43.0,30062495.0,1489071,AP-INGCINEMA-03,Student
148365fbed404667d1865ddead55c703cbc66a83b8e46f4a44b553b9e30dd551,b56c4557643edf48779210116f303b7485baf557d5fe399b29780aafa0295880,polito.it,-51.0,41.0,5816729.0,3194902,AP-COV-C3A-XP03-02,Staff
743be5ac204837139d3abb1c68ef987058f3b7cec949327f619334705e285865,4c9e24d4991f3b9b539893086a651d640621d53a7607e9da7e319630522db4b0,studenti.polito.it,-48.0,45.0,5714108.0,1826379,AP-AULA10A-03,Student
43e6a4e8e45f2ad0551516933946290d8ac2c64fccce1fb13905d392607e8aba,3fb82854426fc55447084e8ea756f48c0944a5e8753e9d26ee846b751ae5ee8c,studenti.polito.it,-53.0,43.0,310055.0,199924,AP-BCI-TZ-03,Student
12d26291dc3a1a9529f95d6f2c8c1aa2674e9c807e1efdb9a58d6758464a4fd4,c1c143dda9c64adb8b942630c80a577a5e8d55ed78610b9b3c65d805279750c8,studenti.polito.it,-52.0,44.0,286741.0,204250,AP-AULA01-04,Student
ee0e0c0cda53be43d5d66b1e8c89a2657bdc87370b6323184717bf44e7d9fa36,ab9e66863aa1dd9fced1568024570428bd05f2626de8673bfaacc2f6570a995c,studenti.polito.it,-48.0,48.0,230381.0,69197,AP-AULA6-02,Student
b77424c2132e12b21bb1b4e412d14e247de544bc482fdc76acd3d8a5ff97d8fb,4e078f070a3e9739c703445531f98daac2915e21dcdcdb03cf091e0b78bbfc3b,studenti.polito.it,-52.0,39.0,4312398.0,809115,AP-LING-AULA306-2,Student
5e1394518edcc01bcd6927858381c8f581008a5bab18ae111020ff3766e0bd41,e7ccd68f48dc492ec69d7f2b7c2fe0f17dca474d04d490c6d209e4eb042fd5e0,studenti.polito.it,-56.0,35.0,2747243.0,263377,AP-VALE-BCA-04,Student
2d12e18b565e7542b451155646c2ef649b654aabf83e08e8c47f22d762d4f196,99c1c40e3ff4474b0fb9e1ddbfc4c859e0860b60c286ea1d42295d56da5f70e8,studenti.polito.it,-58.0,38.0,60569105.0,8565292,AP-AULA16-02,Student
071060666470bb78571f2a75d9728a8f7688e59086d461cba28bf01655ff75e8,a5bf92979f7c1a8bbd96ef25412bd3a49fd9dd3e1b728da9aed647c910d9817c,studenti.polito.it,-46.0,46.0,105830.0,86440,AP-AULA19A-02,Student
4b13c92d3767c353b81301df0a5eaf4df8039644f3209c50473093972ec7e796,8a57f1bf15e7bd88f46dfd1622c0a30a80b3fa29c951f57e777b8ea2500b6ee9,studenti.polito.it,-44.0,49.0,147465.0,138266,AP-AULA2-03,Student
fdc5775870e61eeca7c361ab3cccd93a4c15ba305796cb28d4cb178d576d86e8,fd37b3b7ea4d2150370d5f91204bab177c47ded27a56406b9fce5683014349aa,studenti.polito.it,-49.0,43.0,756516.0,747280,AP-AULA11I-01,Student
33963b8b45dae8d3def3c95bf7bf41ba082aeabc8f54ffa666bcf5120fdc96b8,4908e61f6367b6294324b6ebf3137fc807d26ce8eb7410b4bdff52f0d5984ef9,polito.it,-57.0,34.0,18815895.0,2379461,AP-CIT-DAUIN2-02,Staff
698ee6d32d8ee8540f349fa602babaac6170f2b26e61727f717e006c6f4f249a,1f1387f7899fda1943d2af4b6e49c36b0b6ed8bd51b10a4e8e43887877a0e1b7,polito.it,-68.0,22.0,1415413537.0,20452113,AP-CIT-DAUIN2-01,Staff
87ddc0a95dfba73421415828e1f7d7e152fcc2954fa46d93ef812f2ceb81c2e8,74a408dfba89ebd04c7e3a1d5114efaceef2244d294dd1b5b0dcd77335ac1ed7,studenti.polito.it,-54.0,39.0,3061240.0,1352085,AP-MIXTO-03,Student
6256530b18fa7eff7d8f17d13c55e6e42e6a1bad60b8be4010d54266ca9af6e1,bfbbdcfeebedcf1de778b229acc33720be691d89e959d6ece7323c4d0b8bef20,studenti.polito.it,-47.0,45.0,786187418.0,283092121,AP-BCI-08,Student
e157820c58d1cc2e8056255cb29a0bf7af596400f7d942667a8c90843ad50fe6,46805e86372ab0f9d5255b5635f218706c725512076d20975dac8c939e7d782a,studenti.polito.it,-49.0,38.0,547401699.0,512826484,AP-INGCINEMA-03,Student
3c6f4fc024eacd5cb3e820a5ded6b20915426f4cd9815053712d66792ee912c1,483c0ce081767a7c613109ccea18375b0daa18b659b7e74c4bbe5bf6be32f78a,studenti.polito.it,-62.0,31.0,3065930.0,1317507,AP-AULA05-01,Student
ddc8a011de100fd692247401873031069a529917aa55d39aa58025b56d74e9bd,ab5d03e0e7f2926787ab13b0c3c9f80948461bee31adba946fbb42dcaf5d3f40,studenti.polito.it,-50.0,45.0,1627058.0,548069,AP-GALFER-02,Student
256928f8c901967ff06b72e15afcaae3b66663fab237fc89925dfa6cd6b44200,2be40ccd61031a649b3cf079c2485f85e7ff97184d7b35fe0ed1463e390c10aa,studenti.polito.it,-57.0,38.0,4630462.0,259677,AP-AULA1S-01,Student
4eeeb407085105b737c8904ac84304b3d21d079e59c306cfaaef5e1260e40bc6,7123cdf9f1a9e3eaf752d5fb3467f1acd399cb91ede78fc2de3b3743c909e48d,studenti.polito.it,-69.0,27.0,274731581.0,13373518,AP-LIFE-03,Student
8dc2a220cfaf110524cb1d0998d2e04f5e37c3969d37c93a74f608e847782a18,9352367490034368798605052015099ff09567af9ee3ba6daa75ca5e2b7a9077,studenti.polito.it,-70.0,22.0,12872.0,13104,AP-CIT-DET2-01,Student
575b90dbd9361e3c6395c84d7b6b2e00b93e565c5be989b554551eed51273b41,b9dea065e8969b77e79f3844b2487e6f6f9f1a7dbb789ac5f8113d256c38cf11,studenti.polito.it,-47.0,40.0,1261801.0,144215,AP-LAIB1B,Student
acff59c0a93e918ac29a87226ef6802944e6477ddc9fdea0e143086028fec008,bfc2bbfc8f444f33fbf84d01580aad4e876c61e088339233e02d86dff371f1c1,studenti.polito.it,-69.0,25.0,409100567.0,8332311,AP-AULA10,Student
fa24e2a98782ab6016880cf17ad399f40c0dc0814cae4d142189e6649308c1d8,1c40d6084f1a2058d881308d9bf4be1dcd56748f3130417bacfce2b9e18761d4,studenti.polito.it,-43.0,49.0,2833998.0,1301872,AP-AULA15A-01,Student
4d0865c2637ee8609c45b556372f44e3a184395deaed5cc91d02da27bac9a879,3817e9c3533edad0c7df9aad401832fa025b54e9605fd90a233e897d7070e6f5,studenti.polito.it,-48.0,21.0,309802810.0,31916149,AP-AULASTUDIO3-2,Student
4bfe1470b8961ad853329b799849fb0d4ff2860d3376fb02eac0701a635d9fc7,b671c9e4c6a81a07858af25389cb1de460d8720b17f10b84360a61232100cb9c,studenti.polito.it,-59.0,36.0,2001729591.0,53847394,AP-AULA12-03,Student
fed68d6bc29eb12b75a377e6b2fcdd6d927d31a6bf5bbb4326baea131bc0566d,155220b8ed4fc5ee19e8cf5fd370b26c615b254622ab3223be9d87d5b262853e,studenti.polito.it,-65.0,28.0,136857.0,22896,AP-AULA12D-02,Student
f9c9b0af980c5a200fe6e3ea12cb0d743f3ad92cd9b9e66385e391bbad5323e6,e8f38ad421c152dc00508b29b1fa779deacfb5bccfc7228fb96d76e44454eeb8,studenti.polito.it,-53.0,40.0,254562619.0,9608883,AP-GESD2-05,Student
6e2c3bf9296e04bcbafe48b7cd9953dd30a84f84e8bc39de98386bb94a87c8a9,da5e8cc6003769ac9b0ee9421e077f5e833bc9e558440d0ce27255ab994c43fa,studenti.polito.it,-59.0,35.0,30918306.0,2161890,AP-CORTILE-04,Student
87677b1f63220f837afe79417b91e80b0c53b10d971a4b7c103cb23fc47bfe69,78151da3dd69ee3ade6d29368da39f8edd0a41c6a5db6cf49c579dac0bc99e34,studenti.polito.it,-56.0,36.0,81881432.0,23974261,AP-AULA05-01,Student
7e2bc16ca848e7355b9f772aef4e517d7a74e818c10933d7d99c860bbc63a57e,1aecab28117a4271b403b7629b5dff42067204c0e2525e0c59cf224b796c1b34,studenti.polito.it,-58.0,36.0,8743775.0,1975884,AP-AULA12-01,Student
8b743c01c918cf5caacf24f5e7079587bdffae243c527c5725708bad2f3d6f2c,affe027bd7b8157508f42fb7caf29f4b57be9119f421a379f3abeafdc610283a,studenti.polito.it,-70.0,23.0,603334037.0,4853330,AP-AULA8N-01,Student
b77c6e8f024b1cccf667a65c67ccad6f91af33bd7274fcd613085994c19882e3,7edfcd138fc22a937a54e81472324eb9a698e6216f304837d07996077ef55cd9,studenti.polito.it,-66.0,26.0,520185671.0,15865552,AP-GRAPHENE,Student
20439c90d448e72c4ec21387135c220e6af887b730bc5e68b04fa6244311ecd4,848654f17be1b11eabec9e88b9d3517acb203b225e22c940fced60fe7f50cf9c,studenti.polito.it,-88.0,6.0,90084737.0,51214015,AP-AULA2T-03,Student
0836c874bf95daaead82f92b79f30b9b68919f6496af23d6206eda7e9b7bf904,45df3aba0f87bad7e167e8f1e94d8974aa8e420c78140803f024ac693a337569,studenti.polito.it,-52.0,43.0,252709593.0,243200620,AP-BCI-06,Student
dfac31f5df047c16c6ce2a3f78a97e38ca5a9b60a2877e46bcb303d015b799e9,04930ed30519a915e9d6de6f556d640df48d82e534c31b720f2dfe1c23e60719,studenti.polito.it,-54.0,40.0,114759810.0,8729469,AP-AULA1S-02,Student
199f3a79970e3d2ec5078fa6d81fce4e588a4baafffd7f7f7c9a690cde5a65d8,fb5dc6e7eec14a383a2853aa9fae44893fa32a6fa7f4f065be5b6618db44192e,studenti.polito.it,-44.0,47.0,83537744.0,3699191,AP-BCI-08,Student
be54d6b51e9e7628ed2f8a7cb8e33f70dd771dbd335a26be343ac7e29b0da11d,3ffdfc74bdeccd9b7c47f78fe946dae294682d474b717175573a8f41b2c7cb55,studenti.polito.it,-77.0,15.0,34404506.0,10817860,AP-OA,Student
454e1e3ec31d6bbfdbd91aaf3f525f37ac09da8fe1ef2f2238707678fead2772,413e467db2a40233461c82f6f8cab90470fa6c1d59144c75897cd34db191dd6c,polito.it,-77.0,8.0,130154104.0,2770790,AP-DISMIC08,Staff
b969199a41162df7ef777a40699f7d730e02345ea7d6d2c320b4227ac1000f84,51210ce6530563c7ba2b877a138e8533dea66fb4d98b7764efbcef0efac8bfd2,studenti.polito.it,-44.0,51.0,175106758.0,34622159,AP-AULA2M-01,Student
6e358571d96ba7b3907dcbd06e84cada7a222f0ed8c4a730e2570460210d184c,26b5f4c4499f0fedc8e32d4428a35eb15cf40798b643ef11e3530328f6dd13eb,studenti.polito.it,-87.0,4.0,123767589.0,10604149,AP-DELET03,Student
e60adf150c46d57d2a98abafb75fa4eb515bfa7ffbc7d7431fca1331d37ed8d9,98f01f8b4e9aafbed3a318899d9ed0ae1f15dca63b75ab69da73fcb1a2b0a85f,studenti.polito.it,-58.0,37.0,24519897.0,2626083,AP-BCI-06,Student
743e745b81a7de81c62068a012644c89bfe73ea484ed1b25185216a35a1fbaf4,3ba3db4164aac4e0b74bd87945f154712ddd17076c999f553a659bf8ed560b0d,studenti.polito.it,-48.0,44.0,30936085.0,3439044,AP-AULA13S-01,Student
221c8e952fce33ff7a3c6527ac03dede4fff02f3cad4bb1453216b84160eca01,d3d1ed8d9dfd730d6f4713dc7161972fe35e8bb11803dbc0537e96b52c0bde4d,studenti.polito.it,-49.0,44.0,5626146.0,608677,AP-AULA12D-01,Student
fbfd4ffc83bdec3f47e48bc7a4bd83792f59d4c35e87b65652d6e3eb47599ad6,f698e7c0c5ecbf17c48608d52373748dfd2abb87efdeab70edb9c9262e0700dd,studenti.polito.it,-60.0,35.0,81445643.0,3272333,AP-AULA08-04,Student
d874136c521272363398c11b487bc1aefb90ca8949fef692d27866fd7c2c4c43,c2b06f86ab7c8e743671bf09378a1f2980dafa75160b2b6aec31c977a546353a,studenti.polito.it,-56.0,39.0,253180391.0,6233208,AP-BCI-ST-09,Student
26319b001b053067f2e5f914bd6fa819f1ddade58925dacd9e665aec772c7b3e,8aa12a1185bed086f987620a01d40e26c131d0fd0256dc00587de916ea463806,studenti.polito.it,-59.0,34.0,1231071.0,647833,AP-AULA6C-01,Student
465f82ba660893f1fd163047c239edb4c08c67c03f35b5ba45fa718a91301936,a668f010e922a7be070276e829c3596201f1c53ce6f743fd0fe1919419487991,studenti.polito.it,-58.0,35.0,8465140.0,2554069,AP-CIT-DET2-01,Student
bb51aa34efb50c363081437cb891f3d1b21836d8f7a09cb433e6fa2569b58826,8915709d4d7c87a2f4de296bccb2c75ea9109c9dbab8a8c4a8fbb4d7066fccc0,studenti.polito.it,-62.0,33.0,4858682.0,57783556,AP-AULA2M-03,Student
0bd5a6116081cd708a36649a89d6d687b2dac0b0a507218496efeeb9dcfd94da,4579247220541c61adbe46f43612fdc0bcf433b2378ded49eb29dd9d9bce7302,studenti.polito.it,-60.0,31.0,4680692.0,3040802,AP-INGCINEMA-03,Student
e1a8728f5b5e91d43de2f4f2e9e72934facb5e175dffe5f75d7f63a916a8944e,de032d37a9242813a271b4d3b6feb80eadb45c9cc7101ace1200aaf8e7ae7cfa,studenti.polito.it,-60.0,30.0,1546448313.0,144439771,AP-VALE-BCA-ST-01,Student
234c1c93ca0b83bf38a6d9748e60560b6c20b58cdba13ee43926142995e5553e,8662b1fdddd4bc734e552b10502649ed170ba561869a11550468f7a8aa5e2e47,studenti.polito.it,-55.0,42.0,5636302.0,1768172,AP-AULA05-03,Student
a48c5c8feb5c9a961f8fe9e3bfb4f189b01331f18f4062f17c6b2838aa204a26,2508acaaabda31c2fe567924e396e12e90a56253c4fe395b11b655df46ad8a15,studenti.polito.it,-51.0,43.0,7932144.0,209005969,AP-AULA29-01,Student
3a51bc2669482b74ad44c5459e26906102615a3de89df51b6b3f97166d4ff328,6f27735cd09f11b1175fb3af921f828fc2fadc38771b14642af1bff49cc2a97b,studenti.polito.it,-48.0,45.0,316048969.0,18001072,AP-AULA29B-03,Student
eb5d01942395542821b5f0ac176115b6c27cf2c00485278dce2ffa107442618e,c28acb1add478e93d8667c09f33cecb5a1fa20547f655b8081784438ef14dc4e,studenti.polito.it,-57.0,37.0,26276217.0,17790958,AP-LING-AULA305,Student
c6aba4b7e3a36a05c3771a2326598d9f393cb93633a8b2cdf0f1d0dcc0afa168,3cbc360afc2f607fd4645169063e7ac90103084b55aa7d90347bd3c631e69753,studenti.polito.it,-58.0,36.0,6714277.0,1238445,AP-AULA4D-01,Student
376000fecc03ac8643de7b30700553f733049d5650011523a0414b4d150805d5,2d3417747da14a4115749764483c7a84721f78054222f4005e1aa9c52ab924b2,studenti.polito.it,-52.0,42.0,81121764.0,3713436,AP-AULA08-02,Student
2803622fdd51d7bd67b18374ee6a78a02de58a6a1f19469b763a2ffba7e2d82e,c9803d434332068bec38564d283b7911940c52675b021841aaf96d7628e39827,studenti.polito.it,-55.0,32.0,2833134.0,841470,AP-VALE-BCA-01,Student
804f3e349904803759723fd9e41ef846b21c5b588cfe5b6254484276f236475e,a7b1ba4bef5f0f92e4ce2cce6cdab07b2690e7557ab00929b9c3b9436a702e9f,studenti.polito.it,-51.0,33.0,2224165.0,1267782,AP-AULA5M-02,Student
85fc0dbff5c84db0855745dff7d4a0b0456bda7422d160f658ad24a05dc5f247,328842f5e762b5a66bb0b1a184d08b1eba788f18cc1a5d1cf042410d4c181249,studenti.polito.it,-54.0,40.0,70931200.0,2969476,AP-AULA10,Student
3406c8634cb2b23354199b7d69a5398d335fc06bf6bdf4fb653871047874ce39,77ea5cf4c20b37df14c77b149731b33085c864df175d892a59c6d81c8ae53c40,polito.it,-51.0,44.0,120296278.0,231781136,AP-AULA08-04,Staff
b70eb924578f80d4312d8e930a20575c64cbe11f4db263d317601434270e76ca,4f1dadc72de0dd44cba5ed6b145d35beb8086b7ee8426990bf12d5a67ac6fbf5,studenti.polito.it,-50.0,47.0,594510254.0,324727862,AP-BCI-07,Student
ee0eaa690006855776a74e57e395ea27675e279ff1b75bb1fe8afa486d386922,2c2cc5094f371ebfd4ddc26c522dbd9ae3b9844bea1077f1ca21cf4e56fb4188,studenti.polito.it,-72.0,19.0,65437312.0,42680547,AP-DAUIN03,Student
260b2b12926dda9b37bd5d868b70bfc40662599c26f619580cbc7dc7e1b35288,465cc3b0f2732fe27f73eb0ef5dc758897e9d11d9d069c78daf638e6049d8dfa,studenti.polito.it,-39.0,53.0,48714221.0,15027192,AP-LAB-ANGLESIO-04,Student
308b2a5e68f254d81209976c1e05405b26fb986fa092edaa6130fbe3134db043,d817d5065264fd178a13c2bcb96eeed1b95b6c5963c1237e8ebdb86dacd3fd9e,studenti.polito.it,-56.0,39.0,46179362.0,14177888,AP-BCI-ST-10,Student
b561bb1ec27183255bf77a2e17ba9e3405ba022bc95b7101ae6e538ac52a1e0e,8e140e28f0979351a2bbfabb097187c9f4a557e72f1e4a8fb6194bca42131dcb,polito.it,-57.0,41.0,4313910.0,713146,AP-AULA05-02,Staff
597b67ed437a121a0029826386bdd6240897e1bc9929ce20b23955ae10bdcc70,f92c66370fcb8c3450028870bdd2c75f0e498db8ddff334220ca3e4d24c660f1,studenti.polito.it,-64.0,29.0,220947591.0,22350710,AP-VALE-BCA-03,Student
b856b0285884e5f1781a519e4a147a6372f45ccfdbbbbbe77e4352ab1bdb5485,f0d7b56fc94957ceb282775fdbbf0aa40beeb47efd8e78d02b24aef4f7b13530,studenti.polito.it,-47.0,45.0,192895.0,122746,AP-GESD2-03,Student
9416145b785bd8ade2112050583fee02450de572e72f65725a895b80e0381b0c,3a853ffd27a479e95490dcbe80e5683595d7149cf6fc5206974201623ada1345,studenti.polito.it,-61.0,30.0,564378041.0,68159642,AP-LABDTTF,Student
92734aeb7743b3d7a6dd96116995bf5a6a0c65b6e2822f88d35cc898acd1116a,b45797b24f5d6ced7238bed62b4678864db104f21e84a45b080167756aa9d6d9,studenti.polito.it,-59.0,26.0,41702318.0,5440816,AP-CIT-DET2-01,Student
226efb178f45053f885094e922637820d4635e701a5a12030d12ef0237a8a87a,d953f439aaf2a289e3f0fbfdb51d9826bd348c2d849c38881686ae681c2935de,polito.it,-57.0,38.0,55410148.0,19117638,AP-DITIC09,Staff
5a39f7fb58ac80156c65cde57992d2a394d1ec93466006706841c5109a27c011,030e5ed64594a2141692696e44d18810e9d124542cb90532c70943527377ef88,studenti.polito.it,-43.0,49.0,297157.0,677971,AP-VALE-BCA-ST-02,Student
5d776b78040a9f425aed436f7b8a9bb4994ac2546aba6344c8d6213a400bcf84,39e01a233bd88feb4efcef40e3d4e75b8e5f3001151f95003286538c71e93276,studenti.polito.it,-50.0,43.0,4694212431.0,43249227,AP-AULA13S-01,Student
6ef35c196c7680d236dd3e3a12a1ca45d0c4b96e628c3ce8bf94088a829e6d80,dcbde18c2c8457cdd3f65b87d79071c0ae908f3043a5ee094ee169321e048ce7,studenti.polito.it,-75.0,19.0,4025027.0,1393519,AP-ATRIOSCF-02,Student
aab342c22ac3f5f47e64771840206d7ea3c0e08a85265b213251ccfda6a71f79,3bc860fe888745cdb643d5c8b069e439d0d23468bdd2404bde8605de61346611,studenti.polito.it,-65.0,28.0,976885.0,499086,AP-AULA8N-01,Student
4fb15e805e50df43c2cf7df559583e5b3ce2cb53cd4463a57cb9288ed9afab8c,39c7812fdc1a1bbec4b4971ddfa6fe8470db8000c0312853f7d337f9b20244d9,studenti.polito.it,-52.0,42.0,64575430.0,5512466,AP-AULA6D-01,Student
dea6c7818b2f454ef61a8b0cb4936cc5a2c2b58927326444cab78165a168258f,311fb737c34b7e38c3529aeb8a49cb459d1d64e3e0e79ced2337a7998e0ffa41,studenti.polito.it,-47.0,43.0,220500730.0,17428941,AP-INGCINEMA-01,Student
697c4adc724a65397d5da6234c1f227b8258774b4a7500eaae305c2be9c80d12,3b4097ec98257e7d58994aaa9bd88ec524a2e07bfc0653a087ccce40ac7775ec,studenti.polito.it,-53.0,36.0,2518448.0,1647891,AP-AULA5S-01,Student
6287066795c7132e469390aad0b99fbdb71ba01cf231222c9c398043388f9955,d2d845e6dd43311bcb683b4415f7f7c513d9d7a324a81a22d9676a998fc6ea93,studenti.polito.it,-53.0,39.0,344629.0,262766,AP-SALASTUDIO4-02,Student
8ca4bc29c530920d7a44a2b03f691ef9820c6fb0db49a19e1482582d6e3f1ec5,896772bbb3d15bf48bf183748c1bb298116076c2fd4c8c4d4caedcba49086d2f,studenti.polito.it,-59.0,35.0,224791.0,81469,AP-AULA6-04,Student
d8522411be54a3ef38b32b8652e4de9f417a66107657833e027859a3493057a6,54c184bddb5a8b2c5d817af87f0a2899bd4644ca323bc797544a135ed2ab6015,polito.it,-65.0,32.0,6119779.0,7896170,AP-DIMEC08,Staff
f42bc99f6643f75b8f4cdd6f5a0aa83c7406d1c81a715fefda3030e58b22d8ce,21df1424bc8bd8e1a6ffd8db045982d54e6461ab0411589e1ff31609312cb983,studenti.polito.it,-62.0,33.0,5373233.0,3701592,AP-CORRIDOIOAULER-10,Student
fb0a102c1da1231f3f8167000e0f4690e2790300db067ba9270608afa73764ad,744ce3db51db25ffc292e8debdc2928a10f369d26f2c07a3a9dc00de375b2591,studenti.polito.it,-56.0,36.0,12712857.0,1141281,AP-AULA13S-01,Student
94c55d35b907ecccc59c0417980ccd797586e818fda149f0578a8b914d6f7bb9,b65dd9f11d0143db4cd9df4192c89ec9090f0f5723a2a858a6fb374d6b2ca476,studenti.polito.it,-56.0,35.0,178499562.0,19890090,AP-AULA3D-01,Student
32184a1785daa42663f5f10985da75d8403bcc53ec8ffe2ac8cb0b40f222ab6e,26a137e74037f839904e0ee4947f881a170b0ad9f5510b7db454c7cdb505f9db,studenti.polito.it,-60.0,36.0,10132169.0,5397916,AP-BCI-ST-08,Student
dfaee398bf0a27e90223ce56ee675b494a3c5ea04ae71d533600a9eedb5336f5,4bcdba550d24db780b84b9aba4d6a04c2d92134cb7a4c1e3381c0374ecf9172b,polito.it,-52.0,37.0,566290303.0,119335041,AP-CIT-DAUIN2-02,Staff
7b6904542946b26af27f470430f4cb125aef3e3fa205aea654f832262bdb5b28,a5c6bb2841a31867456e3b47449a46c4d0a07c849b1fba733c3700746c3b17de,studenti.polito.it,-41.0,40.0,23665983.0,6893550,AP-CIT-LABINF-01,Student
3539943d75f77aae38dec3c2bc35e69f030f7977f9edb1a569e6389870a36143,c6de920f16d2917fca9ed3b6dffa96bc2b2ac3c21db371c54a0def4cfe8a9eda,studenti.polito.it,-53.0,41.0,889276272.0,18851662,AP-EXREALEMUTUA-R2A-P0,Student
762ed1c2213a158fd934cdfb2dda4aa3e9c0a5af35b6a9dc067c59166fc5ae26,,,,12.0,430387.0,309584,AP-AULA2I-01,Unknown
d7a8ea19d7387b17d71ef480000f5c3ab3448d6fd407c161e497a4662dfc3894,0f71fccfd2037736c955fdff0b488b2abfbf13e15586e7102e864b42a340b0ee,studenti.polito.it,-63.0,34.0,8800722.0,4306295,AP-AULA6-04,Student
5431b9070e1096cc534a6c21010b59227a8d7ae34c264942849a6bb7606192e6,56cac5797afde01e4c97cf319b8ae0dac6dfa3c9a5946657d35466d4f306be18,studenti.polito.it,-52.0,41.0,630800731.0,32795591,AP-LAIB3-01,Student
bcd2d82d45f1ee0f993f92cac266fff30bef355ce961e9d29146d3c3860a6268,26b146cb5c675b3653cc1431f0271b9ee4ca9297f7debc0402b409a201723bc4,studenti.polito.it,-52.0,42.0,56713527.0,2872337,AP-SETTE-LAIB2S,Student
e6c2bf1b89bde0581282c1144318ef316051a14f74848b5e94ce706fafeaf3ca,c5686f4cb7dbe8a063440a515988457cadd820e7485ccaf7c623dfec3b8c1a1c,studenti.polito.it,-73.0,10.0,54512622.0,6726260,AP-AULA27-01,Student
32a575d6886005ce8d7bef94c117cdc3524645534d59988918c7f9339e149d2a,b43cc486f3c7278538ab8c716a1fa3e65b741f34965b4305845b7410e7bab6ba,polito.guest,-58.0,34.0,1163589934.0,51827648,AP-VALE-BCA-ST-02,Guest
7be6756b8bd34cf67344b7ff525b71a359bce781b507c9445d5ab6055af6b3ad,048e1787f7dd963ddc1b45d58b96eace87b8fd67c75994f6fd0e42dad5eab219,polito.it,-62.0,29.0,682710210.0,16533731,AP-GRAPHENE,Staff
8cf95ed6ccd778c7f0f7f68611d133d0cb0b51e25693f04eef38e4fee9106297,99037ac8bdfff25ca5a8e03102d8bcadaeab8c518df2d67549ee159ad5d71632,studenti.polito.it,-47.0,41.0,346577673.0,160804799,AP-INGCINEMA-03,Student
0a0d396af95b568d6d8c45a11263c2a905b52915b9a0be4fc165cb154a627277,a3f9c1a69811e64bc3bbce617b8786fed9014a0de47e1f882a9b5e4f9a9951bc,studenti.polito.it,-44.0,51.0,127533706.0,38950073,AP-SETTE-LAIB2S,Student
7c7647449a993eb7ef3a836dadad4e3ad7c5ddff47d2a384f11176ae152a0b2a,8ade57011a9a42c3a7010af8e325befc853065ff206d302820a50b355b6435d9,studenti.polito.it,-46.0,47.0,606266198.0,501079884,AP-GESD2-03,Student
b60f2a2386c5762eb599838d33d7c4a4a9cbf81042148a7e9826ecbbeef8b8df,36c147d397db45d12464c30dc81e423c66db7907b56b68fc1b6dcece3029271b,iusspavia.it,-73.0,22.0,1898768.0,3431773,AP-DITIC09,External
5db1a75208ea5de06815a2c0434aa16ffd1a33e703a0af0e0ad884817523cee4,6b981e000c6c5201aae7392c530a6228226fb47a83ad0f190e6613301ea0b2d4,studenti.polito.it,-51.0,42.0,1401080.0,697546,AP-AULA5D-01,Student
7dacf252e1bc506225d9b3d8c4a504adc5adbf6fb8dfb7956ef435005f489c3c,53d0683c71afae2f9ea06d77c0f08fcf301fe8c8c816845a37b94acdaa7c68f1,studenti.polito.it,-54.0,33.0,1992084112.0,78314714,AP-CIT-DAUIN2-02,Student
5792f1263b68e321bc55aecd9abe01a7671840f4a1b3e6d0729d48ffe047e1b1,bcb6d7d2ac29c97ebbe6acf1d2a229b89d8579ae39c8c3b7b1e921ace5688ab8,studenti.polito.it,-62.0,30.0,155939265.0,17585205,AP-AULA11S-01,Student
58531727440dbc1ecc253da5457fd338ddba38662d267845004c218db96e08ef,3c24af2504e0afc18658e2e6189a1a046e41d47e00707bf1e8573c6bcb5b83cb,studenti.polito.it,-52.0,41.0,4007322.0,1227847,AP-CIT-LABINF-01,Student
eb0810d2c5726574df0ad882ee84e581e40ea6a6535078dce2a7baecf57d8bd2,762b90693fae51478da3adc3bb2f5be6ac6fdce3dc6073af47f6955ca7daa1d6,studenti.polito.it,-72.0,21.0,30358830.0,3128895,AP-SETTE-AULA07AM,Student
47fee1eecd8557d2444c445ea43de3f03eb256771d45363a1ce8c4a737752dc9,700cb4aff10df74839def03b40e65f9da952d6e5e48c49c4d86e2dcdab294a40,studenti.polito.it,-44.0,49.0,417975048.0,10555342,AP-AULA5M-01,Student
da3147bf8fbfd234c72c21e4df93d8d2751aa6dd30d426e1f4774e220b0f78cd,f0aa7a3362052e1195fc54ba6c33d767cd671740ab5438408b74efd79bba6002,studenti.polito.it,-54.0,37.0,93788856.0,18428555,AP-MVI-AULAMAGNA-03,Student
9e71e899519fdfc8578a9faccee97c8703478c432e654bd719781d2a82bbd908,8c34808cc3cdac78b2a5db37747e6eca7c06e14dbb3b251f1b407fba6462a71f,studenti.polito.it,-59.0,32.0,4045325.0,593734,AP-AULAR1-03,Student
6d9f09831b5f6dbb26cd5e072f2031994d9fd4a3ae7f7780d8e4aec3d9bdb53a,941a096f47e692f80d9f2a1afba67de248b1ad5904e867c606c763a383b798d6,studenti.polito.it,-58.0,35.0,71030051.0,18824963,AP-AULA8I-01,Student
7d4e099cfe36c72b02aca377a4cae908c63f5b3ad56af0675dd7c27b1941f1db,0460edd7e26445febedc345d06f2fa230e09faeb63e7f50e549aed4f3244ae55,studenti.polito.it,-50.0,39.0,22982310.0,10486162,AP-AULA5D-02,Student
d651c849b435c125dd37f9269995f8598e11cd5b703b42a2835a125d76be992d,6e9a8e8a1fd9cf081f890381c3d7c30880babb69559a9c58a9dbe9999e9448ec,studenti.polito.it,-40.0,46.0,106784591.0,11323626,AP-AULAR2-01,Student
f61a32233acec0a59b05bbdf5da9c7f64a16d489140f45c1479c5abc9e605383,8d02ebc94c12a12312bb1ad564dc13cd8927148b07386840fd17ed865cd5e52d,studenti.polito.it,-39.0,52.0,9135080.0,2460208,AP-BCI-08,Student
1fa59a47e1939581feee665fd4704049238be4847ce5aaa4c67fb1935439121e,d4f5037bbbaf6244542e3758f40f5949bb74df3ba5c454222bf1bbcc208ee4f8,studenti.polito.it,-49.0,33.0,330543216.0,14307684,AP-AULAR4-01,Student
dbcfad971d49ae42cdb81580a628c7e8f0196c876cfd1a4b454eb63d0114c8ff,66c51dda0491f58ab344aba85747cb6312eda584c3b4748e3f04fe515d4a7fce,studenti.polito.it,-69.0,23.0,534196554.0,15546574,AP-CIT-DET2-03,Student
77a12ffecdc716eb9de802bfe225b6778a71ad96029410d89fede36b1deabc8b,a3b30968d83febabaf9d7ac36550e43a40c404adb8decd316e6b8f05a152b843,studenti.polito.it,-38.0,58.0,29505362.0,8545636,AP-AULA1S-03,Student
664722be7d31a60134ebc5285847c54b7963a49ab61831d2d9d49e889de987f3,55f06b7356285a25914fda5768246f78b748e02d50971533d6b0e517ecea679e,studenti.polito.it,-48.0,49.0,135728821.0,15775744,AP-AULA03-04,Student
7d1b54ee941b2160edd5b3aed964d4b6a592bed9472ee370b3305674b7c44aa5,8c00cdfa10c4383bdbc6b42eeeb8b755da22956e21549a4cda111f9de7aa8ca1,studenti.polito.it,-57.0,36.0,25799962.0,5188192,AP-LAIB4-01,Student
4fabb532ffe51d9d574bf426b3309bc6dbd0e75df2af980b6953ddc39520880e,d850d2bde55f61f5ebf06dc2cb83b033a4492ea9d792f9b550db2b0a3d197e97,studenti.polito.it,-57.0,34.0,26480444.0,4221977,AP-SETTE-SALASTUDIOE,Student
781bb050c0e3be5626d91cbefe33142c3d973d2add95ec9a130c3c89f96e02d3,f1a7bad319417512a53b2cc4a28871c6276c8204b950ca586a0ecc7088024152,studenti.polito.it,-54.0,36.0,178055500.0,21894634,AP-SETTE-AULA12AM,Student
4540c1c127107e93eb782ee2000c292db437821eb8d9e3ef28e4e7270d163f3a,5d071555fbe8b8aeab75d22086674528d2b93e3aed0b03c1ac311510be1d6ad2,studenti.polito.it,-46.0,50.0,81879675.0,8346469,AP-BCI-TZ-03,Student
f4b2869edb23bbb32d275d90e3290690e50df583b65bb06d851a125a3a47a68d,d8c7497372668631dfc8cd58c7edd184c7b2dab94c8c3334edbac78603953b5d,studenti.polito.it,-57.0,40.0,537420348.0,54970705,AP-BCI-ST-10,Student
1144047f970f092a8c73c534e6f3241940594926f319cdeefbdc7de4f7ce1325,36e23f65422de844324693622648f5c6883304183bfa9d7997421e4a812d5fd8,studenti.polito.it,-46.0,45.0,323622912.0,15352502,AP-VALE-BCA-04,Student
151bf5d9617f3e3d16527ca919921d8bc60a053637849b446e9f32dedec6a4f3,bb99ddc3eed26c9115ab6ed5420b98731432bd06bad52a706ccfd5dbe5efdec2,studenti.polito.it,-69.0,24.0,163767826.0,43259314,AP-DISTR02,Student
3c0d2b024b8483d2716f3b5ff5ad47bba99f67779ce6ba4c3f016c18ae34f617,018f85abb8d5ec014c7481f258d0341bba324712cc56c60a699f258b3823838a,studenti.polito.it,-89.0,3.0,98357.0,66801,AP-DENERCT02,Student
d735c242c4ff99ef9adcf5258ba1808e06ed81e3afff86eeadfdf5d6d88f03be,c80ddec64c48ffa902979f25957b4e70c66e893be54c81bd057ab4647410e014,studenti.polito.it,-53.0,38.0,167984270.0,19097964,AP-AULA12-02,Student
d3fad9e0ca57769851309882580e7d741bdd203bb520369fe533601dc1d14ad2,ca5c1cf0354b2293bf8c557f8822de165e6b27196e24936ff8b5afbb9d27088f,studenti.polito.it,-74.0,19.0,207088092.0,17769538,AP-GESD2-04,Student
d9913148f21370ffc3ec7226bb28b3365b752968098d87af76d005df5c198920,0d220e9b94ef160f571a0317b2f5c95c611c635155cc365f2e887a9d5528babe,studenti.polito.it,-39.0,52.0,10505847.0,11418525,AP-VALE-MOLLINO-01,Student
751b45dc74b3b1728b6f77822a7d94e5180f416fd51c709ffe028ed4b3f8d22c,ca26f9beb3cfb9b53291b2a0387808bee27a96b023d02b6b1b201aa9c0569155,studenti.polito.it,-51.0,40.0,395638456.0,206020890,AP-VALE-BCA-ST-01,Student
94bfb18465bc91ed9adffb80d47ee8a174c362971c461015940951948e1007ae,3cc7609c8ff4aa47f8e0781a6b7fdecdb13f9f6885e5d8a0a4a551c47d7f240e,studenti.polito.it,-53.0,40.0,2476312913.0,47179729,AP-CIT-LABINF-01,Student
10743ef806c7f4bdecacf06601a4c9c7f6a5c41804ba0dc22ce64614a8c13f8c,2f74bc700ce469c6060f7536582d0e4f97f43fc1e7fcba25f8c19c806b91ca75,studenti.polito.it,-40.0,55.0,4477561.0,6369012,AP-BCI-08,Student
bbaee6cb3f196e639658ceafbdbdfa9e9db71f48a702c61bd8de9b504e27fcb2,382cafe60974748daea16f4c759ad3d59e64cb2950b342084790f608f7c5d241,studenti.polito.it,-69.0,24.0,144365326.0,5384166,AP-DISMIC03,Student
4e818004c28ff87c0a308bf5bb1e1617e3448ffac8675d70c0710a7760381f61,6d6b9cc2a6efd17b6e27d165c1c8b4668fe0b60b616541217f82adecde1c93b3,studenti.polito.it,-52.0,42.0,48074828.0,475760733,AP-AULAR1-01,Student
030a4ed119600dcc56c524dfd97c7ff0a2c73c2877fd6b0e6c6fc67c8494207e,e645a6e5fd2885bd985a60e3d9cd14ec62e3dce48bfc2a76434ef506ec9b2d6b,studenti.polito.it,-85.0,4.0,416288.0,208228,AP-CORRIDOIOAULER-02,Student
c0709b8df02e48fc468a618c680edb04456c9d161f62eca00e1480caf08732b7,a8c9fa6b0d87343be73da335b02925f1ca2944c27ef0bd503b121ea704fb1c9a,tuhh.de,-48.0,45.0,34216498.0,10973055,AP-ENERGY-EC1A-02,External
466bae432420e89bc752a4e0f59f25303f37b5a57afab6806e72709668188628,111b1fac17d1bca3f20e35b5bc0fbb985181bd32a08fe44c29452350502ec968,studenti.unimi.it,-45.0,50.0,206093477.0,6453609,AP-BCI-05,External
3cccfb03db2523624f397bdfd84c121ec3fd28e2a461c25779131dd307ca1123,5b6f0fc4b280beace6fee888689b1d5884728885a5a4e18f4391cd1b9ee9993b,studenti.polito.it,-61.0,30.0,13420201.0,1563644,AP-DIFIS05,Student
9c3367700f1ca912404ea5697483731414f955fe3e91deb780bdb49081ecdc67,20f8b7abd56a513ca74b3cf37e799841b85cbd692496d8cfdbbc767ab46b66e9,studenti.polito.it,-46.0,47.0,203059303.0,41988202,AP-INGCINEMA-02,Student
24897226578ad1c6a619104835e2a2044311c09fdf06fabc22c0eca87bd4621b,,,,20.0,34673.0,8097,AP-LABDTTF,Unknown
048a4eba3308534a15b8e1d28f81a8e74eea9b4e0770129b4a658332171db296,39c7812fdc1a1bbec4b4971ddfa6fe8470db8000c0312853f7d337f9b20244d9,studenti.polito.it,-56.0,39.0,35031791.0,10620637,AP-AULA8D-02,Student
0096c20f750d50587c7564dcb42c92c9e850e7d78a5a44fd8961b52e999c0ad7,dc62676dd7077f822f9f11da05f38183505e05ca5206077d6228809d101d8880,studenti.polito.it,-51.0,39.0,466090669.0,148756156,AP-AULASTUDIO3-1,Student
aa786b04b067967cecbe71596755da51ea8887ec18ea1a1aeff76f249f5df622,85693391e07d6124e282ddaff792d1a7f4b2e7647de51078c538f7a1821a64e3,studenti.polito.it,-49.0,48.0,975418.0,3952064,AP-SETTE-AULA13AM,Student
fdfbe21ab3a9a9a7e9f535bb08979da9232cd0977a2bbb464606df4c42676d45,c6661d8d7fc3bc4353e856a7d19f90186fb2fd1081deb1d5e19f308608173370,studenti.polito.it,-47.0,46.0,32684.0,32807,AP-VALE-AULA7V-01,Student
a225bf19665406610708c66badddfe2e7462a88190990991d868829e444c47c4,40edc45edf4bc7d7e5fb1665c6809b9dcc12adb2dd7ee917ebb27ffec80befc1,polito.it,-64.0,28.0,39940383.0,10503126,AP-DIMEC08,Staff
24e263b99ea0bc953db85eb7bf24461906e7ace04810856087a2cf8b214070dd,2110b90379e73e508e8024cf0aa4f9edba974247b68966cf4e6fcc0915ddc25b,studenti.polito.it,-58.0,29.0,277213004.0,102936769,AP-AULA6I-01,Student
7f4384af553031510c7c233e98c1f1047f0198faa702103d4b1a718ba105cfee,81b0c6a2070806fc8513255ebe127b4b7d2b3add52a0d3d28636f7d8c4bd51f2,studenti.polito.it,-62.0,30.0,41144348.0,5093954,AP-SETTE-AULA04AM-2,Student
08f6aa5209e3bd16583c58277b867eff9a4a3fb4dd01b76187f2e87e49a74392,3b484ce7dca172176282f41c8e6cf95ad106e83efcd0d85b8236333bec1b13d1,studenti.polito.it,-68.0,22.0,6894899.0,2967585,AP-DIFIS05,Student
15a61fec1ee9264b28bfeac8074aefa2470c2880594422987d6abef8150c72e7,b48724a4bd7b536bb9ed0245d8809c30fd690e8c8656295e98d158598e93b18a,studenti.unibg.it,-53.0,43.0,9423314.0,2306643,AP-AULAR2-02,External
bbde2eb0aae96b6f592e7c9298854c627a3d65ea0dcdc563c7b61f034432329e,cb2f4ee1aed94b6de7ab42f82d7335d9089a58412f3dd20943f76137bb1eec1e,studenti.polito.it,-71.0,22.0,1359419.0,1049758,AP-AULA3N-02,Student
35e8a9ea68c2d40ab0de0307a6529bc33d4b845d42b22a207cc0484706fdfe8d,3baec5829c467c235172f3fe97f764f1b5d0b2d06b1b72b1b1f37a3fabaf9443,studenti.polito.it,-44.0,48.0,18583054.0,1507333,AP-EXREALEMUTUA-R2A-P0,Student
ec3d4ffd8f71d64917a9a08e26e5a6987527710bc0e30ad9edb7b434abc67086,0f9de1e7972f36c10b48937358758c27848648c69c9166d3dd94c80ec105f96e,studenti.polito.it,-82.0,9.0,913725080.0,29218510,AP-TRIN-01,Student
49cf1c4ff382c352d337c4bc8fa903d36b0782453221829051962a64db49fbc2,b86309c07b5b42a01c5114b2cb9899d1a7a8c56b91b9a481cf621b1fa44a611a,studenti.polito.it,-61.0,36.0,263659.0,108667,AP-CORTILE-06,Student
350b177f57135696deb507577fe7ff0c7ab0d83e3127d9cd02df873e598174fe,1a9642a8ccce6c9afd4eb45e44652f6186aaf8f8aec9b241a7b2fcd17437375f,studenti.polito.it,-54.0,39.0,147068446.0,16867457,AP-AULA03-01,Student
ad2ddeaa79ba9754e5ae4a2bfc792f3300e9bef384265d7c5f2011dc8970aa57,3914f2fb02c9afe4d9f031c0d5503f42a0a3dd0efd2fb033c280ffa514ecdfa1,studenti.polito.it,-46.0,47.0,417453582.0,9952210,AP-AULA03-03,Student
1233a19354760875facba1a88973c6dc17cbf7b08bfac916df5a5999269f687c,9318d17cd0b28a88d6a26862a9061611f1ba62d39e0d5d8bdb7b5b558441b17e,polito.it,-74.0,20.0,11184.0,2888,AP-DIMAT05,Staff
2e710450a8ab2c52d052735a4e3efe48f41260282780d8bcb3389f6e2ada037f,36e1e2fa3e208087c7c0ad912cdecb73db8862b39e45d72191f7170b0e90dffe,studenti.polito.it,-58.0,36.0,16210425.0,28930699,AP-AULA10C-01,Student
a0d9a206a17514d5b39fa4e8d7d48f4249b223c9bca3a40959c4f4798f47d3e5,2525cf651a8ec4644c354cfcf0e2f35f4226a70575871751fce171672a58b4da,studenti.polito.it,-82.0,10.0,71582221.0,2373351,AP-AULA2I-02,Student
964f97deda9a1b1c93e79997e0db7971bc69191e730f40565c03697c1e380c2a,bc9e79d1380eadc1ae376ba6b9ef64a6eb6582d61a815529dbfe6af1e58e461b,studenti.polito.it,-45.0,45.0,899265.0,299630,AP-AULA3P-03,Student
8322d23a40e9813566744266b052d18f3270285d003015ab9d80ba90f0c6d9b0,a0286c9085fc29cf04127f820f560da9cb849cc5d7843bfd0abb46ab123c99de,studenti.polito.it,-58.0,35.0,69392127.0,4531402,AP-CORTILE-04,Student
1d236d00f2bf0be298915a74e43d1ff05cc9926e4bf102e5de7a2bc7b7cd2a9b,3f050586dc11667cfd5f0ea8891d7c18202477a6a02baef14eb09364a25a763f,studenti.polito.it,-56.0,36.0,3482655.0,1109810,AP-AULA6N-02,Student
3542e78da04f049864f14e45f46434b063a146191cc651110499f0a7c7a1d420,6879917628016c8b5969ba19ea1790248dce7109d7de51de63ae0417816527da,studenti.polito.it,-87.0,8.0,189572283.0,6746559,AP-CORRIDOIOAULER-10,Student
1b6d92cd3775031959aa9b9a618791cc40896292d8e2627325055e3f29ade55c,9190bf44531ed8e727f596ebbf5d75dc2df61888b26c5e2d4187ca71aeaf84a4,studenti.polito.it,-59.0,34.0,1124976.0,431461,AP-AULA11T-02,Student
545b6e131edc477ece5160faf7fb624b996e3ec0ac2f9f119de43dcff19e7d2b,1f2fbff83133cc40ff3ce35acc0c39722ae14caf9581f260d4d2617f27d97e1b,studenti.polito.it,-81.0,14.0,39476.0,50572,AP-RETTORATO-RETTORE,Student
1eb846d4139b4bfec4db54768b164b329156094856f85912d3f598bf3f0082ce,1a7e5cf3e71726a5019d61532c792c3aa2089375b77e9ca6df76a5d5594d56ce,studenti.polito.it,-66.0,25.0,4989170.0,1378441,AP-AULA12-02,Student
c79f66238f87def475d81f53a88b0b8dcba28478088b215c52fd2dd0fa989741,86189464b007376c10c36c6a105b57ee04ae1911d64de3950bbf95dafbf0b6a1,studenti.polito.it,-49.0,42.0,3477308.0,2287470,AP-AULAR1-02,Student
8b3494ecb4c3f370911a148c1ee5886f945b1de9d8cca4e7a94416accd09302b,8ec4cc13fba7684a7f52f1fe85cf4890037274b7b48e74e723beb36a933d5df0,polito.it,-50.0,48.0,584704399.0,36334537,AP-CORTILE-02,Staff
36e1dded821ec82f2d54871ce056e556e8969b8b2137f1da214f34ecfc8e6ae7,f7d7d50600a28a31d55d558214ba20b106cc7249b56977188c3879ef4c0aa69b,studenti.polito.it,-44.0,51.0,8719041.0,8810379,AP-AULA2P-01,Student
f0e997514e7520650f5ba32359d54170189a45b2fba84f101a0bcc2170a7a380,66066da5fcee844eb2851f8ec8e506e42edf270eea708b3cdc0bbec997e81945,studenti.polito.it,-53.0,40.0,65930869.0,65525044,AP-MIXTO-03,Student
29e7da8c7e0730083dfea073efdcf78984e1b109d1b0aca512c759deb1be6477,77d90831d9ad3c08436215b90b1f94958833b279612aaa7c50c1f2fd719852b4,studenti.polito.it,-52.0,41.0,90247403.0,1734748,AP-GESD2-05,Student
09eda6033ec6dac7efb1c98265e1ec02a12ed8cec931d3276b3dba2e9fd66892,ccbb49db92e38eb92d70ef9536e557424b2dbd4f16875d26d1433b62629df4af,studenti.polito.it,-66.0,29.0,504295.0,246299,AP-BCI-ST-10,Student
baa6789d50818617595db77029a327eb93ec01e23dc45211a99b27d147e112e1,0985ddcca2a94af9674acbad79a035aabb469e5e208a02675eb4da80c3259393,studenti.polito.it,-62.0,34.0,512307.0,497397,AP-AULA05-03,Student
5ce29f0f04278a733770dcb26b44453df4070fa9df05aa8205a38eef335c336b,439c60e2d2066858829650bd20e176102dffe73062a89f488fa6bfe15bf2bf9d,polito.it,-61.0,34.0,9988805.0,9024902,AP-DIMAT02,Staff
72ad9d10afdcfbb13f776e029a1f36ad9366c1a41c4c37cda95872de117fc882,053ab8831bac0e44cc9758e0b291a44c59f762ad7add26a0988a5f5b8c14db58,studenti.polito.it,-61.0,27.0,592283320.0,17552329,AP-VALE-BCA-04,Student
1c7955766df645b56d3b0bf63a7bd9dbe08a9341f0f07230c27dfd0d26411f80,4ab09f8370040674df14a84390ce3743837ec552f5c16653cfb08f6fcfe385c4,studenti.polito.it,-62.0,32.0,3085567.0,2095718,AP-AULA8N-01,Student
b0c945ee8a084ca5cbcf144a0c6089608791d681f06808d115e862101bf64ae9,a6575f73d42a4337e8b1d57723f1f50d1b0b214f1a887abc9943e4242ced6fb7,studenti.polito.it,-68.0,23.0,5795542.0,664466,AP-OA,Student
06a16527fe3cf9ddd42f5ddc00e4687288d90cb6f1d6df879edcc72197a7b69c,6ba1a948d05c000e556f99786f7304d6e79568cce17556fa4305228cdc2ae711,studenti.polito.it,-57.0,41.0,24547208.0,1770777,AP-LING-AULA202,Student
5dcfc4c7329a01a29e7b34af36f89323b5c11a14eb6c01fbe28958e59380760f,71c90e9f7949a8cb8920a0d79f91747a3582783e63d632dfbda4ca99db44b623,polito.it,-48.0,45.0,210005144.0,21972347,AP-AULA2-04,Staff
9a967241fae44c9178adbd87ed88d0d62a3eb154e75aa3371908aa29db21cb8e,1187d65270f0ffad82904873f187ae4874d016fe6e603495572b9d3ce9d55725,polito.it,-51.0,43.0,286244577.0,17357952,AP-GALFER-02,Staff
f5982f7d8f7179af150511e29c77488d3d62a615f4305afbface4029b6ed7201,627138f45efd436aa17cc17ab6e7496066b4749e14b4166287ad4efa38a89831,studenti.polito.it,-78.0,14.0,231590544.0,469423943,AP-DITAG01,Student
613deea265a2032fed101a1d269ff96dc60a38a8cb767a3a065e1c2a405576c3,ad2b16e50bd9866c409e9a0b36529643a03fd97f3722eefb7de6d16ed79f96b8,studenti.polito.it,-73.0,24.0,14640075.0,1250450,AP-ASSTUD01,Student
bbc81b0b52311ee3675ca635a46af3f0645cfd9a78fe465939d4ce0eb305e269,424131ba7205d653a58ec2f705a00409588fc22fe9acbc794b350a6dac251f32,polito.it,-61.0,32.0,176605.0,151347,AP-DISMIC27,Staff
d194d9e6da5e0bb9d842bc471fab4e50ab6726e18697e75221b73d6170b9ab82,111566013d20c8df6860973f3ec5b55f6814493d9a06cc647677620a25374253,studenti.polito.it,-58.0,33.0,3210916.0,615845,AP-AULA10I-02,Student
0475fe09f278a8ddcddb0d85e72f77569f6bd2e37dac7bc3e4abcd8e091e8e50,6072a6b57c6d5b1a45c2108635cf8af4cb88cd2c316a77c62d7e1f89a5ccc311,studenti.polito.it,-58.0,15.0,918295.0,459868,AP-AULA10,Student
271a3283e6af30768ed549a5894ab427824dfb718197892dd4333242c44df56b,8115b2967028d81aa44502d20da26c4010d19dab17d4bafa24cac3921a576db1,polito.it,-66.0,27.0,32504176.0,2077845,AP-DIASPSGR,Staff
92186d18c1008a7389c45c1cb07a3be3c354066cf91dd3e6314dc9bb7a230c33,0f4c1075c24b0174fd2394b951928648ef2cf421ad29f55b9785684789691872,studenti.polito.it,-52.0,41.0,59443570.0,2583411,AP-BOGGIO-SALASTUDIO-0,Student
2ab7d45815c27ec6a6df9ef9d529b01bf7f3157f040275850e4fb8301570adb6,ce97837ee21a692439ce0a5013a788aa89a3c238274a3b78e6e8520b56e8d0d8,studenti.polito.it,-54.0,40.0,27892068.0,22149889,AP-AULA2-04,Student
28c502a3f3377789b739e701d186220efd09df34ee4ee366ba286f8ab6b5dfe0,6cfc387218a4ae8870981151a83af2ed031109d8534b3bed2e681a6a33bac699,studenti.polito.it,-58.0,36.0,18846590.0,22990859,AP-AULA6D-01,Student
9ce1f54e2120357747bee4e29855186ad7ca3feda3c2fb6f2aeba7a771db82d4,7f208e5e09ab96ee911f769aa8a0b2c5f2885e31d1793cfb05361f6c723bb51f,studenti.polito.it,-53.0,38.0,1347038938.0,24623030,AP-VALE-BCA-ST-01,Student
65a949286252c5efbbc84020d05eac3fa8511794c874060a7af043ab8c26fddb,81ffe5b1c05c6c848258031c4b196a6c2068b0854125ffd2c50b4c8417675b0c,studenti.polito.it,-55.0,37.0,781073171.0,17232068,AP-AULA03-02,Student
7f10708d22225e6cb1bca8b4d0a915916000e0b6b9b1a737a9cb9c46526743c7,bcb6d7d2ac29c97ebbe6acf1d2a229b89d8579ae39c8c3b7b1e921ace5688ab8,studenti.polito.it,-56.0,34.0,303198388.0,29424242,AP-AULA11S-01,Student
4e441c524cc87020790215fdd20f4f86afdc25d0de705985246f9f295c518d72,0b23244a1d2d80fc31f78d62250e230a54a951c9b0cbc97b58c2f93f4cbd18ed,studenti.polito.it,-52.0,40.0,28858018.0,10219002,AP-AULA03-01,Student
382004c15da3de8f0b8a9dadd9b3472015b466c04aa2fe87f597a1e92b8154d0,47902703e8c662485643644f2cfe1bb1d07a9e49beed3dde15fcb270947cebea,studenti.polito.it,-53.0,43.0,16787762.0,2728048,AP-AULA4-03,Student
524080ad7bc3fb87798a0a376fe9af48bb75a3cb8372a29225fb96f20648d1f1,effdeb52ff5abd0f9fcac54755bf31ba83d62ade1e77b7731f5b436bab939864,polito.it,-57.0,36.0,452059942.0,27478920,AP-LAIB01,Staff
862d520673aba83d9cdc0b18950d8c169a939a5b5f1f376d0f7ff74e9955d8ca,515e582862f3a16936d78e7c65cf8ddec6cfd632717d288d2dd6eaf7e832db87,studenti.polito.it,-52.0,43.0,24505907.0,2496819,AP-AULA8N-01,Student
9a65a6c0521e291723f599e0e848513241b2e3b6e8ee3c491753808dbe83c38d,311fb737c34b7e38c3529aeb8a49cb459d1d64e3e0e79ced2337a7998e0ffa41,studenti.polito.it,-59.0,30.0,153640508.0,1300664,AP-INGCINEMA-03,Student
4c80d7261d7da8069e7390f72aaf002f28fa4f9ae34f27c31c2808bf7aa97ae9,c2b59d3d20933c66c2f553ca820e0c7f1ccf05d05d31d2adcb11ffb2c60ed266,studenti.polito.it,-90.0,7.0,889272.0,49357,AP-DELEN02,Student
ecb70702c8caa74de6d868a622339153854e5077c962185740761bdda78ef48c,8907958676c44e0ecb3eb3e346fe8b1d377e44125fc36a8af28aa05dc7e726aa,studenti.polito.it,-54.0,40.0,105121068.0,13813963,AP-AULA1M-01,Student
fe5e8dbd9484c064b228e3ca595f9b60f411c89bcf6fff84212e198336c22b02,ae2777df996a5cacec6216b2764b861809acf2b2d388d7a19e92dd3bf84c67fb,studenti.polito.it,-47.0,46.0,53503.0,30418,AP-LING-AULA309,Student
6e10d66744bc4c1b0ab98f1db4b6ef7c239f57e80c550119b4c8a4a11bf96bd8,2422d4987beb16fe95747c7fec7e24ada88855cc83b82c5ad15400bbde58e7ca,studenti.polito.it,-55.0,38.0,498163.0,140269,AP-ENERGY-EC1A-02,Student
012f4839c13aeee8552e8688709c5fcabc425694486c884d1717a2553fa04589,f248413ee0ccdfa8ac9b41ff64677ec72f283e53979770fc4b8d7a5ca147b72a,studenti.polito.it,-50.0,39.0,310632.0,273712,AP-AULA6C-01,Student
0166e2d920bb93f271cb3197e16ada35936de9e2272e2d87154f4f45538be712,2921511f2b3fdc481b7b15b58beccdeb9668b3fe8894d6aaf99aef843222e3c0,studenti.polito.it,-49.0,42.0,54500763.0,3921348,AP-BOGGIO-SALASTUDIO-0,Student
27cc463af229c9968a06497add65d2d1bd34d8716baa1f587a5c1b5865360959,14f9227580e966bca38bd4eb8d27d71e439b77959ea3b91d09a5630648d16227,studenti.polito.it,-64.0,30.0,1387446.0,604667,AP-AULA10,Student
90a91e9258eb75f7e8edbc1e59b4b827c95fbb2c21de291f2726fd7b640c069d,6298bb05bccd0f55085a8dda5e4e4e1e7f983d2c0d61835d437f222803ad12ab,polito.it,-69.0,24.0,654799.0,1135909,AP-GESD03-02,Staff
a60b45776cd5dfe549e049e0bdd17def29ae889c1aeaf83eb51010c8d1252603,3ba3db4164aac4e0b74bd87945f154712ddd17076c999f553a659bf8ed560b0d,studenti.polito.it,-51.0,41.0,19190376.0,3449675,AP-AULA13S-01,Student
07283e598a448cbe86105cce05beced420bf1b6e7874f31b88eafe7c3b754220,4499f3d6cdcb3b0971e831ce9a4d4331c45fa90b8e70cbc360a82a776fc5e7fc,studenti.polito.it,-58.0,35.0,385891.0,243630,AP-SETTE-LAIB2S,Student
f05e82e81c7e5ac6396b4b3744c088f9e4bc0df7f62db926d801367be5dc31e5,4d1441ecb7c0225c820484e945460e696db5c324051ee85319fabebc772f0b4e,studenti.polito.it,-48.0,47.0,46864152.0,1203795,AP-SETTE-AULA11AM-1,Student
4c4812eb7d1a213f10b6df28260aed8909d5421ad74ce1a422259f8b5079c7eb,,,,49.0,20136.0,3077,AP-SETTE-AULA06AM-02,Unknown
052e25ce2ee64af75fecd3e84d557161e3408a3316892a5b0bcc9d4292ea04bc,019a8b1f4e1f54581accabede6eece7225ae66538125ffab9daea10bd2110402,studenti.polito.it,-45.0,50.0,4800030.0,1221828,AP-BCI-08,Student
3565c219576ef68af6cc2183a5fdd934c300a3e851450a5fb9d426b4c76ae66f,57c9085f9f85b8553b995998ae2f395831207e7fc794cbf85252ff06d3c1f564,studenti.polito.it,-88.0,7.0,9307.0,5993,AP-AULA23-TM-01,Student
3cdc2b0c26fc9fe76aeecb9a5aa1272dc04539db5b5cc37a655104e93ca9a6b5,5b3bfafe7b63c709537ab1a1f493967a2d4c2b6db10e99a7bf73aba179c74876,studenti.polito.it,-59.0,33.0,250873930.0,86061159,AP-LING-AULA207,Student
bb41a1bc7d883a7121f1c88dd92b125f3340bf526179bba10b902b539789576a,f3cfa5ef87e28d96c2a87f36270be6ab6df4d0f39544e6d99130789a2cfa2bec,polito.it,-64.0,30.0,7110359.0,3929206,AP-DITAG12,Staff
2b342a3b8af94dabbd16dd883811ae2325e44164db78a7ce9e28d60d24244541,b2a0760ce3525655d8525f1042f82170e8346488df09920e8167bf8ddad732bf,studenti.polito.it,-65.0,27.0,433317.0,152389,AP-SETTE-AULA01AM,Student
5b58863b015f5b4cab3d1a354b47250de91f6a64bca5b4e420e1617135cda42e,62bbe83713d37fc163581d8d31e74a933f9af26c53f176247d92236ad1e789dd,studenti.polito.it,-42.0,53.0,808495154.0,8850514,AP-BCI-05,Student
5600ab53a490d6815932d69c9121ca890784af7cfe27084ceb6abc539fc8ba21,848654f17be1b11eabec9e88b9d3517acb203b225e22c940fced60fe7f50cf9c,studenti.polito.it,-84.0,4.0,5313056.0,5953093,AP-AULA8I-01,Student
86fedf46119b9fe93bf78438072ee014a508078d9b6c2f6de541abf565957272,22413f999bbed92245f677ebeef452e6697c76022788e015cd8f73a123e0a515,studenti.polito.it,-58.0,35.0,314833384.0,8833979,AP-AULA6-02,Student
287cc3d74975a875f4999be971f39f3aa967acef487875f99eb2c7fd226029fa,1ed583d1dae73dd185289e33a8bc3a8763471fff98abfc2151302e09236d92e6,studenti.polito.it,-53.0,41.0,494112030.0,13920062,AP-VALE-AULA8V-02,Student
f6390d6d1242b7e7081035d134436f8b1190f99e9d27fdddaa192794bb5637ca,796038ece2d37824846f1af68d42498cad926305f0634b1df9547b4e1cacf699,studenti.polito.it,-65.0,28.0,347616502.0,15223639,AP-VALE-BCA-01,Student
3c54eac462f2adf7957f6b258ff94a526cd7f825b96d1fb9fb23b5f8872a3a9d,50e0166befecff4f408847d9b62240cf1b5ee0ec7cfaeda7032fe77e32d7b076,studenti.polito.it,-43.0,52.0,127752718.0,797682811,AP-AULA2P-04,Student
49294aafcf17e081bf5485b17c0413edf4acb34c0487d1000e53353be9d26d58,6272a46775f264e9218314cebf4d06bd270acaa11d93fbb9f0527c7de5976513,polito.it,-54.0,40.0,1038126441.0,209020714,AP-CIT-DET3-02,Staff
957e615b04ff176a8aa46c07d32408dffd595ad8a70c54e77a9cd46674580e46,078465a8aa452f8c10fc183b5f2288ee7c7208d168a2a3f095562840f1a9e629,studenti.polito.it,-53.0,40.0,39858015.0,2538869,AP-AULA11S-01,Student
0cf8aaeef07e2554fedf8ada40ec65178aae99f98ee7eaaa133bd3d12979ce7f,34e6f516a5cb497476967321055ac1f83c82a3043bc8c40abd47a315901eb9d0,studenti.polito.it,-57.0,38.0,124269646.0,1715504,AP-PERUCCA-01,Student
45edf137e543927e0b753237754e86157a94fba1b10ce51e084bae53819147b0,0b23244a1d2d80fc31f78d62250e230a54a951c9b0cbc97b58c2f93f4cbd18ed,studenti.polito.it,-62.0,34.0,6959620.0,1921051,AP-AULA03-04,Student
3d8ea027fce5f75863fc710312383f706dc4c3e6011eadfb44a663eec73c75e4,,,,14.0,0.0,0,AP-INTE01,Unknown
5eed6257ce0ade06007083db0ef699a7c1fe90a7ded0b938b985ac8601721330,91cedbe75c932572022bbefec8f3f5a72efb14ee49ff6aa00a897715a1ba87da,polito.it,-68.0,24.0,606395004.0,157344557,AP-DISMIC25,Staff
296b4b81792804882dc00dd7eeb92e7c18ce0fe7ef6b86cab8354960ee521cce,6fdc4a2b0b2a848f0ba8d7a57500e4d6f5a81569813de0183b46d39f8022c783,studenti.polito.it,-51.0,41.0,103158536.0,92875035,AP-AULA1T-02,Student
618d9778f86dd7746402ea2c2f4c0cb7c28473323168eae61a8e7e60651af4ed,9a45f096b5b0961953fcfe8f5fdf70dd2d709376bc9ee3c71d50e83d7851fdb6,studenti.polito.it,-57.0,36.0,286259166.0,50668467,AP-GESD2-03,Student
7ccd6de10d2c177c0eacf4c53495fd0e9d7ee3093aaec9ec39cef90cd2f136bc,1faa5efc911fad8dad23f1590042b3cd6313c95d966a5d030aeec93b72fb7030,studenti.polito.it,-73.0,21.0,23227766.0,1357419,AP-ASSTUD01,Student
5db780d9412082674af4ca29a407f5f598ca95d5eb2ebd29019fcb48b1e96a9a,84223787dc91e6a0311f8e4cdbe2e85bf72a64775402b9f68e1af1f876c15dfb,studenti.polito.it,-52.0,41.0,82021743.0,4130580,AP-INGCINEMA-02,Student
07f662eb4801d971d34f6d19b30f4dd911b96998ec117eb5c34ef89e6e44e337,aa99766f39a476a36e5290712fa4b41a0cadd743751a6e6499d1babc4ba2df9b,studenti.polito.it,-55.0,42.0,20204152.0,3160338,AP-BCI-ST-09,Student
dc31828bbe67c744fadf5c26e7a3413c4868bdde9c7b7021c419181f2df57f59,2c76ff211a8cb526540c90d49c2277b40bc28105a32866de6c1af006d89c2c49,edu.unito.it,-43.0,50.0,72117658.0,25887376,AP-LING-AULA213,External
9fd5ee3e0cd5e155182d51bedad1991a82f2ec689c298e2eea0770bc2c2158af,f83e4fe609123794559d0315e0f1227bde3f4cb03750f8a8ccb94a44bc335b14,polito.guest,-47.0,46.0,153159756.0,36159726,AP-GESD-01,Guest
f7d894295a0c09872d08a95ece03cb7a6e9f90be451334909ccd988157e46ecb,9a1767aeb1d4d6b9751f652c5342e346584353b84e34418277d343c8ea40e6bc,studenti.polito.it,-71.0,23.0,122088256.0,12806029,AP-AULA10,Student
cde1f22d0d99483f79903519d72c214fb994098bc589a893b4491ebb72abd141,ba559b1e4f5fce66d7a4330edd04c8b51b510d102ec70fa16e276aa0a4fdf5c6,studenti.polito.it,-42.0,48.0,34898994.0,5405650,AP-CIT-EXCELID,Student
1a4d8c95a410f0beaf21c085f93cd60ca9b33d511ea412a54225282f12e39394,be339eac43600efb37165279858e3ca44c93c4ad464cb336d9b3344cc91d450e,studenti.polito.it,-45.0,47.0,543428321.0,9164334,AP-EXREALEMUTUA-R2A-P0,Student
7df6ba171ef9a819ceeadbcee74f31bfa10aca07c2d8cfe315aceccd073b6183,2c333c0c587a35436b8677cb6bb999cbdde2c658b5405751c76f19c24776a7e0,studenti.polito.it,-46.0,50.0,27463668.0,7774678,AP-AULA27-03,Student
cdd0fabd92cffc9299f1989727c852c6a9f10c6d49108ec3c2ef919534bc6b9a,2681492d0354f2fa39ba300b994067b8958036da5af51764ac0ecd16b2983002,studenti.polito.it,-57.0,35.0,11002818.0,2690241,AP-AULA8C-01,Student
f418c83991c66708b4faaf5f1cdb06683790745e3b7f170d665af4ed29373727,73ca36b088710fab96ecf24b59cd8ccbf5c8bc850f1125f734c6446aa5318351,studenti.polito.it,-51.0,40.0,498034797.0,35844791,AP-LING-AULA201,Student
0558ff864303e768c53af564b563e7c6cec45bb57391ae714015bcdace4d5470,ac48eed2c4317c7e25e6584d379a0d1059ae32506f2011f46f5cbefcb70cceda,studenti.polito.it,-45.0,51.0,189006146.0,25187936,AP-BCI-TZ-03,Student
50e97ee21f78ebe63fcfdd5d5dacd962a4addbf450e0810fb6d13ee2b65cabd0,9e81a3024643e56b38411db27ce751ca8f5591ed42a74833f80c4bcfe1661509,studenti.polito.it,-61.0,31.0,6473259.0,383107,AP-AULASTUDIOR2-01,Student
76f2ca65c384672e0c007bc1076901ce3edf6be33e77f06044c62866f6cafc51,c75aa2ed90ac2768b0dd12f0bd376dfb6a29f7734bd90cb1d167379c20c22445,studenti.polito.it,-52.0,42.0,20782555.0,3305892,AP-AULA4N-01,Student
31e70d9ef428d835a9746579edd036490fbd344128bee508ac7b5dd9d38ff0e0,f92ecdfb4e31eb532e006d0c19c1e56134dde88f2fde7f7be7acb9167a8e4834,polito.it,-71.0,21.0,31382034.0,15102174,AP-DAUIN04,Staff
3a00f8e67d850c68d0686f30993057fb6226ea3896da98125e4dabcb7010ae29,53bfbf55b766a1b601675ab5c2fea18e5d6f897f68c5c4e944a853914e69b4a6,unizar.es,-66.0,26.0,161506189.0,26134183,AP-DAUIN04,External
ae0a08a954fa7b920654fb6c71c5ad75362d33d2f18b62c796be7b9a9a2472e5,4b3dcfe275808e82715f02c6ca0d25b6cbc39188ddcbc5e801dde2a25434e8f3,studenti.polito.it,-49.0,43.0,857459113.0,21144166,AP-LISIN01,Student
af318a047e6a8f8333e0b094235721dae86433fd9e5be7f80d6e7ba6f826fe61,1cb0b1dda2459ca19dd03089521208dd3b856a709ee424757bd3939b20b7c17d,studenti.polito.it,-43.0,46.0,33554194.0,97342812,AP-AULASTUDIO3-3,Student
c316a2e3ab943d89a636fd158db2de1376274f3ff3076d413e2863e97164fba5,a20a380a8e57d5d2fb293e76a1fdf595fd2e88fe0f65b3404bbd7f43f145624b,studenti.polito.it,-52.0,38.0,79620157.0,8871798,AP-AULA4C-02,Student
684c938ec0d2114579c306374ff04a1dbcd3a04ab3d3d8d4f8ac6eb29caefc24,f17ef3de030cb05597ec09d6af2ba35694684d56b4de4c2a359f4277be872aba,studenti.polito.it,-67.0,25.0,35208597.0,10745908,AP-CIT-DET2-03,Student
15959e716afa07fc05ca65d5b8d74cd26176e854364a42801e62ea81d35786a3,4b5d6e027e4e026de1c42e6dd5ba0fd131e98414e1c9344af020e16aa179a5cd,studenti.polito.it,-49.0,39.0,356240904.0,30446049,AP-VALE-BCA-ST-01,Student
b14e7aef9daedce2204897c7e0f4991341d55b64c3796fb961c0234826f6b8d0,862b05b7cd6b809ade9d0a3fe566fdf50364d9bfb4d0af85f0885b1580803756,studenti.polito.it,-58.0,32.0,53583520.0,9823211,AP-AULA05-02,Student
b814883bba5c4dadcd3c7c0e43b5c33f48d82a384d846d677e820aaf00f4267f,7f244e760de94b3e6b8fdb3bee0da429f46433274952631a3e2f7d0d0fec1247,studenti.polito.it,-53.0,43.0,2690596.0,3388542,AP-INGCINEMA-01,Student
e34e6b4916896b9e9405b08c5154ff6912a485e37398efed3b935c44d0a46ee6,54cd84135173fe61afd00e11f0c07f9d1ab612f1c5061466f9d777a3f49c5cb5,studenti.polito.it,-51.0,33.0,34588219.0,27632164,AP-VALE-AULA10V,Student
0f65d4d89227e7502b99e8f2ce257a877380dad73da830a17439fea1e3afe8f3,6adb559cd1d1a3c56aff9eff07b9c668638f67b9c9eefcfb14b2ca1c779274d4,studenti.polito.it,-57.0,35.0,191062569.0,15511946,AP-LISIN01,Student
6d7c4868c9823fcbf15c53581b8a095758d9d419e249323db97588e2bcb2f768,c0f1b4fb9590c9446360c3f9c1bc9c4ccb449a588d9899cb56b1a1cff9d0c2e5,studenti.polito.it,-36.0,54.0,163950.0,692698,AP-EXREALEMUTUA-R2A-P0,Student
f80e9ed2bec72e1bf0cf846d4188e9d8432483ee88a9003b988aec0e45a0ffb5,cf3a00d52ea0ba004fedf437338608824affa3e303441952a7d34da86b992f03,polito.it,-64.0,27.0,12773190.0,2650248,AP-CIT-DAUIN3-08,Staff
c83bb8abfddddbc3b3cf7818b26574b402b500f4dace002a8b5696def769282a,60f3f302f5e2ed62f099db354e6df2be84aae800421cfe084cc6851377ecc90a,polito.it,-51.0,42.0,55896.0,131777,AP-CIT-DAUIN4-03,Staff
90c0b1db06bbf1138072ce7d663121e60cf09a61bfeee2356d8f40093110b879,acc556e715f5e67195f6a6a2fff5a702db94c26f454cea6aefc43add66b36d21,studenti.polito.it,-64.0,27.0,70880921.0,48472249,AP-DISMIC29,Student
66c38a8a1d4d8596329e68d1bf2c02731e4e8b5a2e38138304c02bfa9a3020f1,7261d3c310040c61ce9a749c3846395789912ba194033083b7a229e7bc4d74bd,polito.it,-55.0,37.0,2233003615.0,151539001,AP-LAB-ANGLESIO-04,Staff
d7aa1174199824bdd1714a42a057d25e90b2bfafb249ef7fe4840940c2d72609,a74e472c3aabccfc36c088527061d3b1617d9b922ae75cf9732025e08e31c59c,studenti.polito.it,-40.0,55.0,235282259.0,11269002,AP-AULA3P-02,Student
c5e8efd584d263fd7976de9b57ccd419fa646f885efbaecc4d381c2762e088a6,446d04af49b87a740766d5d96fedd55f8c14f88b48b08585a28e7778948c57a0,studenti.polito.it,-50.0,45.0,67196988.0,6381909,AP-AULAR3-01,Student
5444f6ed33ab0b5772bd479176d32cfcd2c95e2b094148abed5f66e3762182d3,f0b2571a0e98a20b298538a7c456a91597031ea8653e522f0cb46497736b09a2,polito.it,-55.0,43.0,172060.0,172595,AP-FISLAB3,Staff
08db96be156d69efe9858f107b66448ca858ae27840f0a96ac670ebb6e3ad0b2,625d7011157078d9daee38ca18e7233d7c7c5979fb80046a49310390d1ed4652,polito.it,-59.0,33.0,762363284.0,91021172,AP-CALOS-01,Staff
a8f414228d8666c3a1513142050e222f180261aac047da92cea94fdf7b55cb52,3e45e762f4e19f896ccbf41f7642f6055f73ae7447aaf6c08759cc1078245f26,polito.it,-66.0,26.0,942905631.0,241087581,AP-SETTE-AULA13AM,Staff
d817171ec9593cfb1881f373609978f6dbb4f3eb5449d55ff4276e8e13add556,b2d106ddf3f152208745b9e5d742dcb8ecc2e7ef633de856c5ce44acf85c4574,studenti.polito.it,-59.0,34.0,73081900.0,14059072,AP-CIT-LABINF-01,Student
144647e5fc642803d597db3e502886dd343d595837b41f46d993fdba5adde6d4,20f1b83840bbf445482a3b3d101822df250856c7133f495df57925eaf1a39a1f,studenti.polito.it,-87.0,12.0,13842.0,22505,AP-SETTE-AULA12AM,Student
f647b62197c84e7baefa83549dae51227d2fbbe0a178591be0ca816be8c7c15f,,,,25.0,33957.0,6195,AP-GESD2-02,Unknown
e5766c3034139bcf1b79e39a874927694080ffb9308f81fbe39a937d79bfaf9a,05e6edf4786545d0f87b12d6d177fd1c0d3ab215fd863ef27edca3a93f5790eb,studenti.polito.it,-43.0,35.0,21298112.0,1487193,AP-MIXTO-04,Student
2c021146c7fe9d146e3da0ddc6d43c94b860131491f00b3bbb758df6ef627e4d,2525cf651a8ec4644c354cfcf0e2f35f4226a70575871751fce171672a58b4da,studenti.polito.it,-75.0,19.0,17091561.0,1521655,AP-AULA4I-01,Student
2ea6a14f64247406102a8792824972cc653ffe8e37cb147d8bbbee6a49bbc359,1faa5efc911fad8dad23f1590042b3cd6313c95d966a5d030aeec93b72fb7030,studenti.polito.it,-58.0,30.0,191039480.0,19304626,AP-ASSTUD01,Student
ae9b0e44ea995e8cfc8e2456e2a3ae271d6f9651fd1e75e2adb385f61a0c7b5c,69a288ac0335ec72bfbbb62c39a20eb2083f40e4f0719cc97e3f921a614398e7,studenti.polito.it,-60.0,33.0,5023549.0,1008287,AP-LING-AULA203,Student
c79b4e817a0bb38a2b718631258a80ea08fead1198e9ec19e6bace39d2f6bc90,718754f8deeaf1c3ccff19fcb898692ef40677d6376b7f9e4e36dd5079340db5,studenti.polito.it,-86.0,4.0,410367284.0,14803428,AP-TRIN-01,Student
88e8eaa94dfb6724d0e1b5cb56230ea818b0ec77f8c3cd9d549eb2a0800686ab,4d1f0ff1b14fe4830172f1b18178a78272fd87365d3185f7ae8bcf2ef4c41bc8,studenti.polito.it,-69.0,18.0,559092800.0,55348765,AP-LING-AULA207,Student
b2fef8d44a23127469b1e2f1af87ca225127de6cd5c5dd67a8b6b3d01caf39d7,85965ca8b705062defb071b8904253fb5b4c8e0bad756067776a05991eb9ea23,studenti.polito.it,-57.0,38.0,16242769.0,1035552,AP-CIT-EXCELID,Student
c50aa89a9f1eaccacf96a155c4fa69b686d0e017bd989a45bf237a9690fc16f7,2626ca2c195076b0eaaf8fefb136ae4c490d2c9ecbfbce65b72a6e60eecc64ae,edu.unito.it,-46.0,40.0,72199542.0,3542120,AP-VALE-BCA-01,External
9cbfa33c633f80f76160fe4fe781cdc1364f9fb9a722f1bd9e95af7b1b204e9e,a03b333d69b127a0e433ab2643c4efbfc7ec5a5ea8a4c96b411d5bd745557ab7,polito.it,-84.0,5.0,38524370.0,6817188,AP-RETTORATO-RETTORE,Staff
ccb5b63e1f27d7300f564ec4d809b5b8655560d97d8fd0a4bf401c9167660fed,b8c8849a5cbdebd279f9786dc9a580f4d4ffd318dfcd7fd9736315aa87b38ce3,studenti.polito.it,-55.0,41.0,11859378.0,609186,AP-AULA05-04,Student
576d3b9057e8086d35e435e7ca47cee708355df518229d4aa90e295d6de135ed,3781d7186aa702db15d66f2c84c6458f0e0030c2ce922d5ab07238012fd1f707,studenti.polito.it,-75.0,20.0,124220260.0,6690193,AP-AULA7S-02,Student
736a1dcfde0b2c844e57d386a1bdb812dc30ac5635963d177dc0345526974105,8198d299bc6e7a9877dc7e643b3afe2e050fd5651a55fabeddf3de18fcd244db,studenti.polito.it,-77.0,13.0,43658086.0,2935382,AP-CIT-DAUIN2-01,Student
5ded04f460b296b0c5282b0a319c25c893e32badcef16b40c50f25016799d5dc,7a37e4ca4008a7b704dc742ba46593a3bb3127ba4f58501b3be8ea0be28b4c91,studenti.polito.it,-57.0,37.0,85114.0,38818,AP-AULAR1-04,Student
675f6d1b90d4b3088bbc09e0a138e4ebe4de22ac30c9157bd95fbe74e9df1923,70d163e3ba888a0a77f68828d88546b950a165dcfb5564a82067b7730232f80d,studenti.polito.it,-80.0,8.0,121509.0,69430,AP-INGCINEMA-03,Student
d0546166d3eb1343ac84f0022eccaa38541b523e55df0558836c715d6c2f124e,65b5b1f3c9502970c245e23473f01fa808204967b07cffba0e814b0f57af56a3,studenti.polito.it,-72.0,14.0,253481051.0,4339466,AP-CORRIDOIOAULER-02,Student
e2cba680a80ba66d26430a7e4826f93adcd640881b9d9056e1d0246dc315c738,3645e1463b881eb29a9176b3d39ed02ca9f88f999c033d50ef27b1f4f7d3d59a,studenti.polito.it,-49.0,45.0,48678260.0,3019811,AP-AULA12-02,Student
e9cbaaa597402e89e840dc0c51feef3be5aceac8aa859ee880b5b83e8beaa793,8f84bbcd3e6fbb8512ec1862ad6cf3f7fc28d130f6357cdd3b6dde97bd28dd1a,studenti.polito.it,-53.0,41.0,55547256.0,23958984,AP-AULA4-04,Student
ec03ab9e5d68a3b6328c8941021c9c215d4abe28930a22eb86f18a10209ead2d,999d0910dfac2edb7f5ac5b11e8d7cc9ed4bbde469a64b3915fc84b97f833241,studenti.polito.it,-70.0,22.0,156369122.0,11511060,AP-RETTORATO-RETTORE,Student
c102c9d96458a56260f43a7080bf7dd8d5e65b1fa67ffcdd5a0404a2dbec95a7,4262de490dfc57eed917b8c3609650a501df9a8689d3689ccc9c65619f130e32,studenti.polito.it,-40.0,55.0,2789163.0,1927158,AP-AULA2C-01,Student
51f25e811daa3b6560bdb9bb613ea772240196c10c9d5a627f4095d48a761b70,c3424de9824dbcae700862450c1290b651eb33186421b23f7c177d3ffc6dfff8,studenti.polito.it,-57.0,37.0,10224241.0,1982829,AP-AULA27B-05,Student
4e6efb513e6bd739089380a09f2eef1aea0528a5185feb970d0075f257c9cdf4,d4524f6a85c02a5862f2bdbb95f3a5d519ed0ac52cf2e63acbd9057f03551f10,studenti.polito.it,-60.0,28.0,79772442.0,2656134,AP-INGCINEMA-01,Student
93cff7c1d24cd73f22bd6fc24869c002ab5f2a40dec643e90968bd575c32cec1,9e98c777f76415453e82be563dda3caddecde3e38754a6612f147af6c10b592b,studenti.polito.it,-64.0,30.0,33671603.0,11918934,AP-CIT-DET2-03,Student
ef8f07f0a83407a6b7928184ea0536b086756efecc04fe858b6ace2f8fb941f9,7e2f11dfc879086a5d72def6ca79d81e10c5bd315ccb02602bdf38b4d6dfd534,studenti.polito.it,-35.0,61.0,652715.0,321745,AP-AULA27-05-OFF,Student
74c631e3c1c46ee2cda8d03b90643d2c9cce9baa11eb3436eb0a1edbcdfabb41,2ecaf3c48a3cda304e6119e89ab08230453d274bb5e62c38a546e999271eacb5,polito.it,-61.0,33.0,446598238.0,11246999,AP-AULA2-03,Staff
80176776c9dc7661a713809cb574f770a5619a9e90da915042103a35030d3f9c,e4af4e37ec0aec0ec7be81f71b3c13280e945fdfc3eab073557333a55abe4925,studenti.polito.it,-55.0,41.0,820130.0,98542,AP-LING-AULA205,Student
46e362f27865687f73805844a9983caf6722ce4e75021b97f6d8d451bc15bf65,9307e850a3e76a316178ffb4669153b0c1a5e600e14b2e516af5968568c2b48f,studenti.polito.it,-47.0,50.0,92562270.0,9644524,AP-AULA05-05,Student
b0076b724dafd41605b9596059465f035f81eff6c3f7cd07795746f8768bc82a,3ee6f404ae3910aeb55acca3e88961ff285f8304e1243690d6fb790f5b4a69d0,studenti.polito.it,-55.0,39.0,13418665.0,9212445,AP-AULA4C-01,Student
99890bed317ec02825d0a6b7bdac50eb0f67ccea0488190a51fb18281e841d62,7f65ab1bf8300224319f110f3f72ad23b3d953e0f7a60de7204656e8bbecbbfc,studenti.polito.it,-54.0,42.0,943049.0,533454,AP-AULA05-03,Student
78efa186d00224026df7aa84a1cef10a25bdff1120451317df2501c04f8f6446,1ac7b910beb1fd9ba0812c080a017813140fca01dde8f574104d4fcaf6cd207b,studenti.polito.it,-44.0,45.0,380274.0,275746,AP-AULA3D-01,Student
98d40f1e0a1b6a192323e99c0f8fd2e7075fab6389fba22b014543635403916f,bee71bef42a4a6553f18daeb5f0db45c0d1a0845311ce35ae3249b43b1036588,studenti.polito.it,-60.0,6.0,0.0,0,AP-INGCINEMA-01,Student
adad30cdab75d96c75aaf726659fb712b9a6680c8cba4caa8a16170f59e48124,3bdcc79e36baa848828b7ccd10041bced20c765a33f9165019e37c162830a5f1,polito.it,-74.0,17.0,27503824.0,3763451,AP-CIT-DET2-01,Staff
ab46a5d74a39641be3041f7afcc52aa594acd3f1229dcdfad02db058401d9962,b79c9c4c7a97e1ac2ce33c77e487528f71340c95b628cf88f8ebc6ac73e32ab6,studenti.polito.it,-54.0,41.0,23762630.0,28357330,AP-AULA4-02,Student
5db64b9d09b3f37d17dfa1d902725998417c820b0f09bac691b76bfb4da0553c,d631d470d162ca878d0ba9b0225a1f0d4b9a8827905197206aacf93311e7aff6,studenti.polito.it,-50.0,43.0,292669.0,203931,AP-MIXTO-03,Student
40a0016fcb4ace4eb201b06b643b98c6148ca6c384aec03811fb6caafc7e9706,6e39db847460e6fd89252ed5f2c71ff1d226e415212a8fd2bae5e8bb3fff48f7,studenti.polito.it,-53.0,40.0,355220673.0,24704021,AP-AULA2-03,Student
f8d06b1ea10da6b9d5fa261b3d687de53538bb499b47a51143a5e1bc2e4700f4,1a646137db2c9c4a6f0c048eca905248abe48c29a308d92aca580f3f408428ab,studenti.polito.it,-64.0,28.0,2867343.0,1863689,AP-SETTE-AULA11AM-2,Student
c8a08ac6f13f9924809e0ea3cfd542e162e4891da655323796d54e9e6c906b07,e05821ad703f169913ef1bf3fe674187416cd44ffd2ad2a664b06db71f7be4e4,studenti.polito.it,-52.0,40.0,22471197.0,8254139,AP-UFFPOSTA,Student
6e394ee70b11d8e193207d72c9db06ac01c919e368688aea6afbeb8f2a0e4764,74a73fea970fdf56f0fe2ffca24db8b02a654fa9fe693ee38fbe4c4aac9900ba,studenti.polito.it,-57.0,20.0,37632.0,51191,AP-CIT-LABINF-01,Student
0d250b6c26394a3e4dd8e0aca34ee2502873d9487f833c2400a31d3f58ff11ab,d1db27ad4a13b02384150733f19cd9eec876764350560191a6c6037fd0cb2811,studenti.polito.it,-48.0,47.0,137902615.0,79024552,AP-AULA4-04,Student
4ac3f4c35a74b446ef52b68fbfb8e05cd371a773146969c054bd858e1d2e3559,0cc15340af9ce0e749c19752e43a159a896213b1a30ecf403f07cc7735350710,studenti.polito.it,-58.0,33.0,0.0,0,AP-AULA4I-02,Student
48b9aaa9877b7f773bf14990d900eee308eaa121b8a931153a9e19c4f5ead04c,485790dec10f8cf3a60de6edae9d918a0ddb0f72310b4346339a2b3a7d61a2ca,studenti.polito.it,-72.0,19.0,52249839.0,2826461987,AP-CIT-DET3-03,Student
b0b2ad97cfd1eba5409697fe5ae051cc6593d51f2071485637f9d96eafc00c2c,2a8721015bae4b69188012d62dc8c329c6f89a5f3733de3bb8b5e0d3b268dbd6,studenti.polito.it,-62.0,30.0,10109461.0,4110637,AP-COV-C3B-XP03-07,Student
98532e6ba5c783a6c9be30124a6d1a3dcd9cc75e7fa3b948144cdb8cab99f855,c92bbf711a36bcc5f96dd4922a92b8a0296fbf141913798b8670ef0f9fe36256,studenti.polito.it,-50.0,40.0,4353437.0,8547000,AP-AULA7T-01,Student
c47b6e04bc4ffa785656a3f0eaf10838ed400acf6db7a3ee69dda7bc9c910d6f,71fdfc5d2bba59d83068a2c752a2258fd14046927e5e16f6a6966963fd1ac550,studenti.polito.it,-49.0,46.0,9688886.0,17862643,AP-AULA05-03,Student
facf9fd9ddcb3b07be1c0181930ebf09bf2e9a38a34900b48c31cfb3ad80d154,627fa7693095d1ff4e0d586b2fe6438bbf739610481ea95327d1060c34d70c4d,studenti.polito.it,-59.0,34.0,87728324.0,5049315,AP-AULA7N-02,Student
5a0bf0bc31d33d9d46ed99f8474b21234cc27015650e83a0a18e4020575cd6f4,c507755992c8e796d751433d3864b213a512a7b697c1308abc6f35d4c0e6725c,studenti.polito.it,-67.0,27.0,3279652.0,1226509,AP-CIT-DET2-03,Student
79ac5596159665ec5010e9163b9b62b48f33d80a2a172e6566167f260f92faff,cd37c9b1ed0622a9bb27d7afd4dbb861955adb3c0d172a7813e3c91b5fe905eb,studenti.polito.it,-90.0,2.0,66641171.0,5178698,AP-DELET01,Student
9abfd93ab8d31d2c8cf1787d654e8210551066e8f68792bfadf3079c223614b7,0f4c1075c24b0174fd2394b951928648ef2cf421ad29f55b9785684789691872,studenti.polito.it,-45.0,50.0,1340461.0,745584,AP-BOGGIO-SALASTUDIO-0,Student
9bc8f15a9cfb7e13fbb2ee7ec85e2e80bde3ad20e08c744c903ef4cdd03bbeca,fbfca13c489394824630fdeaab40984cb5681d313732a57a402694be47b81299,studenti.polito.it,-59.0,34.0,239599.0,169973,AP-AULAR3-03,Student
7415d6ebb12715ac2e13a9a51b517f048bae3c05e11ffc5d111b0a3a43e040d3,3656914ebf7308047979145e3c8bac9ef53e6a36db413a015c9332324f6423e3,polito.it,-68.0,21.0,1067753144.0,24679552,AP-DISMIC18,Staff
022e2dc7f62946708d45f7387e084e91447226ca2bce68791c215bbd0ea57aa9,,,,49.0,0.0,0,AP-CIT-LABINF-01,Unknown
566dd998617ce7f15cadccef899841e2ce4e8ffd937ffe57375157d1b8226082,fb9b1bbf553ad8494c1af8b60df8abb2eefbec5aa52bee52dbf969152c5a0055,polito.it,-53.0,44.0,30491806.0,3375648,AP-AULA01-03,Staff
5440dc14a1d3f7c650dc72261111ccda75c997c188fd5b7098e35cc1dbb48829,c915821e39a848bb1a76c71e6d9040d2cce243ce0fa67814abe4b0e873167c4c,studenti.polito.it,-55.0,41.0,31239524.0,3540100,AP-INGCINEMA-01,Student
a5d51a334d6eefbb69d6974dbd514aac75de3f0916ed47efe0225baf2bd24fff,5626eb62f9fd5d3e607078cae02e7947e1d8cd65bbd3e40aeee0071474482807,studenti.polito.it,-44.0,55.0,47019715.0,2794534,AP-AULA27B-03,Student
b79bdeedd1822d7999245df8915e47c0e9f0d482739e5e49f0cf9ed09a9cf5dd,eb10e2b5dc228617d490bd1452e8868583f539b013a1fde8b3a859e35fff64b0,polito.it,-55.0,36.0,3312064.0,65791921,AP-AULA13S-01,Staff
335f52174077d62eb23fa0b9f4038eb3073500ebcd28a5a2c0478db249798fe8,c287073dbd810ecfdcc14dfe2b15f21efbe62ccc271159f865ca7633c08052cf,studenti.polito.it,-82.0,9.0,7579.0,1467,AP-DIGEPB,Student
d51ce52c187888322c579aeee7759b0f7067f0f9c08471d759437beded578037,1aac5f4a183e640948be6bd549974a620dd3680acd8b644840a7323212b4b8f2,polito.it,-54.0,39.0,40887.0,33068,AP-TRIN-01,Staff
e354cf1cce7231c76a500b0f1c38e96cf86c2c104f2c6a10050337df1a535cff,460390c0d62e944675b61d17837089e4dd439dca2c06c6d46caf676371f9bc0a,studenti.polito.it,-48.0,45.0,369741480.0,13575847,AP-LING-AULA301-2,Student
35598df37ccbf9e5f1989c2d18afd373f9ccbdf3ffadb26e86b4cd68af05b4fa,c6409e0edf4871c7ac15f87da04bd1e15360f9c02356dfe3878bebd22ef2f2d3,studenti.polito.it,-40.0,50.0,3586097.0,799604,AP-AULAR1-04,Student
45f627a0886971c4ffe784b007ca712c4013fa511049e5cb84047bd33f4ca7cc,b0cb6969815cf0c3f5db57c6710c8aca4860cbeb2b5ddd29d5175db17f19d9e3,studenti.polito.it,-51.0,42.0,231324544.0,18126824,AP-AULA12-03,Student
c8bcbee283f2e26f0d06bdf4d2f9ff172d82d96be9d6d9f82340144f0ea94c6c,1a1980c6e502c8d242f06e643d2ff1f15b8cf95470ac33e50f0ab51af30316fd,studenti.polito.it,-74.0,18.0,80780727.0,3752858,AP-INGCINEMA-02,Student
801c6162d3f4b60874b494958a8cc9ae11d5897378e9acfb02d60bb95a325153,d6171464d7bf57a3209191c80b6f6365be530ebd1aaffc9d55fe56089de1fb8d,studenti.polito.it,-47.0,46.0,467935351.0,17437592,AP-MIXTO-03,Student
1f9768f73eb4495a15f6936209500bfb3870f15186c830e2e9ded22fb806b4af,3e1ab7168d1135354b3283b12ee9956acbed56c9efc601e1a304e43d90e1ea62,studenti.polito.it,-46.0,48.0,735365.0,380435,AP-BCI-ST-09,Student
1ec65a07f27b5db7b99052ea1b6fabf70eb508caf6b0e7c414c9c647c2ba1099,429e4f31824ab70fef3e4d96def0b4681b0020ab577754abda774eb0f5eb2250,studenti.polito.it,-58.0,36.0,2432155.0,421889,AP-AULA05-01,Student
878e35ad3ff76ec7aa0ce991a90882fc581d256676dabaa72ac1cb85d353c5dd,233ca5203cbe25746fd858acbf8a8122b75358ab49418e4ae617d1305343e5ea,studenti.polito.it,-78.0,18.0,678018.0,90078,AP-DISMIC04,Student
f7ab832dc1780c4abd32dc95db46689a04c3a474cfa1acacdbc7be3c9ae84e37,2c070d2dc74258c23e43a8f7f5d9a755b1fc9dac161fc85dc923eb45ce3ea2d6,studenti.polito.it,-50.0,42.0,2323116.0,1071122,AP-VALE-BCA-ST-01,Student
e0461d5ff5bbc9fdbb0431a2d0683db2995a69ced7608f91415caccf11115e24,61adb194fc460fe673d4239bc6b998f5e5777e48d820958d4dd64e5a90030ef2,studenti.polito.it,-53.0,43.0,4305895.0,721174,AP-AULA2P-01,Student
e8c8c1dd999fc6a8c0b8b5ee8f8ed916cafe2fb9c405e5a073f324da4eb44a6c,91d25497d992e15fa69dfea3aae7bcf6ac74c20788580a9b31fbe7219ccee655,studenti.polito.it,-51.0,42.0,26284905.0,2894289,AP-AULA2I-01,Student
3e1742b6ae37e34c0d510fa0e70c2715ab702d7b2082fb864e9b98d7e1e233e5,c3d3733569494ac0f33da91ad5313a9d176f812d38a20b9037a654a5ecf3d7b0,studenti.polito.it,-45.0,48.0,43601646.0,148898854,AP-VALE-BCA-02,Student
917bf945eaef842adcd70e07349b5fd18975644a4e99145a18ac151e42f19267,c9fef08a5bbfbc35ee9e43aa652224ee56e0eeaa763adaab6226a92f7b6de82b,studenti.polito.it,-41.0,54.0,17457201.0,11869511,AP-AULA4-02,Student
025da4260aa4abfd6a7e2a2343045af5ae6376f9eee02f16a6130921f1253f6c,126f6fe7bd7da358c43af1dfbf20cbfb66f3ed584ac28e990aa04bc43f9a24ba,studenti.polito.it,-63.0,30.0,21769903.0,11434823,AP-AULA4M-01,Student
ebbe70c1b87c37f6153df31fc27569c50e7ba94a9bdc9b488b5a73a928487064,cc65c76fd2b8d2920328f77970e1058ce5e5d273bbb9f312124ce086685d3a25,studenti.polito.it,-63.0,30.0,34292218.0,2936554,AP-GRAPHENE,Student
b4e9765cac7ed0ba4e342c62e97adba360ffeb1a52e414f7484d8314e4b26a05,5f41dc5d825b1ad3d861d8d3106b4fb9f6217448c430949c98aeb568327d3f2c,studenti.polito.it,-70.0,24.0,857263.0,631060,AP-VALE-AULAMULT-2,Student
ab49ccbd713b50886185afa0686a78d626264ab7001da7ad8dad0e84a00ff723,f3743579aa16c7bb7424ccf469bd6014aba7a45a56a2bb9ea3fb4b689c487d45,studenti.polito.it,-57.0,32.0,1344627.0,418254,AP-AULASTUDIO3-3,Student
fc92c4904b2cd337ab886f4ced28c1e6f6e2136ad9c9e826b90927f64265e840,e7aac7bb68f52189172e52e30cd4187ccbc3ac4921dc715d8e70bac724ee2c85,studenti.polito.it,-52.0,42.0,20403491.0,1101276,AP-AULA3M-01,Student
be801aa288690dbdc223bb46435c6824e0fdc160bcffd8225de35e8dbbfe9ad9,ee9709e92b1b69ab53f9863c83835ffe93c08eedbe36e1945ceea427410ae0a9,studenti.polito.it,-54.0,39.0,550946.0,227885,AP-AULA27-02,Student
ef868d233b07a4ec4346e291d67aa0a607256f3f8389b4b42fd95ee0e54e8bc2,26e80634cbc06f762d7cf069c2043f47e4cfab86eecad981d9a93fc9af7b6bf4,studenti.polito.it,-58.0,31.0,23652467.0,5266098,AP-VALE-DIST-10,Student
0c63cebf8f7ec745117642dd862cf361990e8aa19e8a8f8d1787954656224866,cd71d764d7eb6853ace7232bc4cec742ff67d9df9175b8f978d483a408eb3b1c,polito.it,-68.0,28.0,596751.0,131799,AP-SALAMICHELIS,Staff
1c61654c829f6c49c6d353f1d3e47666548f5b9b37b7dd3237eeb01f8ea370c2,378b9146d7bc79f422533b9f3ae97e244ea36438986ad148e3769e847f67e06c,studenti.polito.it,-55.0,35.0,147440164.0,11256900,AP-AULASTUDIO3-3,Student
bbedbcb7ef99b3188774e8379994027a550872d2b619d44fe14a6719431c5e79,9090093b06eec4b93b996847b67a313db7a942206a4c33bbc149b6412909731e,studenti.polito.it,-56.0,37.0,105752790.0,3604512,AP-AULA4T-01,Student
b73e170519ad94ca53749c10cec2d709e4b705bf88ae5105ea8901f0951e46b9,2116aa73f980ee603bca5596d30cdece768a478fdf9bd5d9982357c90b6cb773,studenti.polito.it,-57.0,40.0,15849210.0,1998436,AP-AULAR4-04,Student
e69be7f8065111922fac7b73dc5f6f35768de362a0b9e8fe866dbc23d7d1c9a5,97827c077ce319a3ff91027e58ade406c522d74c3720955247f195b2cb69289b,studenti.polito.it,-59.0,35.0,82336380.0,47977695,AP-AULAR4-02,Student
ec7330c8fb958a5f656f4c503904794ee72b6976c6ae5c3c6114ce3502cac5e6,f06755c3a4dc056e82525dd9325ace914e6743d65c1dc2bc381b901d5d5ad6c3,studenti.polito.it,-52.0,44.0,2316733.0,688724,AP-AULA2M-04,Student
8360999aecc7a57307232a0f380134b0e2f3059e309f2c3e3a985e214d6ef9b4,11d3825ab58d4c2e1cc5bb74eee00ca2e28d4151a7f88c8030a1d0f88c637abd,kth.se,-59.0,35.0,47859100.0,4483220,AP-VALE-BCA-ST-01,External
4dea760af6e0a18c98c9e01cf9826555f9392b08d9cf82c00b199255e84d9902,ba2d07c69a4da6f9b44a7f0f8626d617d371a8a80fbd60a7e0582eba393bb027,studenti.polito.it,-49.0,43.0,45963.0,33736,AP-AULAR2-02,Student
f6c848aacedf07a23cbb07258ef9b764ae8bfb9b34ae5352a2390036efb063b1,9d84657f0f480c35860d116939256550c4e5418cdab3d1971d652e35e6d6be04,polito.it,-61.0,35.0,12371695.0,3539402,AP-DIMEC02,Staff
153c8410ebc022bdfd9cef066a90505aa1f9bbc4f7a8fcbe640e98e09c72fcd4,5df2ea92f05cafd9d6db0db9bcd261c99872d1afc6474ccbfd4a267082bc8a8b,studenti.polito.it,-61.0,35.0,24230238.0,21871600,AP-LING-AULA201,Student
ca29d0d7ddd1572f932257b0bccffd96456bc7b2b26ed17e064feb96fc00ad74,2a3a0b4f29e0aacbf1bfc71a7e9a4ff967165cf8ecc1f8ddf81316a0be1bb76f,polito.it,-67.0,25.0,8442965.0,1208578,AP-ENERGY-LAB01,Staff
70921bcb60659f4b6c58aba6b97b7d1b55e61d2e66cf0ecc80e03cd33f890818,bb4b09782d7ff1313b6810bddd58b9d795b98593d2a05cbfe7eff462f0f5be91,polito.it,-60.0,32.0,3656399.0,323746,AP-VALE-AULA10V,Staff
6050c0f2235513dde188cb40d1ce7f2497e9b5624f3d32e1ce8385bb499c73e8,,,,35.0,6534.0,429,AP-DIASP-CORRIDOIO,Unknown
8d9402b8abc2aacd29a436d74bec86d0e05c78899e0dd88d151d10efce7c5c42,cc380c65fa0200379da515623830ab27a8716ec961ce8bbe042725a0d8db453a,studenti.polito.it,-48.0,45.0,15171643.0,47122871,AP-AULA4-03,Student
cfaf1a9daebfc56c6fb1571eb265919d7e63e8c0368d27ff663c7d385fcf6478,c1594b907efe49273f0bf8ea9bb05b2aafaa370665aa3528fff11fb3cab9d158,studenti.polito.it,-72.0,29.0,46209633.0,6746663,AP-AULA8C-01,Student
1705f6d602bcf2809ed176e49f4d365fb9d09f4239c4a4c7572b9529137cf37a,c77dc7f6b147bb61b5dedb76dc7294b623ac0925f734cb531d175addf8ef8942,studenti.polito.it,-64.0,29.0,4832153.0,1623047,AP-CIT-LABINF-01,Student
683f959c6a1d62fa9361a17a0681305b68897dd94e8437a9b25b66c00d41f745,c749296972d83f4b2fb06124e9fc4198026cb95737868679e1efbb15103946da,studenti.polito.it,-60.0,33.0,24649672.0,782349,AP-CIT-LABINF-01,Student
f4d9206fad92f01fbb21fc61ac187517ea9241519e514e2dfb3e1c03c577c85e,303fe474bb6db14dc549ed3ecc96cb85d26aab2fa444ba6423f4e6018cecbd4a,studenti.polito.it,-46.0,48.0,16364894.0,5740311,AP-AULA6-02,Student
e28bbcbdf5c1c884b30ee88d0849669a9abf9f94f2e2b48b05855ea57e6b9167,926ffb1487ae69c93ca8221d60e5b803a33854c69f29a62348152167ee26e487,studenti.polito.it,-62.0,31.0,389478139.0,16741524,AP-VALE-AULA4V,Student
e7f7df467a979f110cf1464d67e6611ab6ff64792d9e88b0e303dea8f04cdbbc,88ee2fefcd6bf8e437fdc11b2bed0cd6e6aadfb5e62e5cc9e16302bc14b56caa,studenti.polito.it,-54.0,40.0,10749137.0,34769629,AP-AULA4I-01,Student
07502a03b112bf977aba31e38bdff045b068b78ebf61af0fd292d8b3937acb57,52ca5dfb49b7617fe548c925af89ac7d50e3afb971c3ba3adccc1c30cfc80737,studenti.polito.it,-51.0,44.0,88618095.0,5662964,AP-SETTE-AULA11AM-1,Student
4e7f56af21290315917859797c8aa51913f4a033045b5806ff01bfa52b235740,dd02d45b579a0d37607ce3d18bbc05521a0a78e1d92519c801bb9dbe82ea09e8,studenti.polito.it,-62.0,30.0,135440199.0,4470488,AP-SALASTUDIO4-02,Student
a649007334e3a25ccf67390e1102fed0a8f21876dbdda16b7da8e034dba55cca,d5dd656dd68404a484ba97668ea9aaa7d7ee27a396a0f265dfef6a0048dcf8d9,studenti.polito.it,-47.0,50.0,2336906151.0,199493226,AP-BCI-07,Student
39fbff58bcb06ba77cebbeff6e61316df39f292de16e3e47e536e624ec56bcfe,a1b13905c07c9dc96694a4f9664a1921a2df54f8ad52ac16b3d5cbfe0f8db808,studenti.polito.it,-56.0,41.0,283052674.0,24657035,AP-AULA08-02,Student
dd5a593aa63d05e502f6185cecf809271a25ac594865c820b4420d9258470954,7a8b0c2d2b7671aa871cd4f5a23e60237767192ad4fc4a34a34fa76bf9c8cdbf,studenti.polito.it,-59.0,34.0,137410763.0,21724264,AP-INGCINEMA-02,Student
125287081e8619df5adb969927b02af83b6c5f5724b2e92488b5a8935a72311d,22692f94384d940c3c3fafacd00be832ad1b34b6c7557127ba48c0329949dacd,studenti.polito.it,-52.0,43.0,10832070.0,1217551,AP-AULA05-03,Student
2eb426ef1bf091774c37607be45d315cbe6b8dd55e93bed83a3c866e4a81fd54,ad7d3fd22ab0575df59ed240d8cd5dac62278ab0676efe949e15328322b8ff04,studenti.polito.it,-45.0,47.0,223619679.0,8575475,AP-SALASTUDIO4-01,Student
d5c7075804b7004a4aa4e87e11e67905258df2ce859d240f51c0599808164543,0e886c419c7eb9c3df38b39b842625d16530f1e539b131b359a60823496762ae,studenti.polito.it,-65.0,28.0,2193588.0,1883184,AP-LING-AULA212,Student
025e6ac4d26783f7c7771835397068306a0e633fc8023dec28b37dc7b28df9dc,602e44798d74cc4bbac6523a04c02511dc717b280f335048baeea1985f1203d8,studenti.polito.it,-71.0,20.0,332305.0,172164,AP-LING-AULA300-2,Student
4b1cda4c605d224b1ffc2daf273faf0a71a1a935897c26b0cc72df09fb7fdc15,bf28699209580c67df816ca6d6d82d3afdfd1bcedf3328a483d9c55ef438aa00,polito.it,-61.0,33.0,1454032.0,554731,AP-BIBLIOMAT-01,Staff
b38e5e384d8599370f84b2b6d35089e2fc741e806fcebc81b81341efb5d35b36,9264d8aaddcd08f4c31d3d647fb920c3e269f57028676d09385a2a309d3dd082,studenti.polito.it,-57.0,36.0,24967866.0,11720774,AP-AULA5M-02,Student
c10cd885be0aefae26a3cc23cec1b10dbc03b516c9a16bca2a73ddf9424b271b,925037b64c75069c2a46d3463f0181cac45aa285f5ddf47c6dbf8765de3966ba,polito.it,-65.0,28.0,30657721.0,31865490,AP-FRONTE-AULA12,Staff
77a9746413930162202d50c746b4cb37d37eba0e5ccd42dc252a0eab163d9103,8fb6baa991f4a71fd316898344fa83a072fe6bca5fd2a7421e06af8aa2e195e3,polito.it,-52.0,40.0,138625.0,67714,AP-CIT-DET4-03,Staff
5a2aaeadc10009cadbc4097f1306d920bc180edb99088202a1cbbe9d2a0999ba,8c936f23708ff6faae02ab14f89bd36caf93a8c0cbbd59fd38baae705186846a,studenti.polito.it,-56.0,38.0,4394287998.0,870559365,AP-BCI-ST-10,Student
eca41cd3e2ae741f0d855a36a70343c304ed8596ea0032fc867cc2796450698d,00d8924e3feeb060d53618da1a8d996ad2005c1fe41694a27149b4b5505563a1,polito.it,-69.0,27.0,3481513.0,3427309,AP-RETTORATO-05,Staff
09f36122797be4ca6f151ba156b8ae5300118693b388c2faf923136c62212534,a2b1dc1138723f43e8950c8b473af66f2b330f52eeb39d1bc4160eb3f6da60c9,studenti.polito.it,-71.0,20.0,447998.0,305316,AP-AULA25-TM-01,Student
d1ee3ef37984d5edc5790ff836ca4a7e7e2a8d5ec71a664bcefdfefcebfa75aa,d179466517ca98180d5c3c16360fd6271b8a55f8d0a6cadf4270a131bc6b22b0,studenti.polito.it,-48.0,43.0,343375558.0,8696086,AP-BCI-08,Student
5168c959b1682c1695c06ac850d135c7835c6d2a7d23e6f654d9557b2db95342,7ab880897f727092c3e50ef81e0625b008e68a134317a23311af913189f8d802,studenti.polito.it,-48.0,41.0,19178779.0,2091194,AP-AULASTUDIOR1-01,Student
8870aa2cf046052b1b38bbc4d1c955d6811eaf479dda2041902056ef5238bd39,7c4268ba475e95da0a4abc12925d70edb1d21db1da8e64f346ec506e10bcc185,polito.it,-53.0,38.0,115729288.0,12596885,AP-CIT-DAUIN3-07,Staff
24dd1240a792c3b521f7c119f9ea40473c97e11eba494d1c60e3aa580c56e64f,eb8c4995162e0f41a4625a7e6bdd92cd9291bc4e97ed2fa1c6ec8177ade6a005,polito.it,-68.0,27.0,11819856.0,1392795,AP-AULA13S-02,Staff
a24337e2895d84f0d942a35b2929b354b8109a168f8a24cfe6dd996b902f07de,5db0ade40d5095ac2f36213d07ddfd4c7f4d9c0a09795611beeb5499a8dc2a0b,studenti.polito.it,-51.0,40.0,77798925.0,46526170,AP-COV-C3B-XP03-14,Student
78f2c3a61c6c4a0631cab3567b3635c30f08c025488904ea4d7a777920840a1d,45c965c0e7a552d1593cadcfc64e3394bac7ef8656a4109bca301c81272159e8,studenti.polito.it,-49.0,43.0,358752220.0,10687782,AP-INGCINEMA-02,Student
68298250dd91aaf32aea5f7a91472a622999d34ccb3288387e016517df198a75,1bad789e3f835d20e52852d821e90f49b866d8dfb31ec76c2b4cb95a7138645e,studenti.polito.it,-57.0,36.0,2964373.0,233211,AP-SETTE-AULA06AM-01,Student
054d475ada3eb80f78bab729ca8dd46fa290d4f2f3c73f4a63340c323c3fc338,4e768f7668bde81ba0e5b1269a70d90011b1c8a63e1840a4dd22c5948bbd28c5,studenti.polito.it,-50.0,47.0,13111718.0,6838337,AP-AULAR1B-03,Student
1a23e9bdd64dbe119dbaacaa9af05e2937b5934e50a8021c719f14b0868ae586,b48898cc96fe45413ad3455965d10a23b587e9bf9f139f63bdb6969d716be90e,polito.it,-70.0,23.0,7241648.0,1627075,AP-INTE01,Staff
1492f1693e5952f39d1a3fc72e3410db42ee74a5a6ddeff36782e8fa2a5c18b8,8907958676c44e0ecb3eb3e346fe8b1d377e44125fc36a8af28aa05dc7e726aa,studenti.polito.it,-58.0,36.0,61079209.0,8004446,AP-AULA1M-01,Student
6d646e6b8fe40f54d1e9ba3790a1dbf8adaf9d98b88257d77160235a091fa589,beff32d79440bd44008d0bd3cff788bc0897a757e6621b532d4accb5259c26e8,polito.it,-47.0,41.0,362846246.0,32469058,AP-ENERGY-04,Staff
9ceb129f4376b1e87600c6b61265ea74ffd65f3b024226585cf6c376be174990,a0076abb9d5a056af26395c3263c48eb1aa19f7a9ce5fa6de7415eff509d5281,studenti.polito.it,-52.0,40.0,236372263.0,20278750,AP-AULAR3-03,Student
77a6cdaf944f8d83cc3954b817b30613da2fa5a31d18fb6459631ef3668e45fc,1ef4af32bf46eb8ad049d7336b30ad0d9f6767f1778efb727f017efad66bb8d3,studenti.polito.it,-57.0,34.0,10230380.0,3648409,AP-AULA25-TM-01,Student
6093c7d354b16558669d887d570f9e7877b17bf87d0fd21541a38c91cd75d485,9d84657f0f480c35860d116939256550c4e5418cdab3d1971d652e35e6d6be04,polito.it,-56.0,40.0,344496548.0,498707752,AP-DIMEC02,Staff
465cfdec201323fdf3c3d28550e1d6fb6513e727c45c4f03399093ab4afe07c3,a92f4f969a033af555e7aa523188a571013a61667c846f05c6aa873c72ffc327,studenti.polito.it,-49.0,42.0,99473451.0,16202090,AP-AULA1M-02,Student
3fb68b7c08e96cdac5f0092950773397deaa71a71c7faa07e20fb22462f1cea1,cfad03b86378311589b98d1b543c998056f0980ee6aa2967741014b227460f53,tudelft.nl,-56.0,36.0,11883653.0,991475,AP-VALE-AULA9V-01,External
1a8954ca05038e2018e2753147d67e0a533f21480adb0292fd9280de951d2120,c8d485e0d5f0623e165ce8586dfe5bee79148fdb27d816d121095730f6e728de,studenti.polito.it,-58.0,30.0,1355048.0,639643,AP-AULA10,Student
f93a027950fa1a83f73f3fa8e1c4909cc796ab8b3865fe0ec878613d9db00fa4,04794039eeffe7cf74f76b4d852b14a5ffb1816abd43eee8533ad29eb7f559ec,polito.it,-87.0,7.0,451993.0,136820,AP-CIT-EXCELID,Staff
c4830011672e1249e6961e6d5b2bb016533040457ca2207dbecf9b88d5affe6a,1910af21809e590845583e54d701649b72cb024fda2d43bb941bff336f962fda,studenti.polito.it,-66.0,27.0,14805371.0,2042734,AP-CIT-DET2-02,Student
f2c62704a066b8da94998f60861d0ad605755f194296100e5d97745f7080fb8f,1dacad968b5b7230a601aadd30ae5d6eaa35a6b49ccb45d1ef1a81d2e466e57c,studenti.polito.it,-44.0,24.0,2549191.0,2872238,AP-AULA13-03,Student
d15755698ea3897988fd8ae1ffd838c0a568c15ad05ce145dcee863cf1f711e1,7d34478fbd8f770dcfdcb2276c38811961bedc5f2f1866c7ec9fba169aa1c977,studenti.polito.it,-37.0,47.0,47854782.0,1042721,AP-CIT-LABINF-01,Student
548f154ce1ead1be56324ecc29bed24ae82b303a51000bf7084566debd4d4c1a,e9f7d6122fb59c6856f532b23c53c6684e49d72155552122a649e51a6d7aa98d,studenti.polito.it,-60.0,33.0,16096966.0,3281071,AP-AULA10C-01,Student
7a3a1ddb6ce4d832c0bb839633cf745a3577ffd05c277c716bc54b42322523d6,ec8529e9e3b813284c112f467b928bcdaadec40a34cbe8271272e42e9b9ec3fa,studenti.polito.it,-52.0,42.0,626855694.0,14399315,AP-AULA7S-03,Student
4efd940c98682fb7363b0be515d298ff2ed11ec6dbdd35d5005cb60c71d8e5e8,2c637d6e9b46e9bfaba8cb2b317589fd360d601a3bb69f0c6dc1ded5409348ab,polito.it,-58.0,32.0,1787318.0,906758,AP-DELEN04,Staff
bf0bb0f93036229ffa0f876606a2bd8e7d7a3edeecdbef143969a28d8581f752,c287073dbd810ecfdcc14dfe2b15f21efbe62ccc271159f865ca7633c08052cf,studenti.polito.it,-90.0,6.0,0.0,0,AP-DENERCT02,Student
ade5a1887e52f552e00aea25287d9a665a28b5d7d4508958487fbc2f2c9cfc79,f6446a0585287a22fcbf3f1ab294f20b860809eabd444033230d4a644df7d719,studenti.polito.it,-42.0,44.0,0.0,0,AP-EXREALEMUTUA-R2A-P0,Student
912c653cdd2afff98801d5fe24828a6d5f0190605b14954c70b40e84ab8e0915,3d9057f95f8af98aa4b466cab21f598faa26d5c2d703d6f9df5d9990afa31668,polito.it,-42.0,47.0,488735648.0,31906649,AP-AULA7T-01,Staff
4cceddaa5c1b2ef7c489de855203a92c302a31d7a4b86714fc8d5db447b4d9a6,ae26bcc3db45657573044716c3b12eea11504f59c276ed537ab198a5c6e2705f,studenti.polito.it,-81.0,9.0,236954229.0,19829895,AP-RETTORATO-CDA,Student
67aa10546c317cf0a71003d1cc84fb990b5cda54eef36310f55f2b9e80624378,d27b74fdeb46b053351e225f72742c8da59ea88aee42168df3b13decb03168ff,studenti.polito.it,-46.0,50.0,117024391.0,9158725,AP-AULA05-03,Student
d623459d78a7f2bb8a5b6f293e005040ef39a7c17aaea1d63cfe9dfd0410dda3,3a5da51d245387a5db3242bee0ae4205e82828d7d54c308d49d1bcccaaf54147,studenti.polito.it,-58.0,39.0,64435.0,51533,AP-BCI-ST-09,Student
710d35ff8464d40b28ae6fde6e2956d6a705ddc502963c4b811473ef6cd3b0b7,e70272f79d8e5fc27cf1246a1e691edf5851c7ec81e4e6fb21a0ea0f4ad66319,studenti.polito.it,-74.0,15.0,285740995.0,14979746,AP-LING-AULA207,Student
e8565aa65aab44272c35b23d42bce77253f732417f15930fc740a0b3f55850d8,67b4a792202d500a813237001a3f36433f182748b38c2fbbd349b20a9ebd5d43,polito.it,-54.0,30.0,18618850.0,9464911,AP-COV-C3B-XP03-14,Staff
c66d61ab0718865e78fea0dd8d1fb8eabc78d9c41213458ad8c13377903131e6,333f9645414050c8fc2336c460892b574a5ca3092f2f6cf824057ef617fa1ce7,polito.it,-54.0,39.0,22606365.0,34435846,AP-AULA15A-01,Staff
4467f7c63a70736551ff654554963abaee25ff4779adeb08ce42026aa272f009,b971d132e70caa517e85c5198cff2d75305b9cb4eee31e33c21eacdaf6c3f583,studenti.polito.it,-42.0,51.0,8989339.0,2751870,AP-BCI-TZ-01,Student
d0acbcc32e453c713c5940ad49179ad699873d3bbc6b58c35fbd8c97329ebc59,bc963b6f10ad0b9819e89900ca1dfe9e8783ff1a152383e5a0fd4d0bc8ac85d8,studenti.polito.it,-60.0,36.0,93683324.0,8523392,AP-BCI-ST-10,Student
d0cbb5a95cace5e965bf6556606d579c2497e22442f4946b87c8146219f14ba7,81aa369cfeb292b8a60dec5d2eed20a0f4bae8a949a9a92c472f71345069072c,studenti.polito.it,-86.0,5.0,867970729.0,37800908,AP-CORRIDOIOAULER-02,Student
f25a105efd17ad63174e1e81169afa94e406399d5bb1bd8d91cf58e001323071,739f0af419cc8d6616fe937538361c4b4eb0f9918d9a3758b9b12d56f7f2f38b,studenti.polito.it,-57.0,40.0,77250050.0,65125832,AP-BCI-07,Student
c79f3b9795820967295534f3fa655205a07bbe9ba494182fc950e8d8655e5fd6,713ef1d3c260d056d96e33bd6cb75e8a4e116c74df49792c518d89c63f40f7a6,polito.it,-54.0,38.0,2278973.0,252348,AP-AMM-1N-XP01-01,Staff
431002a1a542a2dd319701b12e31057219c9836d14793827c908c4be0b21de94,97f8495d5379a7c1997bf5e944461bb081398f3fa618268adf14b75ff9d6ddec,studenti.polito.it,-75.0,21.0,36771972.0,5352073,AP-DELEN03,Student
6197f9fc7d82134932a24c22615e07f80e0ae9592b0823bcdd1e03ecfba626e1,a5c6bb2841a31867456e3b47449a46c4d0a07c849b1fba733c3700746c3b17de,studenti.polito.it,-35.0,42.0,248324623.0,210135203,AP-CIT-LABINF-01,Student
82a8430307aba79793d1fc051936f80c2074a03733318952f782f755a974beac,25650d1c35d622b376be6df2e7cacf9b4471aa2803c2f88cf3d589486235e78e,studenti.polito.it,-62.0,33.0,45099516.0,23228979,AP-BCI-06,Student
4b7554bfef96d80bcac9953b7794654e06827a9b93af6fce8cd09e328f6f1e25,a39204e665bae6e49d0a4c8ecb75e56b09dd2cf31f3017410e19e07526a8e6dd,polito.it,-55.0,36.0,84769223.0,10335185,AP-LISIN01,Staff
1dbbac47115b67b7d15f6377872460e8ff6a73411e317425a5bac267a8a89d29,5bc48cb588a3942efce483f9ab2220f92ccd0433bf3fb8a00983521463b980a9,studenti.polito.it,-46.0,48.0,5130698.0,498626,AP-AULA2P-04,Student
0e0be4474a87ed063605434032b83911389cfe2aa9164b38fb1706e8a47d694c,3297cb2ad3653a0a667cda32bb4fb7544027a760c4f3a286d3112378a2953333,studenti.polito.it,-58.0,36.0,1050154.0,507424,AP-SETTE-LAIB2S,Student
bac946ad66c298467efe75e39dd3809db08c1799abac198c56888316e1a7aafd,2e75ccdb8027f38bb5071af76d90f1ff9d82d148d68271f4dbc62c1c74cbed72,studenti.polito.it,-63.0,32.0,80679842.0,1525088,AP-LING-AULA304,Student
037993df0df9c01f1c5bacb3bf69236c7a16623f2b85a2fb43fabaf5217d9047,1c09b947fa31d1425d7ff937b5da689e6cfd7c2064b8d911c6110697aa64a79c,studenti.polito.it,-53.0,42.0,194844675.0,11683371,AP-AULA11-01,Student
8b4ef99d0329761a2f3e5747501327a9f173dc537f8b47d0a48a8847f7a5ae73,,,,,0.0,0,AP-LIV-LITA-01,Unknown
b2908297710ce9622eb17d429638c9d52c06d3c16a171d074e32369947a32ca7,76896c1ebafa64fffeb3092e97e619b2a4b6bf2eae8d93297d621749c0acfcfe,studenti.polito.it,-57.0,37.0,16787939.0,8996358,AP-AULA7I-02,Student
2ffcad25a52c79ae7e520f8c46d0c0be3ec2b6d3a1fce3d3348d7dbeb0c9d060,094f35ab89edeffce4093a3c434003507687e42b4ad2ae32fdc9d209220a395a,studenti.polito.it,-53.0,40.0,365266725.0,17990579,AP-AULA4D-02,Student
10b94511e2af0a62b79c37e595b33462238e2e283091881a8ff1fb6a5501d919,fd0945a7080397fc809c8b402f51b1b9015f4d03583ffc52f9a5b821b78fc634,studenti.polito.it,-60.0,35.0,475802750.0,8774653,AP-AULA7N-02,Student
9f3a3fc3ba2aaab0fec1e581ba836bf49818e095dbb408cbca3ffac2b3a20019,8a99310173cad5f195773648b8c61af6ee3319606a7d797883f3e8dc6a8e1db0,studenti.polito.it,-61.0,31.0,1070609.0,452934,AP-DISMIC15,Student
2c09dc18226f8a1e2e4b63191d87740e3c9dff5901e6085ea34c9a71c2f059f3,87cf505de6ccc5a35ee1cf7d108a633eb4eb5d9d16cfa860033ab3b85deac53d,studenti.polito.it,-72.0,21.0,96139574.0,152107132,AP-TRIN-02,Student
d8fd9bb425baeecc4c6d6f1e4a0db977830cb96555408058373fbb7e8a7dbdc5,f6cde6ad3c5b59bf6d664e8720df7f548ebb4cc323c98144003bd391c1121387,studenti.polito.it,-50.0,41.0,19607824.0,5003985,AP-GESD2-05,Student
6812e8a2317f845df4466f867a2185a25ce00ffd79dc9407f5d6d377572cf647,651210c23d9cc44560ab1684ab5ae315d078e6250360c69e3e524640ddeed3af,studenti.polito.it,-57.0,37.0,253528941.0,11616422,AP-SETTE-AULA14AM,Student
eeb28d678801b0497ab141418d15de28b5b53645e0cbd00ffdfbe5728bb323c6,72c1e1539441746d115c298b7693bc0d4366b57e6fd0e36e16b2ee4f2a0aab5d,studenti.polito.it,-78.0,14.0,3023157.0,1339516,AP-RETTORATO-RETTORE,Student
b63191f935ab978af4468e37e07d2eb2d694ea620ddcfeed7e8d813a0a1ae7c5,633617d2772e522130d91ec36f0a5e1686b41aa48d91f54ee2e96609c87416e8,studenti.polito.it,-68.0,32.0,10798985.0,242766,AP-AULA13S-01,Student
5af61ecc8deb2194b107680824f1efdd6931acb0052ea26548c6d70a4672ddc0,5afd3a02b6af65a26529b6a7208efd5c587d893b83ff4a6bbb3939770c4a487f,studenti.polito.it,-62.0,29.0,2403159.0,1167827,AP-AULAR1-03,Student
fa6b69f91ef150aecab533b95cefdfd798221c434d4876d27bf280de4b2353a1,4359f026ce8fbb303f8844233c5850e95740339ffca0ed038922f1c8611b03a0,studenti.polito.it,-84.0,9.0,9588.0,6246,AP-CIT-DET3-02,Student
038bd92c4219f8cc730393797e8fc0bdc5f7c27d672bfcbea5068408b2273a6f,b41a77d42df9cece04452fbcbc506337f7262d654a45edf2af0746571f5809f4,polito.it,-87.0,9.0,23205883.0,4395223,AP-AULA23-TM-01,Staff
81181ada379fad0ad5a3fefefc45c793bb3140952b2d5857716d131d0c1a90f3,9e310b692f6a15b3f2c39b64b8d7be7c4a0afb0add78386f8017221cbf6fe986,studenti.polito.it,-49.0,45.0,86724020.0,3601667,AP-AULA3M-01,Student
f7d89e8ce7652b21d6435b365108f92b20116227d606febed2d840130ccfa6b3,710f8a98d04a72ce97e87811435af7909ca20e5d07238010f34728b51d04c43a,studenti.polito.it,-71.0,17.0,7670.0,1779,AP-ACQUARIO,Student
c01a416232c6d8322ef22963ccbb3bd1e7125d3e9b052c60e55e1aee4db984ff,71826edb9037b4b511500fba7d8d054180ad21d72aef8701c634ffa2a2c350cd,studenti.polito.it,-92.0,5.0,26857124.0,2272528,AP-DELEN02,Student
3ed70d513043f5828893d8f132ff5f75149efef6040407eca37b6d0821f715c4,240e1f6d2c1f5844d79f1b311a3f412aedff081b9231d8b99ddfb3f9eb4126bd,studenti.polito.it,-67.0,28.0,805477.0,287861,AP-DISMIC04,Student
081a0d222899272c77ea5723df14b6b47477837e266482504a8654d16eb4a35c,ff12104f826ca6997109d4e44ebe8ac40f31e44ba26641d36079479ff19a8a8d,polito.it,-70.0,27.0,2465118.0,1464108,AP-DELEN06,Staff
795bceb6bcfca32d01f0649418c1efaddd390c7b8a96d7cb826b30511fbb6406,8626b8fdc7b19db3c34f7d73e51613ce1f25aef3c9cfed10de67bef8701d8948,studenti.polito.it,-76.0,17.0,5799811.0,514649,AP-CIT-EXCELID,Student
d017a301170a95524c3acd66b834fcf50b40190a52f0c0cdb897a75a612a671a,ddcb91240f954603f36263ff16312c98f68e8c635718d6d02a6c8e9ba299e664,polito.it,-62.0,33.0,99272451.0,9290137,AP-DITAG04,Staff
be2666a27342839e5d5d9bbf552bfd42ac808f35959b633ce3097878b8c8f76e,47bb440fe3e763a9f8cc57e3d9fe3b6d87c8674101a9a59062e14079c5368729,studenti.polito.it,-56.0,38.0,153303.0,91424,AP-AULA7S-02,Student
09416c170757ff21ccdd421503e6e6009e225ad87d1b8c3377f6b3b61bfcf006,f6ece3cc5b8aa6b17a0e4385e1f104c35586a22dbd94a8474bc4f506ec9ab635,studenti.polito.it,-53.0,41.0,99645078.0,4201711,AP-VALE-BCA-ST-02,Student
e139b47971151c4d980f9453f0114df672127bd77cd8e06fec34df27efb0f702,4957d62a85696243be191e365765c299edff9add381b4c2226ee72f29ec07d6f,studenti.polito.it,-74.0,21.0,6043557.0,493871936,AP-DIMEC08,Student
4cc9fb00fee0f36df4aec03e8cce5604af2118c2a01bb27ec23fb21f65c035f1,26e47af27eb67c18e83c0407f488195dac53aff601c2d7c9b0a813a5e521cf44,studenti.polito.it,-61.0,31.0,131232.0,179341,AP-SETTE-SALASTUDIOA,Student
56e8de2e7555258c2d04c283f08cadc27543da4baf8ce94e3a865666400964d8,862b05b7cd6b809ade9d0a3fe566fdf50364d9bfb4d0af85f0885b1580803756,studenti.polito.it,-52.0,43.0,85079509.0,6932147,AP-AULA05-04,Student
1d7b28b570bb6512f2f2cf9eabfff5bbdea64203c3f32210c0a6b365997f30fa,f147cc1ab8bf5e443a5f16fabbc3fa6602c9ad48443468574a837a64fd62c098,studenti.polito.it,-51.0,44.0,746100.0,223279,AP-LING-AULA208,Student
ab958d778f4fe73d176680425e73550f898b839ca7423da17e567f13b080f4ff,86e417395cb679fa5285eaa37b01840afbc07d9cff2393539bcb92563ee36d2a,studenti.polito.it,-40.0,55.0,550399.0,321413,AP-BCI-ST-09,Student
21616b9d8550edc2d4bdadfc37168dfdd8196e3debb864175e748fba906b3786,bdcf81e98d50eb872a1e7a8c20227c37c4539d35598a5668073a517b7f13fffd,studenti.polito.it,-45.0,47.0,9821622.0,2673198,AP-AULA08-03,Student
634892cc363d523e7edabad50f8aea46de169bedaeebfc452a6921dee5d247f0,8a9f5336ae189fefc8e0410a3c92188acf48bab3200e740394f2b535efbf6b27,polito.it,-56.0,38.0,32274413.0,1307888,AP-DISMIC29,Staff
49dd4118c035a7b9af8772f33d433d662f4bfc71145aa9a04602b74ca418a7e2,57bd6a10011c0e2313a762016680b90e0a0f1b25fd110ca3693a3868d59d4bee,studenti.polito.it,-54.0,31.0,121470872.0,8869543,AP-AULA7N-01,Student
aea13bb21efc4a665bd48f3784b5e0f9859980fded275a9a665881ce22068305,6fb4ef4296e65594b4e9a442b0e25b2192ed9c6bd521c55758410396f4ef2bbf,studenti.polito.it,-49.0,43.0,57398540.0,9106840,AP-INGCINEMA-02,Student
031c1aea0e48d9c609cc5089bfc95cfe9631aa4a41d5e6c3a5f4a8f5255f2cb2,aeb111157ec74c462ad62a5d894cc33dafc78a7970ced68684ab716718ac54fa,polito.it,-69.0,24.0,2922305.0,1689484,AP-AULA12-02,Staff
32ce11078b1532a71e50b584673f3057ade7444c9a9e2c249cc32e9edb57cca6,8c4fa4c4e11b13c0ff02384678142a92fd615612774f64d2be674a96a19d2248,studenti.polito.it,-52.0,41.0,335991640.0,9933168,AP-AULA4C-01,Student
9f3b069b14916eafb734f443577ea62c527e57795ee3ba531fb8a184e5d25d48,,,,40.0,67109888.0,1322621,AP-AULA5S-03,Unknown
e4c6ad18cd11dbd7f26bdbda33c05bafc6b834fc03b7fd7df5352b4f68f8eff5,c8ae556a687e1c744163e3f61bcb315bb979b7f006d17483777ed7daca770d76,studenti.polito.it,-55.0,35.0,5616767.0,1642371,AP-VALE-BCA-04,Student
db60dbf3136eab535be0c96b993681c1f8d8bd45f0f1aa2d0f9ea47d65dc0fc0,94171789b2e9ff3bf6183bdb554569370a00ea5be47706609ed2fd98c2adf04c,studenti.polito.it,-64.0,28.0,912211.0,1548040,AP-CIT-DET2-02,Student
d4b576b2e65f3b8ee6f93f516c5a6d58657d74c86ecdbf9b0e61ba1f585466b0,83969a091a6bf6e863e6ab3aa8693ade76fd30f25d03f78c9a2463311f06f709,studenti.polito.it,-75.0,14.0,4226777.0,1246021,AP-DITAG01,Student
934cab6b8f5ea1dd1f5c6ea788d0364146750a9ef95a355ffc30d0fff1e38d09,b9765daaab8870ad0ce232ccdcc630d78ebce08917d3b2771e6468c292d60240,studenti.polito.it,-45.0,47.0,198544188.0,16898345,AP-AULA4-03,Student
47c292c2122d8ec9e8955cbf947fbd5766dd1d962415058d644f22f387d57f7c,f9f5ef0f4e10a39161ebca78fb1cfd84883f5bc3d257a7b6d5e5778bcc64c306,studenti.polito.it,-41.0,51.0,173839027.0,3262193,AP-AULASTUDIOR1-01,Student
4b2f82885dce684da1f25052ff174b7d28441835da4e9b496d25beb8f50d0dd9,a4343cd48a218e58b2b12d7f44326401a0014c6f9afd8b8235f364f899166287,studenti.polito.it,-57.0,37.0,70417165.0,37713447,AP-AULAR3-03,Student
df472916156ad5c941521e55b967d5857b2c128076e4730f7757ea6564e130bd,35bbea67d1371ac94489a68659eca2353d1920ac0b3b94b6e3599bca3e9ef63a,polito.it,-52.0,39.0,4300539771.0,686827053,AP-COV-C3A-XP03-09,Staff
6ba97c74d71d996e5420ff476a54f080b3a9f5cd6b6f89dd7f24d52f4dab44c4,0bde9d391f8852032b182aa1609e4a081bbf98d28cd3f489e62997cccea07059,polito.it,-59.0,35.0,235265761.0,68701085,AP-AULA-DENINA,Staff
d3a5256a795bb406c59fc2631abd5c49ba7570123088b359f5a9dd7d600d040f,e45542a512e422d46d664872fbf61ba91628ec06bc4afeec2d0b739a558085e5,studenti.polito.it,-52.0,43.0,52008910.0,7203078,AP-BCI-05,Student
52b363d927cc68eafba2fd7c55f2de09628fcf6cadb32ebfe09c143661922842,197e8ae1570026ec5d25e3e1ae1c10587a7f93171f89003010393ee2700d5230,studenti.polito.it,-51.0,42.0,5734359.0,1910132,AP-SETTE-AULA04AM-2,Student
b5d52f8d4761d65f37996d9a139f53621b02822b415540154082a7938c345e3f,758686c3872dd9f99ccdd7c5823c556a213f9d247fd7c4e59077f4e4a5391edf,studenti.polito.it,-45.0,43.0,11865419.0,2247020,AP-VALE-AULA10V,Student
562f93b6b646b57d152bdaf9c31821ab831a7541ffec92aa7bdca129493ac18a,58cdf44ed82c7b9eabe960716bf21d9e9dff1a370a938d857904c2a17e288f6d,polito.it,-50.0,46.0,55315212.0,3407246,AP-AULA11S-01,Staff
6306f628d92b298cb8da4ca1bc0ec4f5fcd67d1d2bb8e01fb71449c1b60e9789,,,,31.0,6777.0,905,AP-AULA9I-01,Unknown
5eee101edc158a4182c3be8021482ef6bac1065902c525ab8f392c735607fa0f,466fe2919370b558a114c40ade771f4b0cb0a4faaed316d91b44a659def115ef,studenti.polito.it,-61.0,26.0,54563389.0,2948223,AP-OA,Student
6a035f4ce80075a4a82e730ac1d027e10ae5ca30dc5579233e5f674bd49d1dc1,adda75c575126989aed2bd262884be68f73399b80e3a7528c87fdee3d6776601,studenti.polito.it,-45.0,45.0,22243439.0,1472351,AP-BOGGIO-SALASTUDIO-0,Student
2624975412b541e307be8c7c6c246824598ecbdd64ff269e6cc4c46dfc7db821,e4ffb972ad38fa474eecd83430ff050165a76a1b619c7dc04f54b6c642e1f130,studenti.polito.it,-73.0,20.0,247124.0,130638,AP-AULA8N-01,Student
c6f7e10d62ede4c69d92b614ea272ac958af27d326344e9caba80024721ad3aa,9b0bf1b53711db26eb7dbf0393e7db154aa7542ccab73023058f58912af3a105,studenti.polito.it,-46.0,46.0,8959842.0,10823626,AP-AULA08-04,Student
cb29e612812a9e75876f1ccb16ec35d7f596a0391a1899fb39e55d9e3da9f2fb,a8894e997534b49360c50b378d3a62bcf4f61b1bf5d4f6b191bfa0df59b72a8d,studenti.polito.it,-66.0,25.0,277820.0,167218,AP-CIT-DAUIN3-07,Student
be4dfb336a2dd23f4416b364eb094d45efaf18a90534438da6239f6823d22d12,e19558d7f530098d5d487d872e4044f9e94f106d2137256afed375ddcefc310a,studenti.polito.it,-48.0,46.0,66769258.0,2380041,AP-AULAR3-04,Student
35318f90081e58f629022014415854a153ea33093ddc32fbc9fb066fa6384497,7fff5ec4f3f44deb65272f3fc8cfaeae6c478085acde066deb91b65aa71a0e4b,studenti.polito.it,-61.0,33.0,439664874.0,18499846,AP-AULA8C-03,Student
56c2d8a2bf16be05e779d377730c6c246244b589ccef69bcea48b07ba49cb5d6,ca02e815a9ee605e9664f54f5d36a55fbfb577101ef2bcda276f986333574475,studenti.polito.it,-70.0,25.0,12310748.0,4843808,AP-DIMAT01,Student
bc90758ea43690a8f746b5361ee7647a80cd972ac9b6541058e5249184bc1841,0619434865470108bed9a950229f7e576a022ebd17efffb18d7f28fde2d298c0,studenti.polito.it,-66.0,23.0,14306198.0,2020217,AP-INGCINEMA-03,Student
18fdfd03116e0bdcceebad096140e8d2966c2a400ef50479e302a173b95d2576,7072be0a34ba818547e01dcd76ae58d4f1dd416ed6f7c47a9684bdd357894d07,studenti.polito.it,-76.0,17.0,17450680.0,1986254,AP-AULA08-02,Student
965b167015b43c6658872bda5f56903beeab3d99e9bbd9660985bd9f31798651,16b3008b20f018e9351e505616098d92baa26d3d7cef1dcd234d9401904280f0,studenti.polito.it,-56.0,37.0,331808615.0,7647374,AP-BCI-ST-09,Student
9145dd6cd6782444b1cce2229712a3c60d882f6c041ef8cbd99dbccf5ed85bba,c8f44e8f1893c8ed7fbbb795e93a4c24c9a65389ff0170b23897d2d021d7cedd,studenti.polito.it,-48.0,39.0,484143905.0,41885580,AP-AULA1VM-01,Student
99ce980fce0c9b62e057fd79e4e2a2cce8106b0c807af12c49ae894894f9de7d,61731690ca09904da36a380c582db784b46f8c3f253c9edce199f4c35ea29d8a,polito.it,-72.0,22.0,2496082596.0,2537319842,AP-CIT-DET3-02,Staff
5e3b518866acd4df38e130a711a3a701847f22f4a7a4956de18dc8aecc1172a8,f1ac90021f655a8bf88651e48a15e995e5eea790402ffaa4f7008e8972c65e89,studenti.polito.it,-71.0,23.0,457166444.0,11048608,AP-AULA13-01,Student
dc07b69fbf2b8061765e1aba340974570b1420c516ba36913013ca5649c93366,1576c8cd5545b2944f6fe42b60295c86c3c3c9989a9cfaa0a2be235f62af95d2,studenti.polito.it,-58.0,35.0,172578888.0,5643327,AP-AULA4C-01,Student
20b8b09d765a27b774ee7e5be240bd4cbced7343c3dbf43854c61ce92e1dbfcc,0474c04dbbe25ba60893db128d673f0ea2cb47fa00616f79b26cd8a0e3cb846d,studenti.polito.it,-45.0,48.0,110352516.0,5373739,AP-AULA4C-01,Student
d4ba118999b8aa7745d801b378f8552aa8c216c7a4408a9574fe704850a4364f,a658e92936fe2fd00f1305847956a4eab7c00ceac3fe8353b86c6503db0627ef,polito.it,-65.0,25.0,2405774.0,471749,AP-VALE-MN1-01,Staff
8f69b78b1a17f8c37e07b1b324e98db5bf44f9d69c8d282ee586b6bec51ed2b5,a0bd8768d6d9cad2b3720fe9b2c823a072c276b6b104931229e3afc72e71fcfe,polito.it,-44.0,45.0,105269389.0,261307150,AP-AULA7N-02,Staff
d01c19adb67ba0dd940356c1e0540d68b78db3fcc3fc2f164da509de8e1a2696,13cc4bc9659f762d41899f769730f94ec5be02d041e8216c1c5e2d8dba5fb8d2,studenti.polito.it,-48.0,44.0,241213127.0,12879056,AP-AULA8I-02,Student
deeb03a8c7a7230ba0254df40ee44839098a4ed5786376d17abad13518aab561,386abfff0f39afd51cbcf76c0afb2c6949e0c8936bc234fdaa2595c4eee828cb,studenti.polito.it,-47.0,32.0,76520472.0,8048035,AP-AULA05-01,Student
8783c804f23656e1b254b494c71bcaa1d209e10e3951da8b22204c26871e4f2d,47bb440fe3e763a9f8cc57e3d9fe3b6d87c8674101a9a59062e14079c5368729,studenti.polito.it,-37.0,54.0,8479109.0,2033809,AP-AULA7S-02,Student
a95626a0e532fffdfd53d49e205eedd9e7156f5c0b6e967165e7a8a99d307022,b330a2904a27fd7dd233e02744aae5a2ed90469bbd61e6c0d20b5f7ffc897786,studenti.polito.it,-46.0,48.0,487215714.0,38132470,AP-LING-AULA301-2,Student
71169211abe075be5184ff28e9e0705f9a8901759a506ba9781ac310c47dd7c5,aa607bdf88ca2aac3cb7ce063c9bb6274fa98916d47f09350bf9d024f7801fde,studenti.polito.it,-67.0,27.0,37359163.0,5686846,AP-AULA11I-01,Student
6beaea753257fc1bc50986d199dd71ce625f068da7e2781db04e4a9691692b37,1339c1537baa177ed0a87055b32c907a02c911ba3cfc3bfe0d96f6d4731865d3,polito.it,-61.0,35.0,390076855.0,105979618,AP-DISTR02,Staff
74828dc60a0c7d6a4309b46df09023c81682d9421bb15299fcf730c47f8633a4,,,,29.0,34905.0,18606,AP-DISMIC21,Unknown
22f749f864d12bb424a7ff3e04f715a87e47a6484f4c92927cc9ef16ecec41b3,71fac6a8d3f7fcf49f62290efda1453c00700f7c6151f45269c8ce6ae7bf7576,studenti.polito.it,-43.0,38.0,37778441.0,12652263,AP-AULAR2-02,Student
66177c9e48b6b5804fd2ba0e3b11d4c716eea2a611c956dceb1f5d322a1607b9,09163b9f0cc1636e075d7b67a577b46f35bf19a0864b76e7864d8d58088c6c9b,studenti.polito.it,-45.0,48.0,161680946.0,80271827,AP-LING-AULA302-2,Student
02a4f566f200cfbcf9d5876927f82175f7678b702776111e8ae577e551aaccb8,448cd9524842b1c084b6d5e8d7664fecccd30dc773536db68df368ccd76c3951,studenti.polito.it,-63.0,26.0,28813330.0,7660801,AP-SETTE-AULA03AM,Student
e475d9c6cd90090ac101925105207c5a6e261004c92beb6990f5dcc37e7c1099,fb76a9560f52a6c901bac3f24d922b3007fadbcd659a9c8583d2bc87b9251dbe,studenti.polito.it,-74.0,19.0,39662145.0,2866710,AP-DIMEC15,Student
4274bd2f26b89747bc32d5b30dbe120d02010a8e495586e160fe24a325511079,c5a093db9c655c0433824266820f7c59391782cfe8ea92629f0ab3d35d3b16f8,studenti.polito.it,-53.0,40.0,60937423.0,6976282,AP-AULAR3-02,Student
74eec6dec4434a61cce5ab185ca3638d4700f5f0801b28a89f3f2917692c0186,1b857a2756179a320a6cabcac4fd2eb8416f9ce94b5de622becf30ed32686c00,studenti.polito.it,-72.0,23.0,182710534.0,1591239,AP-LING-RECEPTION,Student
5682def34f7f9cb50c255fee671d8de800f6a300dc786497553ba55d5451b729,40590a1e5d58ad86485409f4fe813af238b6969bd52196d330bc7522ccacbf68,studenti.polito.it,-73.0,23.0,9395324269.0,334898372,AP-LING-AULA201,Student
696d81c0c2e13d83d296fd180e7f8e1c68df6cc72f5abbd2eeaec49f21514925,27fa0931658958307b6fff6f3d91889d7fa21b79987cf5c274c41355917f5ff3,studenti.polito.it,-55.0,38.0,304225669.0,10004523,AP-AULA1S-03,Student
053022255e9347401b0f8a18aef3d8df0081456b81437be6504d33915e12c8b9,961a257e456951fb4c57c64b8db66f034e36c292805c62777cb8d7db48b37cb3,polito.it,-58.0,36.0,42441.0,29396,AP-AULA2-04,Staff
52ed28ee0df35b14145c662bbe707320f20ca30c2e29fae40f6e06a123ccd4ae,3c9c06c4f2df7f762cb3c50cd278e049cc5415cf592e8b0aecc2499c23bf5fda,polito.it,-53.0,40.0,43415543.0,4509808,AP-LING-AULA308,Staff
070c269305eee48ee58194b330c172bf0dedbd1d593b8ee716ed86408c6504b8,4b7d7da52af12ff47801689c2d847f1a30515fdd80cfe5dc597b6b9fa6edd63d,polito.it,-54.0,39.0,539953254.0,93121286,AP-DISMIC21,Staff
5ab4949d522cd9796774fae571101f4eeba1b6dad5122b3c87e76953760db031,c77622c2324896a7d685233f74c1c7c3795b37a095a1889be5d2625b105b9b72,studenti.polito.it,-61.0,33.0,16577750.0,11939612,AP-AULA3I-02,Student
75d2ceef4ce1bd35cdde1d5f5a8a4f40d74338791e703ba3ac523d1d0436551d,627fa7693095d1ff4e0d586b2fe6438bbf739610481ea95327d1060c34d70c4d,studenti.polito.it,-54.0,38.0,590124669.0,10640476,AP-AULA7N-02,Student
83392718f4fbcc31d7201838c9e4e7fda99b0787cd493c081552b40136f71e26,2a83067275ad812f1bd907c64eb418fe106eecb07266ad2e7889e34d9622a506,polito.it,-67.0,25.0,135379380.0,9201219,AP-TRENTO-TR1A-01,Staff
abbe17893319521d12315401655a74f1f255e250050371236850fcba89b63e45,c3d3733569494ac0f33da91ad5313a9d176f812d38a20b9037a654a5ecf3d7b0,studenti.polito.it,-57.0,32.0,1028729534.0,32404190,AP-VALE-BCA-04,Student
02e392fb9237961834a946fc47e9749a9f11c0aa98293692ac396ffcbdf491c6,2d1d128c5f4ddffd3da021da0bc3b72ffbce42aae256d751229a2dea0e456922,studenti.polito.it,-37.0,45.0,12372102.0,1818633,AP-SETTE-SALASTUDIOE,Student
5e000433338fc25b38f6abf44142207575a5fc9e3e09885870946c891d8825d6,0fbaee932e26d9f93103aae01e5d551e25bbcbc36ac65f04338ab885fa895718,studenti.polito.it,-62.0,28.0,8629.0,4444,AP-ENERGY-AU01,Student
63c0013c6eeaa7ffa89358e0bfc64dd74f75f28024aeb125d288f48d9d098241,6cd7e14e8e2f77c9c1253432cd89a81e7de99afdabb7aeac26740c5b4b17f75a,studenti.polito.it,-52.0,44.0,4632543.0,1419391,AP-BCI-ST-09,Student
a28900eea0bd9ede8d141e93f9da65f19dbb699747f3b43cb2410f5500e2d248,16fe7b75f7425f03d6c84674f15a68ad4290d5e2f4337f51e8a038e8ec5bf785,studenti.polito.it,-78.0,15.0,60840315.0,6205793,AP-DIMEC07,Student
4f32cd1bb633b4d1f1c5d28698becd85cbd051db8f10ef2f23c55f482c0a28a1,eb402610a4c045a5543db0fb7609b613c6f05036286a726620c64bcc13d13c3a,studenti.polito.it,-59.0,32.0,40073113.0,6547671,AP-VALE-BCA-04,Student
e70ebe670c7cb2ac43c7c251d40de6931bf6e7da6e5fafd3abfa18478faafdaa,0b265180b08579499298da4a244b7bf9afa9ebdf6a9b19f9f44e4a221dd5a897,studenti.polito.it,-61.0,29.0,61839794.0,8773265,AP-AULA05-01,Student
bd2b1dfca4cd3edc84d379f32d6e743f59e467a9315ec4c33e3be48c422e62cc,242f63a6bca46a4150e4513a5b85d7e5d884dd9e000afd69e661e1b29271bf31,studenti.polito.it,-52.0,41.0,568767376.0,262565797,AP-CIT-DET3-02,Student
24223f2168c987ec6bcbeaa9ee26cc50bc017000ae2b47f835fe1ff46e69951d,0f579a6523261bacb3e9a00685d39cedd25b3861a18d9a42e8eb4d2969bb6e73,studenti.polito.it,-58.0,33.0,262662550.0,228232250,AP-CIT-DET3-03,Student
c04ddc5e4093d4a40f8748974a0694f367bb28852a8a1fed6f02962488f0a57f,bb4e6a1ebc0b212ba2508671b8cbd4b82709ac8b525df7aac0c83e89dd27a352,studenti.polito.it,-44.0,47.0,41129806.0,2809436,AP-BCI-08,Student
7bc813475a3f099780ab170db4fd6f3e2668f934d092e8e8f084eff89fdf778b,7acd63147b9d4baf9f551506248cc4c7169f2e8e04d694a30034c8d84a832927,studenti.polito.it,-60.0,34.0,32855625.0,4793592,AP-AULA12A-03,Student
a4e9a5908a2a6fda1d11297001a889a5442b9481efe713d6827a63917ec47c4a,7df180181ac3f22e1c98f6a1d3d15096d7f064f0dbb281de0edc8a97d92dd50c,studenti.polito.it,-44.0,49.0,2246235858.0,44379136,AP-BOGGIO-SALASTUDIO-0,Student
98599101735ed6a9d12314755680eedb8dc99c98b1eb0a818439b2d93d80bdc3,c8e77ad80fb9f30614f3fd67fe9d0edc7d13290f15090571ce6fce6042a6e52b,polito.guest,-52.0,40.0,269032984.0,12393573,AP-VALE-BCA-ST-02,Guest
defad7184276ce53b87022edbc68374f1ac89791556a40640d2152f632dcbeee,fb5873a57a51f214201e84bc87a055958b3248e0b41b92e621b054f58d6fdeb9,studenti.polito.it,-62.0,33.0,6227712.0,2287434,AP-AULAR2-04,Student
cddbeda7dcc0abfacca33b7807531e9d780a6c270be3f53f5feee93742da9c9c,6124043927d0ed87dbfbd4d1fc194757c47c1ddcba3a06c88a02a4a75d36f7d5,studenti.polito.it,-49.0,44.0,1739519588.0,122367118,AP-SETTE-AULA13AM,Student
cdb5f9cdc8cf0a8f635b1bdfb03faeca4fb40b08be49f83a7819aaab96b0c76c,2725be0f825799b90502a53467f5888acf5164d9c8518aaeb19cafb8592774ff,studenti.polito.it,-57.0,30.0,123658348.0,4827924,AP-LAIB1B,Student
d2ebe685c560566601bbe35d7b12c01137ecb52fab925219b833e3b96ff15223,ff500ef313c68e147e7707361d0e835373a2b4634192005acb1a7574f0ae20c6,studenti.polito.it,-55.0,41.0,520039243.0,19961315,AP-AULAR4-04,Student
5c2de7ee57b6c50f72f68c1c5ff402c02ba82d143b14b5ed3d2c47e88e20688d,97da2c2b7a2745f8397f0358fc84aa29fa9ab64260bdb04352c2bd36d7a0ec90,studenti.polito.it,-49.0,45.0,334882971.0,11465167,AP-SETTE-SALASTUDIOA,Student
d417b567d215a421d0dd51734b37489f3ef1b3140df815c22f7bfc11b029a019,9422ec8c616799d75d0b05f5ffc1168b39d890271c239d43c11fc9d5b88eb7f5,studenti.polito.it,-75.0,20.0,41337.0,60969,AP-AULA11-13,Student
140d7246116c2943a5d4406f9370c3926ad086bdfccc4206a4443b1221f8b75f,6240c92a8aad8adbd4e0ae58486796c9c73c21a40e3dade3ffd5a79ef12042c1,studenti.polito.it,-59.0,36.0,137753112.0,5264308,AP-AULA05-02,Student
24ad9d92772ba47b638df7c79ef83bbf0fe4f0add279ba4b26e41b013d74df24,760d343d2981ca64da1d725136caaa52d772ef1cf2ebd279e8ce6a6197389f6d,studenti.polito.it,-54.0,41.0,12514769.0,6280794,AP-AULAR3B-02,Student
647a97ce10c87200003424595ba8610283670dce9cdb33e69301d507a0b68786,a1df747d7d489045e96e50483094beaa3cfc743095e3ef6df4199057e8824d99,polito.it,-67.0,28.0,347204.0,2037778,AP-DIFIS07,Staff
eecde153b86a5d59f5ec92002b21d5505ba07443461ff80da9601d86b3d647e9,602bb7ea803e894d58b1cf440e3ca397a5d2469f29b7b86dc22c73b0111af73b,studenti.polito.it,-61.0,36.0,135363228.0,7210488,AP-LAIB-CODEGONE-01,Student
487b3b6cf0f5cd116c329bd5a8f00499521b6d3087703bfb99ae219264494adc,c87d26a83375a5783394f8cdd73d608fa882b11383eba0a83884be5b6c7e7262,polito.it,-75.0,15.0,748200077.0,510551241,AP-AMM-1N-XP01-03,Staff
fce72b05117e6b2228fc84ec05dbc75eddea3ee7ccd75c957bbf801515f65744,224dd7081794832af4688b888f4fa747253eb37f44083cad878c9a39fa4da2a9,studenti.polito.it,-53.0,42.0,83398295.0,8232101,AP-AULA3P-04,Student
dd873689ce968389f29906300cf593b45595aa0680b4d64180913a7c4d7bf245,981e3f11e6a3c617046c6be7340ac8d5b475e2103b0a59c3dcecb6b927700898,studenti.polito.it,-35.0,61.0,1759060.0,1274814,AP-BCI-ST-09,Student
11016164faa6bc37ad5c7fdd3b33749986c8ce5e2c5fa67e825da0c8aec4f90b,5533428cf9c4e2e50c7992878c26d3a92b60738382efb7d171d247a541fc963e,studenti.polito.it,-65.0,28.0,7322.0,2515,AP-AULA8C-01,Student
d83f7dff32156449971f242823606f70cbf137e5815a8c6b87daba6383abcf9b,3817e9c3533edad0c7df9aad401832fa025b54e9605fd90a233e897d7070e6f5,studenti.polito.it,-47.0,43.0,948550322.0,15689109,AP-AULASTUDIO3-3,Student
46dbdba651118836b0d7efeaa98e87b1005bbda129947393cc0a3fea62e7be79,345d56b596aece7b6b6c396cbd3a3359a7f3f8e087f7c36aeb51eff0e5fe725f,studenti.polito.it,-66.0,28.0,714738.0,275852,AP-AULA13A-01,Student
69d03b9ac3c7d461681047f59a6b2ae6b04789ccc0076cb6149fd09f697c9b10,824ba551efa06afabc47b17662f60476cacebf87f6e393ad321734e662f6a73c,studenti.polito.it,-45.0,48.0,1610186.0,591113,AP-AULAR4-03,Student
ccb93a66d8083b6003b19477923145c44588d1f82334e0a08de1131aedaa222e,1f73423d3844d427fb3b2381f9950e0dc37e47a053b59f9ac93615b515a488dc,studenti.polito.it,-54.0,40.0,260623553.0,10794123,AP-AULA4C-01,Student
2e7ec8c9725eda9f26b24ba34c7f96e7c681bf8333834a0cdd8ac234db64063e,ec88d252cf84100943710e8364179beae4b27383df0767c00826ed7830f0089d,polito.it,-46.0,43.0,74721292.0,105953642,AP-CIT-DAUIN2-02,Staff
434347fba968213a12261af76fd23a564237606b2ddbbd83d7899bd077e061df,0c25a6efead76681336a4891747ce7c10b4a1008d2502df47f74c592e150750c,studenti.polito.it,-44.0,49.0,25794551.0,11639862,AP-LAIB3D-02,Student
a22f3a4000f87b8016e25a437ceef78ac3322a727be166d1a2e55972ae78e1e6,c8684f8a2e1cdcf7be0962bd426a0c02dff68bfcaf7f8a70cbe931b8a523aa51,studenti.polito.it,-46.0,47.0,54071659.0,78294506,AP-GESD2-05,Student
82e60c2e82fd330d94af634528ef32315e508a5675059e56f2225b4035753612,5cf9eb0d7e44f928c185a0738dc113dcf0341a7eeb737b10abc86a44f5d7ee10,studenti.polito.it,-66.0,12.0,23029.0,13251,AP-AULA12I-01,Student
e15af25583bbe4d9795d27ab340678b1cc252891e8472c1b7b425c02c3694ccc,d8070265eb5af38e58d101b98ba4ded1b903a4731f9963b712f41b9dbe8d9eb5,studenti.polito.it,-53.0,43.0,74522319.0,2959920,AP-AULA2C-01,Student
104e22fa046cb2cc1350466c951636b4e3ed1bb02d8d9536d44e28f61a5fe5e8,5b232aeee02654040667e888a4dcfc1344363166474d0d9db59c9703b6066573,studenti.polito.it,-79.0,7.0,109341415.0,21151980,AP-LAIB2B-02,Student
5e5071ea7d40a9a4a1b0ed94bde1645fe54b58629f7c3ec710d9e34e49735448,1474ef85249dc6e68b425ff7d53786157eda3b08355e9e0b12270eb9c33c476a,studenti.polito.it,-83.0,6.0,527492039.0,222648615,AP-SETTE-AULA14AM,Student
63a74e20f5a7534e50a857e2d91773a61377d72fd3ecc9cde6e4f8c70814e21a,0b2102073a39673bc65321c0f4c7fd71267abc4a7a1c5ec2980dc17e34f53434,polito.it,-46.0,50.0,1701590.0,18559769,AP-AULA4-03,Staff
5036ea847ce8fba6bd6fc02b1f39475a221e20ea8cb9f0f558ad38cc55f9fae1,37001fd30298301cc3a360b2ac411a586c3c8b8858188147d03cec89cc4fbc85,studenti.polito.it,-56.0,36.0,503014895.0,29142721,AP-AULA3I-02,Student
1da3ca8d847d518f754ef23b2946e9fbbf27bec79b550d738370c95cc5e41dfd,40e944e05c083d36bec5744d50dc26599ed88bb155c44d066c92028fe9824476,studenti.polito.it,-44.0,43.0,1031215.0,504217,AP-AULASTUDIO3-3,Student
37ffc1c43a7d08437d34f7380c5af3adef57fa09415e36a2c8d0b8063e8a9441,2110b90379e73e508e8024cf0aa4f9edba974247b68966cf4e6fcc0915ddc25b,studenti.polito.it,-65.0,30.0,2021064.0,1395161,AP-AULA6I-01,Student
0da9694a439347d6f026262d43d73bff2ac88454d21f964bcde75e3d909ca60e,c27077dcc1bbf3919fe6218a8562d8642a97bdedcb8889c30bc14b31c7c24f4a,studenti.polito.it,-46.0,40.0,311456741.0,95846162,AP-VALE-BCA-01,Student
62ec42c93365dcef0425d6a5ab80eb56a357e98d7aec2b3a32e5e6e233ec98d7,2d9d086c9c49c26aeefeb3f5390399f6ffd844fc3ee087a4543ba0f4bff351a2,studenti.polito.it,-68.0,24.0,428814.0,204192,AP-AULA11I-02,Student
e59814d09cd48cfb9b1f876acc031184b9462823a3ab366bfb19357d5987bf81,2c57db7fe955a1cfb6bbae26b2c47aac3ff1e807a99ddda318e9b8c3f8be0122,studenti.polito.it,-50.0,43.0,725881.0,448193,AP-AULA13S-01,Student
c4acd41d8ca67bd6782f0e0f2c99dde4111fd28d5ac06424d39d07ba8cef5f63,8d895aec5c2164da70e7e167fd38832a576e5cef03a43736cf9e6bdf55e3ae17,studenti.polito.it,-69.0,24.0,24664.0,9900,AP-AULA2-04,Student
6f204c0ae2fd4d929d13c06193784dd31c106f34d7633e909b33da8dff4a3c40,fa2d61970efced4ee2419d92df0c6110dfa835baef1ff8e2779e33c17b4c245b,studenti.polito.it,-52.0,43.0,345385.0,98830,AP-AULA2M-01,Student
71feb8dc77249fa501560bd3d896ffa41e83b0c24fb3842090174515c2f101ae,5016d7816ec7eead59fa0df99f5b03bcfd83734723a7847c04f9ccd09b0dca23,studenti.polito.it,-65.0,27.0,459753562.0,29267306,AP-LAB-ANGLESIO-04,Student
489fb7482a2dde9fa94b4ca26645332b2558937bdf16f37bf9918951d0902b0a,7b2f8e5868e6e1ee4250b298efb370e1c8760d3216f24b7bc2ec5e393f6eea92,polito.it,-66.0,27.0,26191469.0,25672573,AP-CIT-DET3-02,Staff
45e33e6cd9a68d2e17b2743e5dc0c46369800e910cc433c5802713c9f7afe123,d5bdfad95f10bcccf90a7bda2db5d5734125cbf49b8c8de9ef259dfbaf6d4d57,studenti.polito.it,-47.0,44.0,92688419.0,12559310,AP-AULAR1-02,Student
72dcfc9d682bc9bd4de37f45ddc69951d05eece1a44e9fc2a18f60cf8e2ad62f,f6b055a8d7c6552b57b9a5dbcb10f8eb40a6adc154f4bc64444372de2edab15c,studenti.polito.it,-55.0,35.0,613767867.0,7055487,AP-AULA13-02,Student
6790a1d77a8802f954d95b933075d9b5c058a9cdf7f0f3601492bcb3d6876ac3,98638ff5c51e63cefce2e046e60a279933fdb6cb8ce7fbf92396e865c5754b9e,studenti.polito.it,-56.0,31.0,0.0,0,AP-AULA3P-03,Student
51b5a61682a4c00a69a7427a59214e2140ecf35521c4db67f4ccf7c92607c0b1,741e4f2bd73081ffdaa6076669a964fef05db05922d8b09a94db31abaab6ece7,studenti.polito.it,-48.0,52.0,302827158.0,12197303,AP-BCI-ST-10,Student
74d2bdd32e26aacf6f4080cf89a5172d99e585845d8b4a105e938ec3913b7f5b,1389c4853f6c7b69e7d62f1340bd5a7469786d0f1a41c72f56111c81f19eb14f,studenti.polito.it,-71.0,23.0,21898716.0,4872072,AP-AULA11I-02,Student
f4a72a742aecfde1c38f52aa2579f275be5aec33824542fd470ac59f7001f513,48389248a3a2140e2d8551277b37fa6d1a7873b736b6a5fa747cef0faf7229bf,studenti.polito.it,-56.0,36.0,87609.0,57640,AP-CIT-DET2-03,Student
53879f7796ba1dd3477321e118ae2a93645508043a2d78a9562cc6ce945252c8,a7c883a8cbad05dab27d05d9359be7d804d4ec45e482949802c719cb52ca899f,polito.it,-70.0,26.0,177569284.0,5839993,AP-AULA2-04,Staff
83927574e4b01e871c2aa757e849f8511164602c5260f8a18ae726bf17e4837b,dcbde18c2c8457cdd3f65b87d79071c0ae908f3043a5ee094ee169321e048ce7,studenti.polito.it,-81.0,10.0,40934650.0,5915121,AP-ATRIOSCF-02,Student
c54d461b2a0fb34749934ba6b2da3b333148e108607625b32b15decc0ce7470a,f17213f0d72f6ebcac7857cb764cffa0f1ce10488a640b8d30f6c23b6b28e778,studenti.polito.it,-56.0,35.0,162342072.0,20982658,AP-MIXTO-04,Student
b97a5266d59914cd47fc30b64d59c01d44c3681bec991e713f5fdf25feb8278f,4537cbff178ce3e6f4870296d7ba16fde8701ac4ab4b9aa6c52510a76ba15b3b,studenti.polito.it,-66.0,27.0,533299.0,202263,AP-LING-AULA207,Student
e673d026f2bf181c1d8d2a530b792a79ad263a876e60e1389322e441dab97e11,0ed81da7944f4914bdc6a65b80425de420e314326ef1bc98d76cdac36b2010de,studenti.polito.it,-52.0,41.0,163982732.0,1862053,AP-AULA3S-01,Student
3df1066a336d4bf7bfecb3a268ad090ceb523fa5e50736b225c0b0108f985664,c0507111d5d5595da6f05778a498f076e325ce67ca6aaedb4eba1fc7286c75c9,etu.univ-lorraine.fr,-51.0,45.0,53090657.0,7898805,AP-AULA29-03,External
48d7a668e2ab0ad58332eec703f8f15368b8b669ce2712e06cc0930be2811c32,ab8045971118a2f9cd403db921d7d791265f0bd0cdab5a739869ca2d11f8fa2d,studenti.polito.it,-53.0,41.0,1375502.0,473964,AP-AULA4N-03,Student
1f487b4bb4e54318de263c7ab186db6448f2684a6c25ff990924be2f62544d23,532f4509b0ac6cc1ca574b15db813b9bac34cd8bde87ae03f919e039f34f579c,studenti.polito.it,-45.0,48.0,70311646.0,2757723,AP-AULA12A-02,Student
bed8c24504df201fbe404f2fd94474fb150f6e625b363aa7e50413d1654e9642,cb20704f27f7570f52558f4a3f9496cf278ea495d7a11b3e81980dbdf97b9213,studenti.polito.it,-57.0,37.0,25896211.0,1225468,AP-AULA2-04,Student
0f0310afd9ebe42218d6d3e6976b11a6494a0f4fe07085f202b7451939a38e44,8a41a36e87fecc62fa6480a6f6f495276c96d7b92557ac30d4e0f072c2b04711,studenti.polito.it,-59.0,37.0,16232276.0,698300,AP-LING-AULA202,Student
54c932415eac8abb18c7818210870c36604d86eaf981b8857909954c968e5d45,62dacf5495caae35ee0801a945dee158e74c945b83cdf2499d2b214ff0ca49e7,studenti.polito.it,-50.0,41.0,98227979.0,5233487,AP-AULA03-03,Student
59abb6e6f1192988da5e7dd2a323f6dd6b84c16c7fee57e79957feceea2eed26,352067430faedc9282a0cc16ef9d175ddbc16cfaab2cdc1dd1795c6672ea3a8c,studenti.polito.it,-59.0,33.0,49804901.0,723254,AP-AULA12-02,Student
5e4fa2d75b07e5fd4751fab104b8919f08377c6e746dfb74e8d3f14ea6a464ec,6b717051c2eeb96e4b1dfcb38ba968fc1d9f806ce2b8ac64c000904538cee7fb,studenti.polito.it,-59.0,31.0,1062060421.0,27740415,AP-VALE-BCA-04,Student
a28a7e92d2fae25d8ce09e997c4f868e24cee3464e25eca196956bf22fb0d467,c31d004efca0df29c0d25a1fa1b143063f48e650fec71fff5e687c6303ee219b,studenti.polito.it,-51.0,42.0,189088.0,115617,AP-AULA19A-01,Student
f0fc4673a35fb5a0b2d80ed418e9638e4b345ab874968ad49776ed041f106596,080a8863c2c4068bf51e91483b707a0327b78113753b73d87f74020060c23fa3,polito.it,-86.0,7.0,359842255.0,14618630,AP-INTE03,Staff
537c4af3157d5d637929c2778cf7092d28023f5784fc15e72128e568c592c6c3,92f18780c83ee8a4bff0ea7931a23053c430541f56c9849ab9b16d135e987567,studenti.polito.it,-56.0,39.0,32560.0,33511,AP-AULA6-02,Student
1df0ba5ce393103d1c0d4a6954de1ce3ae818e5049ae7f036cef124a4885c590,c60c11b45089d3125b4017f856561db2b7bb369b8aa203e4c3b14bbffa1ec72f,studenti.polito.it,-59.0,34.0,66941.0,36339,AP-VALE-BCA-03,Student
5624d1353dae73101dac48aab97c944a0a49d59da8ab441242a914509e19b4dc,9d71da4fb244e80b73bd050cfc516383f0526d9dd853d8e059163fa9e56ee3ca,studenti.polito.it,-64.0,30.0,8477119.0,355320,AP-AULA2P-03,Student
043ac958fae37d49bd2550686a2e9de810b56d00d708d2bf5998f17d43b3c6c1,57fc5584c948c1db28ee872c3569f0265652d09312a31d3e8793bea42393169f,studenti.polito.it,-45.0,45.0,1782016.0,199442,AP-AULA11B-02,Student
e8bfe4fbe01fbf918bd42f04f495dcf69df4d082d7da274db5e2c80bf791620d,a09e63144c899cae94eb20603674ee274deec3f5ba0218b9d1227f37e5ece677,polito.it,-86.0,5.0,4575860.0,1501431,AP-RETTORATO-CDA,Staff
d9f8a7192819391a6fb5428f5f115744d276807f13b48f37668391cc92c7cbe3,d6de8c4d6d8f4c7b36163329397b55a62bea5e6547bdf686061d4df5278cb40f,studenti.polito.it,-54.0,40.0,86563242.0,4346221,AP-BCI-ST-08,Student
93d0a0438ffd9f6ff78cd7258d3c1aa2a0c91bc17ceef265436195b2c4631f1b,451d12c8b4ccce96183db0dcc60301e69c4ae81bcde70266eb59cdb3b9f9b37b,studenti.polito.it,-83.0,13.0,164497.0,137103,AP-LING-RECEPTION,Student
7cf0b1f2a51d0abcd541c562451e07557526d05376909c5893ad7d744bdd6e1e,98ebfe0300e632654d2827835db36e0e0748d7a08e9b463e2350f95aca49ba9e,studenti.polito.it,-61.0,34.0,26776966.0,3983512,AP-AULA01-03,Student
cac0f120853c4eb231745d18a881e4e7a65ccdfc30d6597829be9aa383e0e5e3,f3df0f2736853b6ffb8254b1177d2a90139621208051cb22a0747ccef74a9d76,studenti.polito.it,-50.0,41.0,13103313.0,1149512,AP-LAIB3D-02,Student
bc7d95f4a18fb029691b1e99ccf526c9230f7cb3d202b950779434ad8fcb5231,a17a9318dc2b8166843bd2375923310574580ec1e62303e2df9e697e2b86878d,polito.it,-44.0,52.0,24798320.0,3702465,AP-AULA08-01,Staff
9801cb8d237fa85a6167545d1b7cf58fa64c25866899bd6594c52777fec4dbc2,16fa492f7aecea95f42d905551a21e01d1b0cd950bdc0cc49c18fe38f59c5e46,studenti.polito.it,-48.0,44.0,46081139.0,2532477,AP-GESD1-03,Student
f901e752feafc1237087373d03018383acfe8687f166cebe1facbc87bc82a186,3f0dc8a6473abcd95da0b7cc5c849f491cf918eb7fd611b6ef3ce33302b1e20e,polito.it,-73.0,20.0,2076916.0,1187127,AP-DIFIS08,Staff
fcc802c822ff43414c33ef964dba9f77ab2b39e5c86ad44f00e536f917dafe8d,074f0f40f35ca3e1c8e34a440f458b1b18666c03106ba439976d5ec913427eca,studenti.polito.it,-61.0,35.0,723588.0,280215,AP-AULA2P-01,Student
7519586fcd98c826b8073174d4e5e0d6c6249f112470468439d1b0021dfa05f5,dd88006c36a25bad76c22d801352020733cecd90eb89730283d47fcfc45821de,studenti.polito.it,-51.0,41.0,1372191.0,906785,AP-CIT-LABINF-01,Student
5ba434da718a900ea549bd29b606f871a98f4f99841048f09688e47b9f9d539f,0b265180b08579499298da4a244b7bf9afa9ebdf6a9b19f9f44e4a221dd5a897,studenti.polito.it,-53.0,40.0,71028444.0,4797598,AP-AULA05-01,Student
c591a2aa32cf1e834e6dd1b3f3cf28a5806cf5ce841171176d38286e63e44c33,73220c8aed0f81a1ca6d314b434266c14f65cf6071ff7945e56ddb211a117902,studenti.polito.it,-86.0,4.0,348986312.0,473560037,AP-RETTORATO-CDA,Student
ff88ed6eef8958f199f7ee5b8095a5834934b46ac1f4ae823a9fc6995a8e24ea,f2079805bfca42091fd4f3cbee2945a4d346a94a81bd58e8c82d4e345937f6fb,usp.br,-78.0,15.0,105508021.0,7894770,AP-DISMIC23,External
29d4b8f14ee060cac9b935334b6acbd821f4e47eb8829bbd7de8f7fd202dfa87,995f48ab5194d8552495c961f9eade6bd765f4b8b7a671a96e434711fba58c1d,polito.it,-60.0,34.0,44761783.0,4527728,AP-DIMEC07,Staff
f7c7806201836ba593c46c03608fc679d8b73c25e7fe327f4e3b0952cededc17,,,,17.0,0.0,0,AP-ASSTUD01,Unknown
9af43c434a299ad74f80586c866fbe5e59f48b746e17b39cd6a99aebf213a996,58498f4b8cd7783f3c1fe4cd7c0b1bd70171d756f446416b2d07e68ff72207a7,studenti.polito.it,-75.0,16.0,9299368.0,708036,AP-AULA2I-01,Student
25590e44828ed76e7251be9573ea69307a3171c019d5837d3bda3d15913020bd,c0d067beec904526d92036c7dfca627efcb7e612dc43107e0d0d9d764f1e7792,studenti.polito.it,-57.0,35.0,79095291.0,12408751,AP-SALASTUDIO4-02,Student
5c4a85f38cd3efc020427255ab2467ff53aa2a76e4c70e1a4b59461dc05d456b,12b300cb5b0ac53f490369e310c5f33886b87b638ac2658f857badc4de8d7eeb,studenti.polito.it,-52.0,42.0,2057237.0,611967,AP-AULA6-01,Student
48fedd955d986d76e9782509e7a7a1bbc10a47745eb871335c04752904ec6308,6f635cde9c76ab3851de975e8c04dbb9755b569ce5a3700da62f1607147e8d30,grenoble-inp.fr,-49.0,42.0,14723852.0,945013,AP-AULA29-01,External
453c9d67d519bdaf13dc26df6ce99f51197465c9b8ba5defa3c0f0a067800d36,624e30d6d515fd69d61c3fdaddee48b2c8ce6ae975bf54f36526822cbf5aace2,studenti.polito.it,-67.0,21.0,856907.0,341626,AP-AULA10,Student
d9d1e31a50016c4dda103b5cba6a96e7979c31746d2b7697a0feeefe662a6d3e,eac2650ba41e4d8b1dc665da0179320ec3fa6729630079bc4674db77b92530d1,studenti.polito.it,-57.0,30.0,246579995.0,6915274,AP-INGCINEMA-03,Student
f806367e64b8a06d1c5b1900ef5fafe3511f6828cb996692be6a3236f22c9cce,90b25a2790ecadc43a717374ce5f11438247420b7a6c5352c9629036b2af88da,studenti.polito.it,-65.0,27.0,241452043.0,11113200,AP-FRONTE-AULA12,Student
0ae97942b61cff50bdbe679b5ece6b1e19f58e6408cfebb007668819122b1aa3,509dedf5b8e42b4fab5dfbaf86156d0110845022df854eb171a4e23f4a78d3b6,studenti.polito.it,-62.0,29.0,29269942.0,2265158,AP-AULA05-02,Student
032eda8940a4ff0d25ef708de1cf1f9f3b3a85dec6407260ee57f8f037db1532,43aa35cc996a30f598d146f4e67299b70a0854c7bea284b38dd981c33805a095,studenti.polito.it,-64.0,24.0,15996623.0,1279166,AP-AULA6I-01,Student
2e718f1b06e49167d74abb94e74f27d43b1d69eaec740072dcb8bb1466b32848,8eb05581b786900aa18ab2966b2b66fd67fe7eac118709be6ac33173740caff5,studenti.polito.it,-50.0,43.0,635882767.0,500527861,AP-AULA7-02,Student
3bdd24dede78700cd7f01180e2a77ac58592dae0b5c7a74953489a61a7e51a26,72a970054c49b4af699dd3c26591bb92dd30791b175b9da40469dd7c379d19cc,studenti.polito.it,-67.0,27.0,3627691.0,39000430,AP-AULA8C-03,Student
3444224a5da15b7416ef6c424716fb2b1d0e354e347e1e97683554ecd4137699,a6d60d1d914ee145a686e9ed77270ba952bf12cfbcabb0334b3dfa244f76697e,studenti.polito.it,-73.0,19.0,375414.0,195771,AP-VALE-AULAMULT-1,Student
fbe26ad9e532a4c4547a14990dc628b3febf668c8b7baddc2369d9a395ac210b,5351a2acccc67cf02c7b9034ae6254e4251c8fb20feaa8159a260b11ddf98f04,studenti.polito.it,-52.0,41.0,484020762.0,7988973,AP-AULAR2B-01,Student
882b4f406c2fe8954a0045f79fd2b08ec13bb5c31b98aa27d755d97ed5f7e5bd,,,,2.0,65764.0,3740,AP-AULA23-TM-01,Unknown
442185b44291536d0c638e6540a76e7c2047093d8990f8bec148ca2047d01821,4b1d1ebe4722bb2256891a407d96e4a75a58764004741c34ee882d11f4f7d12b,studenti.polito.it,-61.0,36.0,91316861.0,14520918,AP-LING-AULA201,Student
854757320b3de0628438128812c463f30fac883d0bd5067419c98062a5593c23,0298d3b52a2f37c193f63195a6b2d30395746c05132f46b33ddd7f1f3a364a6a,studenti.polito.it,-57.0,38.0,17676.0,12026,AP-AULA2P-04,Student
68dde9b989e07e97860abc73ea8b9ea685774d7b25cda7dfdebedea6562af905,1aecab28117a4271b403b7629b5dff42067204c0e2525e0c59cf224b796c1b34,studenti.polito.it,-59.0,34.0,36641081.0,7252255,AP-AULA12-01,Student
406a6f9772f97cb123641af04bfde93c4c4d993d10492ae6b07d86808abf16c3,e45542a512e422d46d664872fbf61ba91628ec06bc4afeec2d0b739a558085e5,studenti.polito.it,-55.0,40.0,16999206.0,4340642,AP-BCI-05,Student
b987290d9a567775348161f6afdd462e5e98b1879394f6bbf47ac0b12d50313a,3720362531dc61b6faeacb8096d84807ab3f16c367fd9aae431033c93e59a465,studenti.polito.it,-54.0,39.0,97028574.0,40505140,AP-INGCINEMA-01,Student
3bc2549d8ae256c4807d2c54a73707bbd531d13f9ab34b3c8f7150e1a3481331,11ec726ad65ec5828a00d41572e79cfb415314394fa224d66c307719aa199cbb,studenti.polito.it,-55.0,38.0,94406366.0,9633559,AP-LAIB3D-02,Student
f169357446ee5e4fd1c0e3bc6ab524f46ef5fcd07f6420a45c6591435193b245,3d00def702b7be0ca45d428145400b768c5279c2944c1f39282ff1b71174a9c2,studenti.polito.it,-60.0,33.0,6070780.0,2391698,AP-AULA12-01,Student
2441da704abb57d5f32fa68e33d5e5a4bedba15e2365a1f3d57e58ef5243d050,ffdc8a4b9b4cd1814cc1736b6fb23598972c40b5b2f5693ce44b9d3675c5b26e,studenti.polito.it,-48.0,48.0,31364201.0,3706385,AP-BCI-TZ-03,Student
e98ad136ed8800b5db1fb56b73a87f1f9ae4a3d2dcb79fda884cb8e1ffd5f9d7,728aef5b2efeb44f236f39cd7f0bd3bdb9d06af63a1c235e22c9e2c8bf655992,studenti.polito.it,-64.0,28.0,6425982.0,491565,AP-CIT-DET2-01,Student
96df448dc1382f9a054d02a95d14b0ff12b859c48951cb922ac4fddda49c22b0,528889c5d6ed6c4b71d87b0a34b48b3ddd95b9306cfc9b2631ebf9dd855c9a55,studenti.polito.it,-45.0,51.0,102147642.0,21074310,AP-AULA08-02,Student
2e597371308caa8e25deb9ed0aa2114fd0a57cadce54f7e6324418031f49e0ec,56ac555801190cf80e15b9bad8a72aa6703dabdea213058b8838625c240b8922,polito.it,-64.0,31.0,136068.0,142248,AP-DENER02,Staff
2115014cbbabcffadf3ed42a0c059582fd1fc876a7e346fe0878683ff3e35c6a,8c401d6af8bc85925c9a779a10728a31c3cde72d2eeb72430d1967ebc4b5c4b1,polito.it,-69.0,22.0,41715.0,0,AP-VALE-MOLLINO-01,Staff
bd9077914bcd95834f27a4a27e55c38b9cf9fad79f5263c7382f75ad48a1f7bb,ab524e1ec95e89b557729945defd47f89bfae8df0f66436330e7f7feb0b38657,studenti.polito.it,-51.0,45.0,281457323.0,8566083,AP-LING-AULA206,Student
e895c338a060867ff2f442419c41e4535f68568c90c24aa958da595ef5ede4a9,,,,22.0,6842.0,885,AP-CIT-DAUIN2-02,Unknown
fee0e484e56e0882b77a7708b90d48004d55b7ebecd89424e3c91a12aa9552e3,ea5c605831e66f013515e3b4bbc4cf31c36472dc0c93763a0328f22209ce97d3,studenti.polito.it,-65.0,25.0,219396.0,88427,AP-LAIB2B-01,Student
c9493e9576d9867a05d9c836e99c515a25e415f6c9a0bf936bf5e85270cf7107,c3e63967e78275f5814b2b2d5142f13ce7b0d8477fb0c6301cb8d2b68a20bc34,studenti.polito.it,-61.0,26.0,71474776.0,4167581,AP-LING-AULA207,Student
e5882919cc760a142776a9b030cc964a1c5f37f2e3811a9db71c5e1fee4f22e2,5a926d4ab16041a82bdfc71089e17b7f143aba63393ad1ec133da3787f88654a,studenti.polito.it,-85.0,6.0,22237121.0,31641058,AP-DIATI0-02,Student
340cd3ad5f776e5399e46bca3caac58a2eb7f205983e08348355d1b33fd07a83,81ece1f15dd08fc57bf2346e55aa5361ea00926229825791d3bb21a7595b2ef7,studenti.polito.it,-55.0,38.0,218193.0,318254,AP-INGCINEMA-02,Student
221a18251d9effd662feee3ae5bf692df3224a562c7cbfa700dc169ee3954928,fd6e61624f099e3d213c39605c31234dcd33f2888583b000b77b88aa3c437e4d,studenti.polito.it,-45.0,49.0,378891813.0,12355586,AP-AULA4-02,Student
58a4520e8279053b051f10374904d169a18f20e879bac295b990d98d6e9ec29e,a163e72049f6eb4987e3d309c52d9327f612a0a3d970a7a86ec847b8b237ed0c,polito.it,-58.0,34.0,452261872.0,24378935,AP-MVI-AULAMAGNA-01,Staff
049b16de2137b20380197702ce2ee7b88ab34bf283f43c95a3c2444449894a45,e1c4212771758ca67cbc17344444a40b7b84123db7c6931d924864eb2fd55513,polito.it,-83.0,10.0,302377.0,193109,AP-FRONTE-AULA12,Staff
7fe57916599199dc8f212bcd689e72725f9905c23fcb5a8e8be6a593ab598e3c,518e620ba6026c73fea19e484e0d17b61dcb3fcb480a304ca8f39d7d3f46624e,studenti.polito.it,-73.0,15.0,94160594.0,5952761,AP-DIMEC16,Student
b90ef4c43085f8e900dcb3d4f47c003275e0d1ebc21880d6a5009efb2831c1e1,497d8a70d2cc4ed89be9fe75bf7246c21db604d015308b67091315e83404905a,studenti.polito.it,-35.0,50.0,369670425.0,10478348,AP-AULASTUDIOR1-02,Student
1c0fa1268e6095ae39efc585c2abc9ac2b9c8e049c4c522f89a69ee0291813a7,d1acae0e247c8b4e4a7aad23232bb882f26d66e11c96951ada2c2d94280b4ec3,polito.it,-53.0,37.0,119841837.0,27873937,AP-ENERGY-04,Staff
0f70950f97a9143b554a23263c36462b5faee6dc63e460cbd98956b9c960f52f,5a52422fae0ea65843ea4ee8a0c4bab4e973e3e00c3127ab5dee578585d7341f,studenti.polito.it,-36.0,43.0,2156369048.0,43541482,AP-GESD2-04,Student
e210bc0015ace5e5289833959ee19ae508aa38f5d5474ab097497b271ce22ce6,84630b26e055c7253294407a9b6504ad0b3b11ad786bacd393e36f71e8f30016,studenti.polito.it,-50.0,45.0,21479294.0,2607646,AP-AULA11-02,Student
1bd804d31f310cc2fdfe23ecfa5a168542683bcf4e9d6d3376c8987942c0fa6c,62c70a7b128f506c33d0b8d637161ed4790c53962c026b1046e841692ceea4a3,studenti.polito.it,-62.0,35.0,26097234.0,10676230,AP-BCI-07,Student
64fc125554a33565ec68f9b72e62838c80817a048fb4eea77bff8219f6ed6c98,d52bff4fcbac1de3b034637abccf8f66cf4c0cbd484bf576179b61d061a48923,studenti.polito.it,-73.0,20.0,169619105.0,3753853,AP-SETTE-BAR,Student
27f46d341784096a7d80d3210edfe796d88960580c83772e0caa0dc95028e4bb,4c371d55d3e067c600938b8b30d12610329ac043902b6cdcc7f8b3f1f93849a7,studenti.polito.it,-56.0,34.0,94263073.0,16179010,AP-AULA5D-02,Student
c0dc4d5b8b220acca21f49cd2fa337045d5e8803aa446bb1f89dee4d4a0b1d9f,813d8d6d608fb4bf819ef3ae755c73a88ba7ed88b993acf2ad81472250f4e103,studenti.polito.it,-63.0,24.0,102847236.0,9537429,AP-DISET-02,Student
aec247e4ce0321e15c4010c35c762b447767411fe4c4ca29c5c5882b46c41cb1,c32507accb015872791d174b52c46bd310b0429bcef375d7f1b67380d3d920f9,studenti.polito.it,-70.0,24.0,27682435.0,2000307,AP-AULA10A-01,Student
780208901fbe5951a83d65ff83e6429971a9f1323293aed58c4489813875b47b,6e336d73cbeb93b4956dbf7aa78b7276ca3c7eb6fc05464674723fd1467c621b,studenti.polito.it,-48.0,48.0,25470199.0,1577545,AP-BCI-TZ-03,Student
d448e89530f227d72bc4bf7fb63f3a803d06f412000cb875649e52a6c7427d3b,d02275afd99fb43f740922f88d065fba9935c2876609b05f63db3cbf84a91646,polito.it,-69.0,21.0,461855176.0,65468691,AP-DISMIC14,Staff
070ef99e0b053ff37cef3f45aa402909fd042e935e656a10cabfdccd28193099,400ed341d32c6f1596dab387b9e039e31b1a04f7ca5e954efd517e0bb393d69d,polito.it,-69.0,22.0,489942424.0,29183124,AP-DISMIC28,Staff
ac9d1f6fe3f0a6089025085c182bd68e407a0fe3ccc2b48e5aa60f333090a376,5f708ca940fdfb61480e6888c6a2ab0010a2def0fcd0614fc0bafe18e270f295,polito.it,-52.0,41.0,4141096.0,1601666,AP-CIT-DET3-02,Staff
1bdd61c61248c0cd9ec1215fc888a7c82f776c7ba48c316d8b200e4f8c3ff8f4,05dfb25f4e491d25d7cc3017a33868492ef2679cd3051def6dad9033eec00303,studenti.polito.it,-49.0,43.0,23813371.0,4399536,AP-VALE-BCA-ST-01,Student
27ef9add2851cb64ee0985d95402d05c336d0e7b47eb68034deba727beb89c8c,2bcca4158a9e6db2a9704cb37e613fb76d17e46d6f88ee62e3da62cb90a378ad,polito.it,-55.0,38.0,76215144.0,13477690,AP-LAIB4-02,Staff
203f0613364c6908bf0d2ab560d8f5816f34fc1a5d6c543fdde8af9cca8e6332,1df56c33121ab86b646287c2e3f2aa0aebecb1b3d1ccc78372b693ba6d92fd82,studenti.polito.it,-62.0,33.0,1080218101.0,561560003,AP-LING-AULA201,Student
953074c82fb7cc603a5dbc6257ce584d0e1e94c43b9699381b9b8f0b8ceb4dc8,5016d7816ec7eead59fa0df99f5b03bcfd83734723a7847c04f9ccd09b0dca23,polito.it,-56.0,36.0,961025944.0,835874498,AP-LAB-ANGLESIO-04,Staff
0413f5555ccc9ab3cf01702e1b5dbc0c56a920f53b081c7b0687bcb954ecf87c,7eda0afc224226535814bb7201a6a2182e44eeff8bc17fb4f8eababe57b8a4ad,studenti.polito.it,-54.0,39.0,1296807389.0,80048902,AP-LABDTTF,Student
ac2622a3045b3578449454ecae656f9dfba299a29df516d68f83c4f40d293212,87a1bc04e0fd5c45ca488ad135ca52ec126facfa04b197b66f42be3c28175f82,studenti.polito.it,-58.0,39.0,327931043.0,17649183,AP-BCI-ST-09,Student
2d0dc90e5740edef68bf7464e64579a1f7e727eb64540553012b41bfe7744110,d10e4015a13886fda3c50ba3fec9cfe392242ac43b6dde3452e2a91c7eb7f37f,studenti.polito.it,-43.0,46.0,124210210.0,49582215,AP-LAIB3D-02,Student
914e0b37bb700f1cb1a77b71f6dab4649e147b6339b47173df9138a9f20506bd,d8070265eb5af38e58d101b98ba4ded1b903a4731f9963b712f41b9dbe8d9eb5,studenti.polito.it,-58.0,36.0,38962448.0,5344708,AP-AULA4C-01,Student
38bffbb285054de8fef09db1d8d1971f54d05d25ef28a955bfb899a69b289f61,e5d33ec39a4093e14d374d1f682a3cb6e1eb4a53e5ecf43260a6b8e9d0da0138,studenti.polito.it,-85.0,8.0,3089689.0,190612,AP-AMM-1N-XP01-04,Student
bc340e81a142117a1d5e6f4cfe6d79c61916c30a7a1b7c963509984c4f2f99a2,4bf3056a029247008c3eb59e464cb6b9a66f94970ced7ff2524c7483cfe6a7c2,studenti.polito.it,-55.0,37.0,362732241.0,5989158,AP-AULAR3-04,Student
094e397e99ae9d35f40a4cbd3e56b402beeca4a0931ae0e1de95ec89fe61f6d9,f62e9e106212695950f09819e8ff8eebce32ffdb8410c03f0be8ada2d4e291fe,polito.it,-60.0,34.0,64046326.0,81322633,AP-DIMEC18,Staff
e780d4930fdc530b8c71633ef747ff34180488844b13431d9950489f6d060c4f,2d9b25b7c7da23d18dc3aa9c787ed9539552c6c2fe0d37a19b5a910c2686d446,polito.it,-73.0,17.0,368264063.0,109030354,AP-DAUIN03,Staff
b0ed403fdc6c26b187fbd063a798d34773506def3f47f14fe8781fc9275bbc65,c60c11b45089d3125b4017f856561db2b7bb369b8aa203e4c3b14bbffa1ec72f,studenti.polito.it,-86.0,6.0,86269207.0,6549603,AP-VALE-AULA1V-2,Student
0e4a0b587dd49d303158998198c78d297be231a93f30991a307f6d723aea66a6,d0e3db8a4eebdea445ee741f5ef8b1721b2178bf23e204725c0e524b70cd4168,studenti.polito.it,-58.0,36.0,4231155.0,712435,AP-AULA7-01,Student
ba8dcbf79d3bc88a303241fe450d983142fe254358958325d2738d38aded2f43,47931d57749fedc232ec5227a8a92ba23fe3cf913ed5cf1609e93934a2839375,studenti.polito.it,-45.0,45.0,296689097.0,4428255,AP-AULASTUDIOR1-01,Student
c9194629f27e984e6626ad359a1c4dadd9cad02466b47321db9a5879591952a3,7e379909624248012e00ffe3ceb30f969cfb9396cf48dbc5c3b48752499637ed,studenti.polito.it,-57.0,35.0,393912664.0,21121813,AP-VALE-BCA-ST-01,Student
22dbe3ea8e803ea8a80a78263b2d4253a084d3045b9fc8fd91cbe92d7a8b7e8a,242a30bb935595498451cd36b3b2eaaa5fa5f5c83eba7e3476c955a574dd9102,studenti.polito.it,-85.0,10.0,9045455.0,1043198,AP-LING-RECEPTION,Student
97ef54f22026e37a697929bed56ebd739310369660b904d0602dbda589e8e4fa,ac48eed2c4317c7e25e6584d379a0d1059ae32506f2011f46f5cbefcb70cceda,studenti.polito.it,-45.0,51.0,675621692.0,7942229,AP-BCI-TZ-03,Student
b79750a3f80de0fd77ecffe3f2da8c1a6c547c2f2de9fb58bc9fdb0060c9be0e,6cdf4d93131ba82e98764091c0acfeb6e2eda00eeaf9ba9d6a7892a5cbac34db,studenti.polito.it,-46.0,50.0,127458243.0,14915204,AP-VALE-MOLLINO-01,Student
4ca7a5f0e5a4c390ccb3b8ae458893572d0123a98654029744621afda6cc3e19,4f4d997dbcde7c2bde2f9592ff12f1cd1ca4cc407b4b45bf65aecac48d6fd495,studenti.polito.it,-33.0,37.0,346635194.0,10331007,AP-AULA2M-04,Student
815b19280f33db1b3aef97d4902efd750ec35f567dbcf3bc9916c5e28d9c8848,92bbce1a7df993ee0fe38dfa0c53c3da7ddf201ab943047e8aa6e1307c106c31,polito.it,-52.0,41.0,237638739.0,98910421,AP-SETTE-LAIB2S,Staff
be8553181b34899aeb40cfdaa247580b64dfea059243dc32aff223bf4a609241,3c4f9dea47ca5f168758b75f2b7cc6fc564d71343750f2e5e6a31a90c042caa2,studenti.polito.it,-59.0,32.0,54144603.0,1960404,AP-MIXTO-04,Student
b4a2a1d3afeb967246e1358aabe217d6d8bda54a8a7ff13dfc214fd82ad3fc15,acfb35eb0f3669f57c5b4b3215d03c59dba096336763acdedd3410641d46a1a7,studenti.polito.it,-63.0,27.0,751082173.0,42746681,AP-CIT-DET3-01,Student
3444e2433e5e95b3fa8ce8a2d9c71740e574b5ab1ded80d68c515422cca2f4e2,47249a31aee3143ecc3d78a3cf73119f659b3c28b85d25af189064376fe74402,studenti.polito.it,-49.0,41.0,406419.0,172205,AP-AULA15A-02,Student
8047b37c84edb9c0bdd0e15ed97601eaabd368f165bfb3db77cad298873ce45d,70349000e8c16355f0d3b261e9eeef92f4120084072c224e022a1ea70f3cc399,studenti.polito.it,-42.0,51.0,1072104872.0,39622621,AP-AULA6D-01,Student
c3f734bafc65cc4cc98557a6b8afaf8e385bd0d3ecead9466a917587c6329bfd,8c765c0f7d948fb884fa41a37fe1cec26ae8dbc993dae305f6cb80dde13db5ff,polito.it,-53.0,42.0,6117972.0,1407498,AP-AULA6-04,Staff
94c29771b27de01970b5b86fb02b1d6cafa304e5f623ba317bad262cb9af5608,d73568910e71187a4f10d1c3a13dac19d89f4f75cda577dbfb1761d930950646,studenti.polito.it,-72.0,22.0,8115666.0,509717,AP-AULA10,Student
fd7953b8e9767eba285719e6eec6f2b1093c1ed61836bfab71da3eb969269419,,,,40.0,0.0,0,AP-AULA11I-01,Unknown
aa0f7e9745d2b8b215cc0539f1e6e3b15cecde194fac75683e97c3d62ebb3deb,4fc63cdd107f2a6f20b2f84a9e76b816d1dee6f81c2f3f0f86abd71d8ee5af05,studenti.polito.it,-46.0,48.0,27945750.0,8621240,AP-SPECIAL-NEEDS-02,Student
6a51199eb2282268d387b593d3d3616b5794db6c736ad68a1f9cf547d8b0436f,34e6f516a5cb497476967321055ac1f83c82a3043bc8c40abd47a315901eb9d0,studenti.polito.it,-63.0,32.0,11518803.0,2077119,AP-PERUCCA-01,Student
71c6bb165fbb88576a20b2d84c72b748540d019b04fc1b93858e1a0bfd694ca5,d6133245f311e7d8f53ab7be80042ba0d03e687eab2a661a039b8e534fcf8e88,studenti.polito.it,-59.0,36.0,69251220.0,1788197084,AP-AULA3P-02,Student
8bdf57d316fa3871561e6eade622ddffeb24a6ab1cf9ed071e2bef5f554a0f9a,34cedf420aa6231b8255a0973fcd127d6c11db996b21c9b4156422deb872d70b,studenti.polito.it,-86.0,4.0,336835225.0,305016374,AP-AULA12I-02,Student
fd9db47ec92e1cfee36276d8d17543b27572362d6c3576e6a4a54eabd86c4c70,10c8741decbbe1482210ae3e9e440c9d0e680d0f28dd038cc64f35c3da80a8b9,studenti.polito.it,-75.0,20.0,3915796.0,1289836,AP-LING-AULA201,Student
1cd7c17138132ded0c94144d6a97e2580b0449c1fb8de2afbc1dd6a02216ee05,78c18351eeb7e45ff6093c097d1844452f26303ea27400c2d3b7436e930189a5,studenti.polito.it,-54.0,42.0,4330564.0,8396242,AP-AULA1S-01,Student
a1c0422e2f80688202b5b569f1617f6081dfc2b05fde1bdc5d8d9fcdb1ec2520,43c3e88a54c2ee56516492f47d4575091707e29afc21e02862640e3caf0d04f9,studenti.polito.it,-48.0,47.0,12834316.0,2629305,AP-BCI-TZ-03,Student
208d17d5f6f9cd690b59d75e3c6ff99de941b34c2c45cfe2d9c524b344cb5bbe,38d7a254ebe4ab61f2bf047f2f29f0eec0fda6fbce7ec7f55b5ec4324ec5ad43,studenti.polito.it,-69.0,23.0,84386358.0,28854436,AP-AULA1B,Student
492ba354ed1719f1edc10250172caee26c30cfc1845b98e06fdc692a14154593,8adf5f1d539089c6e2658062afcf6026d44c7834879aacd1027ced2f26e5644a,polito.it,-80.0,15.0,28580273.0,10308395,AP-DIASPLAB,Staff
45a28476a83852ee9c33eb35e82545f904b353f4602fe9bb51ae64dea6164e72,636ea299d69cf7a7da34e53132c9148a12ac85552c99fe962b1e00044c07191d,studenti.polito.it,-49.0,46.0,32207687.0,15991052,AP-AULA6I-01,Student
f2e3dac6b8b315ae95551be2c9a29851cecf2ce7988e33e3c4029f884bc26b33,9a0a7d7faa82a3259c5a2a253916a0e4cfada4fb126b56da9c11841b6d8af8a0,studenti.polito.it,-56.0,35.0,195220985.0,38681710,AP-AULA9S-01,Student
a58deeb2cf6285712af8be6444ba0bd027c43df0c584157b9551f5bab1cd7f3c,ad17c7e3af5114e2db317a98fb676a22053fd53fb5741e6b81c9ec70acde0a66,studenti.polito.it,-45.0,48.0,911550596.0,55034555,AP-BCI-TZ-01,Student
25fef739d134b0d5b1e23ef8669a221ac4f1d1dee20220ede5e5e55dc4b7625a,efc19b5667f7c10ca6cecfe68805d351835cefbd9a3aa4b934cf08bbc4bf034d,polito.it,-73.0,20.0,83358.0,39409,AP-VALE-DIST-11,Staff
123d2b729fa090167c461dc7c0c979f1b5dc027ea16169cdf3eb3b4afa65c836,b77cc2b66b1129b9e14edbf113a83c8dd4e2ab836d2fa63df88483a5d8769c64,studenti.polito.it,-63.0,31.0,56343127.0,9254204,AP-LING-AULA301-2,Student
250a55fc7271d03fcbab5fe9e156f2f6ad37db1ccde7d3326729253fdc6d5a73,a1084265893a55f27379481c58aad2579b13ce35ce935464a059a1310e9a688f,polito.it,-89.0,7.0,76744532.0,10994215,AP-VALE-AULA4V,Staff
f7b3fb758d7b5a7f3e244b40340f89fbd7ec1308f6c5481c7e2fece03b7e9262,570d5a73c5bafba93dee5310b90365627405e281e4c0d995b498ab56797ebbe5,studenti.polito.it,-67.0,16.0,227817.0,190721,AP-FRONTE-AULA12,Student
e395b1997ec42106e108d14f044d69bee93a510ff6aa8c0b538825919ee96889,ddc5cbf777185ed7b40fc78f5b39824ccb9f4f7ec81a383aab7752f635018b6d,studenti.polito.it,-62.0,32.0,1725300.0,713335,AP-AULA4T-02,Student
a08719ba84c7c1a4c64f77696b105eb173d03117157055490aa8dfd8ec1416d6,297ae7593e51128d681402981c5da9c48fbea2e68ae9047983195d770227da18,studenti.polito.it,-70.0,24.0,464633341.0,9597732,AP-AULA4I-01,Student
19ff10393500470b5f179ddfed33b3f84bea671c69f014b9b81502f000ec4c76,c1115928e419e6a2d20e00bf81d7a2d3c41dac1c9b884910eec76a95a657d194,studenti.polito.it,-80.0,8.0,75048.0,40627,AP-LAIB1B,Student
1bd92e99cf16e555b0e33932afbaf3f663936bb9b4de6e4f82413775edf6353d,23c34c1a13459c6f0ba72648a4b561c28bcfa097eb782496294d52a609f4af10,polito.it,-49.0,46.0,5092828.0,821145,AP-AULAR4B-01,Staff
7e6d1248572f9381e47b7005388d4f1c162d33605eda74cffa7f25218c6cb276,cf7c4d1d428bae418c494f323d937e2fa03c451c09339359ff97dde23668a7e8,studenti.polito.it,-58.0,35.0,17512132.0,1031560,AP-INGCINEMA-02,Student
cc46e28f17162ed9130d23d76b7baa8d7c211c0c887cf99e3799a1086c0c88ad,231c79dbbb7174d135c1f720b345080f0647913b642cf5d937cd6904f3807c05,studenti.polito.it,-61.0,34.0,53986962.0,29590120,AP-BCI-ST-09,Student
68958864a92cbbe8e15248746b407731916bcec3da40092aba5e0891f3ed7244,000e64170b78789ac0ef40e3b6864340ba41109b735bd8704a7adf2bd33eaa6b,studenti.polito.it,-55.0,39.0,52425654.0,10171884,AP-AULA3I-02,Student
119a0b5758cb6ea024ca52e691a1b5374f64ed99e799f8a5650567ce27a84b95,a9fabff7cc850ed38f914822ba0189d2a148026e7ecca2b323632ae723076da1,studenti.polito.it,-55.0,40.0,777520.0,108658,AP-AULA16-02,Student
9ce54864af52cbd00d7c47796b526c8eff31ba12e5ba07eaba98fc3f5da93c92,7ab880897f727092c3e50ef81e0625b008e68a134317a23311af913189f8d802,studenti.polito.it,-61.0,32.0,18555783.0,1023659,AP-AULASTUDIOR1-02,Student
1c5e02674ee9069115380db74769b36d25e72beb9ce0fe7aae149ab288e95ed0,d2a1efdfa9466346e3575d450fa8963f8d06f6dfa9953080e0bbadfa4d852500,polito.it,-45.0,52.0,146278341.0,9860493,AP-AULA2-01,Staff
fbe95c24c1ef96e4074c59ff3a24b9d9e6a3e284b0b3808129e69bf8f374b021,f80b54640e1d1ec6ff36f5386952d579f1b8f41bbaefa049f45124b8510f0832,studenti.polito.it,-54.0,31.0,317215.0,312512,AP-AULA3D-02,Student
3c7d3a08fdae76fe32ea175c4a4abe2eb0fef702f5586a6fe357807611c3de76,d221f62f005edb4102935e45ee5ee6857ef3dd42f02db0afc599b539ec4706d1,studenti.polito.it,-69.0,26.0,1739009.0,509391,AP-CIT-DAUIN3-02,Student
823a012a78d919041f165d9d3bef74b007707621c548b6b619e21851e653ea22,d64bf1ebbd8c172b3a53348c2667267ab50fe3fc7a8fb4d997aed67f515d90c4,polito.it,-61.0,32.0,21753329.0,3653192,AP-AULA2-04,Staff
5ba01533638aa3a91228fcc918b698bbcb1400405c3563b7b6c1a925891d4e38,,,,25.0,0.0,0,AP-GESD2-02,Unknown
2a17bab849cbbe7d4392f1b1d91196af0ea735c85ffe6dbb0eef50c42d5399e4,483ce57b17e3bb5cf651ed808e8702cbcf68061507a0b660965b527f7ce8d91e,studenti.polito.it,-63.0,28.0,1598206.0,871469,AP-AULA5B-01,Student
a6e6bdd6d2b8cb986b895b0eb34012641b917b956b4f964035b2235a152d1b60,347b9b403d880fc7eb7ea018d2604b9531e689236f4e4cf37be518a3731d53ac,polito.it,-57.0,33.0,285421915.0,30775024,AP-CIT-DET4-01,Staff
1e056a7f0740ceb8c91261c9ce204ed3638eb9e2d2362e991c7e704fb94da033,c885a1ee826ec77bf0319185c11d60ee76e04b9452fb91ec41e364026f84e7db,studenti.polito.it,-81.0,8.0,68631.0,37772,AP-DENER03,Student
2127b2bfb801909991e6ababab7cf8c023a9ae4c06876fc21dd0c9782430efcb,c5d5547cf61137e1388834ae2e8d67a049a4a6cdaefd72589ae08162b4f1ef3e,polito.it,-57.0,34.0,3417031.0,8419636,AP-VALE-DIST-10,Staff
d6e383d7d64a02377e9754b5a199aacd2d39a6cc55fcd813788e0eb891dc6426,4c9c3ea078b1d574b6a651da5485c087d306abf90a1423dccbda02dd2ea6f8db,studenti.polito.it,-60.0,33.0,86844399.0,5215172,AP-AULA8N-01,Student
fcf2b7aaf2b7b15fef259acaffa704147a232f56d67ea79dcf03568d428041e3,38d13ec5b193b473b7d4a2065d374a5fa90eab004ccb3d0581bf767b6fa5ff9a,studenti.polito.it,-50.0,45.0,664863.0,140333,AP-AULA05-03,Student
8ee59763388864a0677d35e2750aaa4a64fe4eb62abfd7b1b709597483e86b00,d436012a7e4dc6a4d47c8312172ae2534aed975dadc0e60758f9447ea434d146,studenti.polito.it,-46.0,49.0,36150792.0,6942845,AP-VALE-BCA-ST-01,Student
8803c44238289ce30aa94ef42655f2113011d3eb3e3beffcdf5b9a5a0ca95c49,012cde7bed95f0c03cfb02ba5bf59d91d4f00a355e73da0025f6afffdf9952df,studenti.polito.it,-60.0,30.0,3337972.0,3296773,AP-AULA05-01,Student
e6ba72e2daefe9d8370476a28202cbc38baebc11b17ae51152cf9d99d183034b,d37b42717394e70075af42ecc24a1e764448f5cb948e16ec55d6d54bfb0c19a7,studenti.polito.it,-57.0,40.0,1116045.0,177405,AP-AULA4-02,Student
dddcd090c100185ed1f41e0b40ceb1ef497157628f8d8a0e3ec49d1ab0b7f7ce,56830d35116b662d61936931dc12f571fe4b40d2d3a6e36f93d6cb42352af33d,studenti.polito.it,-65.0,21.0,1946044.0,1176428,AP-LAIB1B,Student
cd4422f017e41412ea5d34e480bfc8fd346a19ffc6b3005ab83808f3c9c70138,6fef845ff69570af3e5e42169dd677ae2db8990385e899a88cb7f326377103d1,studenti.polito.it,-54.0,40.0,2591275906.0,105407627,AP-AULA12-01,Student
164292501a85a8791381d423c2a93e643b22e8fc234ff2304a61e42c4e64f772,6a27bc66f0d4cedc2ed78b151570acc64a6751d130f059ff7a5c631a847fda05,studenti.polito.it,-67.0,25.0,38483053.0,4265831,AP-AULA4I-02,Student
d1df8b641a1d445ca63375f32290d0bd043729119af585c82249ce5a0a7142f9,b4a4ae257102803ead6350e6fcdd064d837344fa9a5b7d843dae4ac15e79c801,studenti.polito.it,-54.0,40.0,4843243.0,1878073,AP-AULA1S-02,Student
98e0c6c676687bc56a5ebcf2c993ffd2248bb869c8d122d98d9d36daa8cae21f,439c60e2d2066858829650bd20e176102dffe73062a89f488fa6bfe15bf2bf9d,polito.it,-61.0,31.0,72378506.0,10714644,AP-DIMAT09,Staff
257ccfa01eca769d090c9f65979053c9d97d77a5df595af14fb3a01a9fbdb597,fc017759f4948bd787133db556e4eadd982a220a76c6ad40abe72f72bd6a4574,studenti.polito.it,-55.0,38.0,164497713.0,11139216,AP-AULA27-02,Student
f169f2219939b3be759990d588cc60476068e26600732cec5710ed2d39c7b51a,ee04dc688ecc652c39b5b8c5a83defd9a233b7da42f4b47517c519610aeeacea,studenti.polito.it,-62.0,32.0,1509324.0,605162,AP-CIT-DET2-03,Student
5090815122db5a18881dedeaf2dd11252fbef401baf8d1c733f03064762591ce,ea2a03660cd488ec8cb489f59a4aad78bcbfe941c4f4f1e0826f770e482197fb,studenti.polito.it,-58.0,34.0,62073464.0,4522781,AP-AULA4I-02,Student
5ecc4a6d267f1af1f59c57f65f1aa02060e8445a77d22b185646fe60383f9e43,6b981e000c6c5201aae7392c530a6228226fb47a83ad0f190e6613301ea0b2d4,studenti.polito.it,-44.0,49.0,313014.0,112307,AP-AULA5D-01,Student
e7b06808945ddad2b8bd294bdb2a7e3f0ece84ed2bbb8a74875e2d717bb49d77,a804c7a9caea450b5b1a5748fdfe772c24964836aa94885e4cc04121a96271f0,studenti.polito.it,-56.0,42.0,4820913.0,1401709,AP-AULA29B-05-OFF,Student
4721b630c2500cef69bf8a3cb000aa5d168bc8efab2f0be922f19fcc4bf38198,4adfaae890e9d7ee76263daef746d7561884a0bef41d59dee9c4be8a0a0540f8,studenti.polito.it,-58.0,37.0,13515418.0,1677857,AP-AULA27-01,Student
6e60ce0399ed3eced3230e5f5ef48a1914ade758cadbfea4861a40ed993507fc,f67c157f38e215a5a631fe574c41c1c53a6c6303dc51cb1832ab1caf76fcfed6,studenti.polito.it,-50.0,37.0,1286590.0,723022,AP-VALE-BCA-01,Student
f2624382b34d95ad896ce85f3a20ad7e958375027b0a4dfc59e0de53d5f4f5fe,10a4049ed3795d853ab41aec5924f8e21154979bc3975325c47c3ec84b33e571,studenti.polito.it,-55.0,38.0,23167514.0,3450448,AP-AULA1M-01,Student
0757816dce762f09a3df5ae36f0aec10f22d7c60702be6a161c60298704b6c28,6307a11fb19d8b77a834b5a9fcc3961ff95e7c14576fdb6dcc66836cda7024b6,studenti.polito.it,-49.0,45.0,2017559.0,11821710,AP-BCI-ST-08,Student
43307613281f5d4e162571815d7e553abf3c91803584345a46e692398a305725,b162f366521e58907626e197d16e3455ab9e3b87555ee83f0d411a29070e7083,studenti.polito.it,-52.0,43.0,47567356.0,1055732,AP-AULA10,Student
bb555ce2eccd49fca0c26e05d2e2c2b7ed60a28dac704594d26d610302724087,fe9b797ea2ef2161c80ba9387dbeeb70d9f9f8c1fa581dc8ce6d1f02d393c1f1,studenti.polito.it,-45.0,51.0,1602373.0,290806,AP-AULA16-03,Student
10ef7780314a3c66a2bb7ef9ab9960fb62f712fb4b109fd84e825d3819e3989b,411dd33b1c2499938f0dbdc71f5af40b06ea51b0bea8890ae5606d19a48d1720,polito.it,-68.0,26.0,227934.0,228550,AP-DIMEAS02,Staff
e60569891147d54b5ced3c12b9c02d89b53c0079cfac351cfac366f76911d29e,b6a7187f99acda4ec2d796c308e60e85bf83a552be57a4ba19839ad9222695a5,studenti.polito.it,-55.0,37.0,869447.0,2367468,AP-AULA1VM-01,Student
d314bbe622af6be5456ff72b6fbc21336f20ac59970e5bd8efc24188730cc711,5704b16dd9ae1ba6b59d50a4f48b3e51be850661e5e22bff8d6467ec925a65bd,studenti.polito.it,-51.0,43.0,42140329.0,28678239,AP-SETTE-SALASTUDIOA,Student
b39e5801a0a821a3f59d5ee6f1ee89351a6a266927575810b3dc5fc31312283a,e567b209c81152428a0a09631939997d0e1d359d6fa1d7043516bd04b1cf7224,polito.it,-58.0,32.0,118045.0,55924,AP-COV-C3B-XP03-14,Staff
d8a9f2c8cad98e346f7f4501f8fc60b75b319b2ec5cb23a832436c480bdf38ae,217f7f0241eb765916045f65003d00d68010fa5e2acb408429bea4024c9392dc,studenti.polito.it,-44.0,50.0,21109691.0,15182716,AP-SPECIAL-NEEDS-02,Student
b0ef8da13974ff8a529d10a8b0265a63a74de0f716d0d0a32735f60442584d67,5eb0a11bf980ddc909cfdf5ef8b08643a91e7363abd5c03553b6f5c27d157a01,studenti.polito.it,-58.0,34.0,1088645.0,175254,AP-EXREALEMUTUA-R2A-P0,Student
48471562d607bf16995f0cdc487d6b99294fc01b60f2a47383d18dd208a1a055,5c00593ef829eceed4e6aa6354e33d219f7e7716eaa49af9ad586ba40a7c7f28,polito.it,-58.0,30.0,130445412.0,15039779,AP-DISMIC29,Staff
75f516ce09a1af8eb1b9bc1036892e93355af725c6732d26ca069b2c6fdf760e,d2d845e6dd43311bcb683b4415f7f7c513d9d7a324a81a22d9676a998fc6ea93,studenti.polito.it,-55.0,39.0,659655.0,379457,AP-SALASTUDIO4-01,Student
f8964dfc3d3291f92a2c797a9469fd57654325eb7e0dcd115db25901a83b4d93,6f698565937b6baf626d81f1f6abfa2db7cdcd86d94a76d8a9853287fc335521,studenti.polito.it,-66.0,28.0,150120277.0,6552784,AP-DENER-DSF-03,Student
75913d1597add19d3732700ddc0e65f3edba2376fd5126d563c93f3456a61477,ab36737d45ad1ddd9479241e5630e37c04585fddbec528b8f7120bd88e5fb729,studenti.polito.it,-66.0,28.0,15826019.0,1479736,AP-CIT-EXCELID,Student
98265a6e2630a92964d42046649cbdaf88443f3ce589ecdbd42c6ab6b4abace7,ed757df71bd7400a01f01e0b9b2b65c0f92be7755bf012735e02e7d6e0882a68,studenti.polito.it,-86.0,20.0,521541.0,420377,AP-AREAIT-2C-XP02-01,Student
905cb9442a37737cb10f6230114ccd1f3a66da4d0ddc091dd2c9794e2c59f759,9b364233939545a2895f9cf07fd0a7ee621165b6c3e6fe2525c97eea6d61d0ee,studenti.polito.it,-51.0,42.0,251277482.0,21863318,AP-AULA4C-01,Student
758562304663a0ed60ae48ca0a2af9cbd55c8b1d0ad4d4b7ff2e03b76ec5b342,3ffdfc74bdeccd9b7c47f78fe946dae294682d474b717175573a8f41b2c7cb55,studenti.polito.it,-76.0,15.0,0.0,0,AP-AREAIT-2D-XP02-SAG,Student
9c58d61425e70e3eb0f811b99b7d0bb1ef8ad4f9a59d76f97e6919a99905a041,1bad789e3f835d20e52852d821e90f49b866d8dfb31ec76c2b4cb95a7138645e,studenti.polito.it,-59.0,34.0,458585.0,222623,AP-SETTE-AULA06AM-01,Student
bf7c7d7cece0cb0be04f905efaae29576d1179c7dcb377392451f04e86960950,6c00e5a84abe33bd6e97be09e32b0dbe52e2f3ed9c94dc5f87b5bd099f33b0a1,studenti.polito.it,-75.0,17.0,113953951.0,6345660,AP-LING-AULA305,Student
d97bacd8a9f51e051d7f6c080f6a0e00e26182adef32331bc26d527bbea0cc76,e96440267ee38c0acbb6c996730dc04d4c4e36ec1b3fd0a117a548a927c6f388,studenti.polito.it,-45.0,48.0,6764038.0,2458595,AP-AULA12-03,Student
0ee64a119b93e1b961af72e866032c6eb7243687e157f89c917aebbd4702ea4a,d9256b0bf0029bc82748925bc7ff593d8ff119a3f368c26d6e1db29a6ad451b0,studenti.polito.it,-53.0,41.0,941738.0,636117,AP-AULA2M-04,Student
ee948358402dc49d16998d783af9dc8148703d3eb7879cda9c84b8e251d31faa,76b98fc10f819d32209b9a846d22302fc620c4cdcb95a18d84f028bf0a663576,studenti.polito.it,-57.0,35.0,0.0,0,AP-LING-AULA302-2,Student
2e68deb6a03c8370ca5b90d117f5b68c66aa7a4e67d5a75b1dec5286452a0e21,08589dd0217f2f128dff81bfc64c1c6d94ddab6f5e751a2e5a2f9f2ec346d3bd,studenti.polito.it,-52.0,44.0,423063.0,2315718,AP-BCI-ST-09,Student
8ce6d933313e6dd0f1f791397276a8203f80128309d485e481a7056bc982b037,2769cd96d9dcb68640f9c9941a219da52d85d4059cfd88c0cf577db551484911,studenti.polito.it,-50.0,45.0,42510958.0,1132290,AP-AULA11-01,Student
6e88cc6a93e0cba750c5211ab72a757b7a34888c9a51c633d4e6f825a66335e5,3f14da38c921353fb76ad53277596e4bfe4128d2e8b784d9bde9256416ce5507,studenti.polito.it,-51.0,44.0,218926858.0,7410128,AP-AULA01-01,Student
14119cdea2d69caf856f32c1accfadc8a13f8f55b502c16c5f5b8e198671d15f,48de54fa4413e766f316be215e207c97a201b89170a7826abe4bd8275fa88071,polito.it,-57.0,35.0,128670222.0,12025993,AP-DELET03,Staff
b9ce5d9240307156cc74fb362c95fbfa057afd109ef2c5070725906ee966cb24,637e972b23df0c63de7087464d2d6faeb13ba411f67a0cdad94f87df7df12c53,polito.it,-71.0,23.0,612387.0,34617,AP-AULA12-03,Staff
70d4ec32ac6f81ba707f7509bdab34b6de85f243e5a294090b27982c71c7b3f2,910429d8149b6a42f9357057cd528b089909ac2f9e523ce22ce25839ab421938,studenti.polito.it,-46.0,47.0,97543622.0,6767750,AP-BCI-TZ-03,Student
c1ebfc6561c2e35205a8f339a1a83293a5854a42549bf691361f037fc26a4eba,e944209fb0be3943fcf718874693b745651b2c33fa88c459ae208e8a88f6eacf,studenti.polito.it,-41.0,38.0,69900141.0,12061209,AP-AULAR3B-01,Student
cae5740198989a87dce1edf4cd819858a7613cb4ccbc14632202f4c474f6c6ca,,,,27.0,17912.0,1674,AP-AREAIT-2C-XP02-02,Unknown
b59833834756dfd2a273f5ea7c7ce0bf5a5269fe835c0fa730872d4ecb8a92eb,350947e0b3383f2348296ee44c7c364eff75af08b1b70a594582e3b11e803709,polito.it,-50.0,41.0,2122269.0,262242,AP-LABDTTF,Staff
1f022a4e5e2507a51a17b6703cebd4690fd1fd0e44ec56372b97a6d36ec63edf,07aa37e1fe0955335d4271cc38d26348f29e874a1c4f6866c364a4d119cbf790,studenti.polito.it,-46.0,44.0,16720090.0,1422904,AP-AULA05-02,Student
512376f68f3c6ab1a357cdf5151a2fca87aa55e18e0456e1a668950af8368244,9b4a45813945eb69f784a628feb4b5aa1b0c0e0a1592fb3145a2763c0530b07e,studenti.polito.it,-56.0,38.0,35145517.0,3995326,AP-AULA03-01,Student
25ddf63f0f67e892d310709724e3607d11429999df5a09cff1bbfdc2b55c50c7,b88c656a40780d567d5090fbf4c8b5b7f66d6ad7d1e7f13df2024a1effb18fe2,studenti.polito.it,-81.0,5.0,56414047.0,6130386,AP-CIT-DET4-03,Student
8e2363ceb06f8fb31f619a92cd4798a935ea435d0ecc0b82378c4197ff8d363a,924e6258f49d4fbaeea0a6f2b9e657312a340035527c8fae27f4c699e5875875,polito.it,-67.0,27.0,293796088.0,13015534,AP-DISTR01,Staff
b525546503573c8f2e60ddaeef4851911aab55a138ae5a139d6ab8682de5f4d2,578d3791617699d82525bc3bf0cb6bf38f961833cbec7656679fe3892d6438b4,polito.it,-81.0,11.0,64220343.0,13535058,AP-LING-AULA209,Staff
a665322d3ad5fded6261975a7a4ee4159459353bb13e685e75187f76f44aa6f4,a3c9b95b3792fd35d22283cf21cc9d838b39b92dfb3d256168b40ffc3b9a7145,studenti.polito.it,-55.0,38.0,532578785.0,144722721,AP-LING-AULA300-1,Student
454c2344b420da480190a88c38209e8033b9655238347daf4f32d348c6d31725,dcbc33511638f3c0133e2a45950058d8c79f998692b4a4e194c2299d21fc11fe,studenti.polito.it,-59.0,32.0,493304193.0,91991407,AP-LING-AULA300-1,Student
838a13fe0cd84ed641b2a133aff566108af24a23cd5fdb825716a2d79674f983,e3d2e9dc9db02779f7834a18fcbf467361f8f37fb0fc5767e3186b27fd6aca8c,studenti.polito.it,-54.0,38.0,63938137.0,4842026,AP-LING-AULA300-1,Student
d285db0da3d007be715c12bc5fc51b1618b30e0fcc349d2dc1abaa67a0fe307a,e19d55c10a8b649e83f2d3722e837b6503913bd14a289dd6b888767a52f46aa3,studenti.polito.it,-59.0,33.0,37359686.0,3195610,AP-LING-AULA300-1,Student
1e1065315ffc7b2e629e6dde55d84049859408d2bad92232058cf4e41bffc194,8536664cb404df53e6f0495287b53bbb1f274d9e415607685041af4376bea122,studenti.polito.it,-57.0,36.0,180822035.0,30399349,AP-LING-AULA300-1,Student
fb5a409d23042a306af28f55f4fa703ff567d7683802b56406444768a8b60502,22e7b3fc90890b036b05d169fb15c11b0b08dbf4597fd86ac6a8ab26b8782ad4,studenti.polito.it,-54.0,35.0,1151173567.0,157014437,AP-LING-AULA300-1,Student
f5234a3a8b0b0b9809f7038c376e44ae16b7e743856e38690202dd4c1619fdec,258844385b93557995d5b446f35539b6b0345c5e63758341754365bbbabcc587,studenti.polito.it,-50.0,43.0,13061429.0,1352828,AP-LING-AULA300-2,Student
ed6b86ba51b22ebeb761d4ccb3bf56ce4ce62002cd1a9a04952d6f9303653029,8081aacd95219a2cfa7d6ca37f40981add597ac2dd1f383ff5f4b602b9776149,studenti.polito.it,-56.0,36.0,203055480.0,55731301,AP-LING-AULA300-2,Student
c3b52920dbf2dd2aa8b78faa1b945fe73a2d2f48c34ab13bafe58aba0b2206bc,03579fe1a50e343ad30481c1dc0f90650eca8d8417b54e048be25342de82623a,studenti.polito.it,-59.0,33.0,18854.0,20313,AP-LING-AULA300-2,Student
359f3d7087b53dfa58a3f6b4996680d10a852c7e1413a827f0a39a04c394ec86,f5287c21269b60d78e42345d2b4793e951fd233e8d6c71a578e8651c3b70708e,studenti.polito.it,-53.0,38.0,23947897.0,2868747,AP-LING-AULA300-1,Student
5351af401c7973be81fa10b804c6cfdc4ecd788cb4b65ad7afcf0d3fd5c2adf6,4a148c4a2a33fedc68a311030f649c791df87d2c89fcefe5f436b2a0f0ddbf0f,studenti.polito.it,-50.0,36.0,128703396.0,17061191,AP-LING-AULA300-2,Student
ccc9861e488bcefbe752034e160330cd54cc3e7c639bde0f4620c908b0333694,2e4597dc2c867064877f91ae35e7c338c733c97bedff1347e06adda3a3f01e0f,studenti.polito.it,-42.0,48.0,1371109947.0,110624491,AP-LING-AULA300-1,Student
665ec84494894b3ad2d7a89afcacf901a0218f30f102eef22f4bb1d97644b7cf,bf0cefd5f91d45ad92df52d556214f183702ca07a2789a5f60bf4fe1b52e5535,studenti.polito.it,-55.0,36.0,59071650.0,4753007,AP-LING-AULA300-1,Student
e37af3b7a560575ad40275b9e557cfce1f34088871192132d6cedccbebb6b16d,355cf6159c232a8127e158156b476182e0e9093565ed94293f17419fea35a0ac,studenti.polito.it,-52.0,38.0,703444542.0,33562849,AP-LING-AULA300-1,Student
d96b68ed739004d20b7a27a1ec3cc920a38ee7094c76afd20dc1e2f72a7d9c67,9bd911b7d05f317ed1e959c698cd410fd586b9cf791fb7b5d791430e208c6252,studenti.polito.it,-41.0,52.0,110171211.0,9634085,AP-LING-AULA300-1,Student
bcd41d220e5e92dbb73e68342c477108e6ddc48947183aed6c71d86e92721681,58379ce40afc2aa667314424ef3c034ede58774a12bb296974b1425477360faa,studenti.polito.it,-54.0,37.0,70055918.0,7009158,AP-LING-AULA300-1,Student
799d151e153309922409fea12e459722ace22367d38a055a0ed6a315ebd75882,d6da70d4f2d398a8a21c1e74e34e89c29e443e6762c330786d5e4396dc816e0c,studenti.polito.it,-67.0,25.0,1571177.0,1055797,AP-DITAG02,Student
18f69bf880dc962893221028268f162f5050b88c2bd942c0f4a0ca2a3f52b48a,ba343c2b6a3621649d5ae170ef467a88b6ba95fd561a0e404f7226eac4cd945f,polito.it,-78.0,13.0,0.0,0,AP-AULA1T-02,Staff
b6d9d6035c8f4364a15a4fb96343d449e14012470b6d705b5e905a75d816a212,ec870c85aa15cf8458e78c143f7bdbe1a6593b5abcf8f3b17bd9ee5e297c3f22,polito.it,-56.0,36.0,210849714.0,190107499,AP-LING-AULA301-1,Staff
f4965de4c6b28eb9b9ef6663be409180f2f600754a6e7698736f1f15f5c5e7bf,56f05c3ccd9378d8dcce24ff9aea9d18ddd33374fa6dfb915ababf567b8ebbf3,studenti.polito.it,-36.0,59.0,94727200.0,22051192,AP-VALE-AULA4V,Student
f32ee1b9a369ec4e74c0861f0795010828019f33c0af3646062887f1ba1b91dc,7254d3b9a5ccad7fe58ba7dbd877fada3dfc05f50bf61845cd3318374d4d7057,studenti.polito.it,-62.0,32.0,365086.0,360461,AP-AULA2T-03,Student
081bcedab865e8ad21c88cd5d161f9d4ecff08f027c2f0610085594c6008718f,483c0ce081767a7c613109ccea18375b0daa18b659b7e74c4bbe5bf6be32f78a,studenti.polito.it,-55.0,34.0,17071717.0,2603894,AP-AULA05-02,Student
dcd09bf622f92553a37fbc56939b719ac1999b607e69a2257cc7f38bc8617591,5ef4968ddbdcbc987f0eba4ec7f04c0cad26cb4df98a2010e20bbd264754b4eb,polito.it,-68.0,26.0,341682138.0,21798537,AP-CIT-DET4-03,Staff
85562d5792d7ebd7e9cfb63a4fa3f7848b066408a26a8f554aa990bc4cba3265,67ff5d86d0575852dc99a4e728c06fb93d44edaff2dcb028d2341cd0a95add88,studenti.polito.it,-56.0,40.0,459584.0,283376,AP-BCI-ST-09,Student
c73aec813d2e125679a48019ea1c930f65149e729bbe5f9a93ea641b78312a5e,d4524f6a85c02a5862f2bdbb95f3a5d519ed0ac52cf2e63acbd9057f03551f10,studenti.polito.it,-55.0,38.0,4714233.0,866100,AP-INGCINEMA-01,Student
ca2b11058c99d94d1c3daea218806e04a0a85952af5d9e06088060704324ac71,5914528d56c003b008aae3c441dbd92f343c1514978a5eca46bf49ce8b4ed9ba,polito.it,-64.0,29.0,141107788.0,19809105,AP-DIATI-1W-XP01-02,Staff
af7e01d6d3e875a9e74b4ce28893d0c3469d3c77565caf5c319885ee82d83208,21ec8a788ef4ad80edbd348f2ff481408b6ca99f7366da40b9888f47672ce814,polito.it,-75.0,18.0,689086980.0,356339715,AP-DELEN06,Staff
05bef2d9cb35d61e99d83962f3015b6db6b8a62a2f2699e2666afaced791566b,45c2dfe468fd90b7f03654d31196c5a8989bb4d908edd87ded584e1432051245,studenti.polito.it,-60.0,36.0,29799756.0,9842126,AP-AULA2C-02,Student
6b68392ec13af17d72a505e0b0b3f49f15f5aa0bea5b9d6cefdd58d9267a3d9e,0bebe21202791eea5d3ae93f50f5c3f205d9643e67d053fda12e53d8c93371b3,polito.it,-63.0,29.0,1822478813.0,96730380,AP-DISPEA06,Staff
c49f5ff4e6f59df4ed637dc68cc2bc4ea7c2e1dd85b6ec6b1fccb50fcb4e8855,,,,17.0,6675.0,0,AP-ALESSANDRIA01,Unknown
7cb025f47d0425268959c594a791fd6d2c9cfd4a413d00094a89c6ef8eae23f1,92a5000ff774905a0c05eed801c473ff4ca6aad1574bd1c1dd1ea5621d4ec73a,polito.it,-70.0,21.0,518136017.0,229333327,AP-DISET-1E-03,Staff
994f0fa6ef653e1a4410816bb89e4eb13f3b3056710274bee8d0f50b9aced56f,3f47327a4e6d919a3c5da6819bed4774dd036e7f4465c465d89bb90c7703633f,studenti.polito.it,-78.0,12.0,5479439351.0,290545934,AP-DET2-2H-2P-ACQUARIO,Student
fd1aac240cb8cfc4d05a9e6ab180f80f2f92c5ae12ad807230f235a463b5f673,c3c743e2be97f8a67c086a61086d7efe1909f2d7120916b33709c724ae16a32f,polito.it,-64.0,28.0,70025558.0,11107900,AP-AULA5M-02,Staff
c219be87a106f5fa870b6806bf979d8c87ea0f56d4947e86c952d6668bcba08a,9afd01ac15ca592632a621c6b539c4e6a08c0aa3617dabdd0240ab2141307c37,polito.it,-71.0,18.0,90307261.0,9036067,AP-DIATI0-01,Staff
b574a3f1380747b3893ce46b5330b718778fbe2a0f7bc6ffc9ad665da94fb17c,10903e1609f7e2f073e428b4685ca248aaf1e43a0a6bc1330b4a0b639e09b5a4,studenti.polito.it,-68.0,24.0,305062388.0,16821125,AP-CIT-DET2-03,Student
1719882ae2773f0c395f061e46ae5056d141e8bc728acad192a006775402a151,1bd775b24d015d4b04ec00dc47f6f56891707541907c0e1107c00930f56d9cf6,studenti.polito.it,-48.0,47.0,12548645.0,2842940,AP-AULA27-05-OFF,Student
1610357da54acc0a93fb07ec912015f3827e8ea3a54c0fccab0d43634beec38e,1763153783f5620c02e3f5ece2084d78a8df10b5ad5f26afb1fff6227ac85006,polito.it,-62.0,30.0,30691123.0,4783297,AP-AULA1I-02,Staff
263df1c2fcd64dc0e6d9adb8545fb58fc8c0fc9f821c31c034c0a84c21e684fc,bf71492158dfcb22b5fcacad7d476891c0ca542927bbd9378506c124390ef47b,studenti.polito.it,-51.0,37.0,294065978.0,25249402,AP-VALE-AULA8V-01,Student
e649aa213451189e59ecfa7d418777e08859ddf6c8e8a2d2db2183713b93b530,8f41358b9b7e48a4478967c039771074cb88c2b60f51b3a5376e162f66faf30f,studenti.polito.it,-37.0,52.0,5436169.0,0,AP-VALE-MOLLINO-01,Student
e3fb68436597c6e451128eed9273ae54abbc1e11f8d4ffcd6c6fad522110d752,0ade1810aa42146f2bc3d5febd0fb251057c2dd63591befc355a23af664faa44,polito.it,-76.0,15.0,48721117.0,9525525,AP-DISTR07,Staff
0798f7a4b2caa73b36497aef061486cccfd5c337b0e1831286ebeff4ac75c0c4,f039fa0f21dedb38372e964cb5e491ffaabd27077bc79432524c136b4c0e4254,polito.it,-82.0,10.0,4948417.0,268545,AP-DIFIS03,Staff
9454063914e8a1b369f2cff908afd453eba5789318070933ab937d5df4bc8ced,647f0f028152759ee11e9e83f4de9338fdf1354a134493c58638dc831938cbb0,polito.it,-62.0,32.0,13880091.0,1893931,AP-DISMIC09,Staff
40519489fafc019a4eae83445945db4a58d40ac30f34bd4bba0d60b6842357ee,bfb575d4d76abf9658d88a3f07fe5cda9ec2d1f067f141b8279626cce6a1e278,polito.it,-67.0,23.0,796370782.0,141075253,AP-DIFIS05,Staff
8f99c4e6f5f7c557451244b6cdfd1384621d0cd9867c6fe8ce9dae3e8e982f33,2e76114d41bd9cf225327efbb03a833087d4b1665c25e8923244ff615f30a1b1,studenti.polito.it,-50.0,42.0,135307166.0,5153301,AP-AULA23-TM-01,Student
14ba8543600e2f84559c0c37da1bfc018a2232c755527bf4413861b4ecc5d8b3,fc237e2ed05508c410133008f251acab3fca4a068a892602b67811a0ce7d4c7e,studenti.polito.it,-46.0,48.0,108170828.0,20396383,AP-AULAR2-01,Student
55d677358a44fbe14c777d827a4ef94ea8bf9a84480e31da165055a12b3fd633,3aab2d80caeee797791ba01839079d5374fc7454bc091d3e0b972704a1d97c94,studenti.polito.it,-75.0,19.0,265161660.0,13773104,AP-DENER03,Student
c332aea246eeb91b900114c6657f5f13a022e8f6542a8b0f75d09d548f760a59,6dc889f2fc3fe6fdc2855360de1129792f6bf3f43004d947be71c8edfa9498de,studenti.polito.it,-43.0,46.0,106240064.0,23171469,AP-VALE-BCA-ST-01,Student
4ea15725667cce5d9458ba467f9e47b66987d9bd5e7bb7e2eccf79dcc2cb5f84,19244d7f55742c6e0d39676ff88e7ddc6c38c12beef8143d200d10b08594f120,studenti.polito.it,-61.0,35.0,50499839.0,3511918,AP-LING-AULA208,Student
744c66cece72b75a86bfb498b94304f2ced1d0a6da95e4215da57641d528eeb4,55bda89a77d1f7e9004ebd6917e003f12eedc7a39c7d14292d625df4ee7d94e3,studenti.polito.it,-55.0,37.0,252534213.0,17555127,AP-VALE-BCA-ST-02,Student
7ff7391f75b1929b78cbb314dd10b84109c346d8fb58d8f7ba04fe87bb681839,8e34536992031a9cfe78569d6c7fc0c50d2741d9edc01a72336924cbbd34793e,studenti.polito.it,-65.0,27.0,2397003.0,805226,AP-CIT-DET2-01,Student
84082b682a8ce8375c2166dc820d8c4f2bb405b3849d808a6163201977df1979,9666212d3d46099f8a02f94b408163f6d68d2b47c53618f2fb8415bbc062df90,studenti.polito.it,-53.0,39.0,39614567.0,3802492,AP-LING-AULA207,Student
20fee1d2b522c7a104f07af8ecf927270bfaf2044ba09c6f352cd76363975613,c4701895cec024a55eea633bb162f752d8c6c8ab62c3def48bd856093986c7b6,studenti.polito.it,-47.0,48.0,274852997.0,22633671,AP-AULA03-03,Student
f1586efaf06b5050ada7719758a9288bf92bd169a30fd8cf24d9223e4082146c,da4d12a5b3f0b6ae78ab4e01ed28455da2895287bb4dd5afba39717dd99e981c,studenti.polito.it,-66.0,26.0,1636304.0,380319,AP-SETTE-AULA07AM,Student
261540cdc77f54ae5a40dd3ac3ca3f8af7b6b31595d4e672411f190a92deae15,a617f9a880e6db7ef759a56609c9c51d372f6ec97bfa0356008748bf4b5be9db,studenti.polito.it,-59.0,35.0,78308557.0,8196084,AP-AULA01-03,Student
33f8b9d1bbbda9b6e8e0960b1de8ff634c335e737cf18ecbe02cd7fbddf6c9f2,c2d9688ffde44a01b347c3d47bbc7af2747007e30c81a77dc7ea74774725b97d,universite-paris-saclay.fr,-51.0,42.0,575830530.0,37156799,AP-DICHI-3O-P3-01,External
e40699f68e3294746a46502d70c90b3bce359234c7a6113e994d1cf958e5609d,dd74c46b7b9d1273cc105be2d974cd0c911e0c0d1ec3e53f71d4cc27d2cbc5ea,studenti.polito.it,-51.0,40.0,34683649.0,1109467,AP-VALE-BCA-ST-02,Student
d8daf920b506285d3fcc231adacb25ed6e71b25f2a0b640c546f4fca30baae9d,6a59fb6dd030c607b85b8191cff960d3afd6c1c6266e999bc4b41b9872dfecbc,polito.it,-48.0,49.0,1045046854.0,14608920,AP-BCI-07,Staff
7ddbf08ede60d8c16808293417bc860141eee6c64560fef110a01db6f33ae41c,,,,21.0,0.0,0,AP-VALE-AULA4V,Unknown
b78a64d9329f7227aa470b8fa476d21d45f5eb833484b41633ac2b82f96b3cb0,809f006d5c891c82de875a863478a254d1a240e70c5b5424e61e0d515ea47183,studenti.polito.it,-54.0,43.0,66577452.0,7351489,AP-AULA08-02,Student
b0f587945cf020f3c9bad981a4ca8d754c107613b9fdbb7e373a97f5048cb4f3,2e31efb57c54dfbeef8f1094952c64b5a8ffda73d5de20e842f9c6bebba8985b,studenti.polito.it,-69.0,24.0,128802389.0,9151698,AP-AULA2I-01,Student
4944458f16bded6528d398a87f0a3cccb698ddc5dac5dccd3267345006f498c9,da5e8cc6003769ac9b0ee9421e077f5e833bc9e558440d0ce27255ab994c43fa,studenti.polito.it,-70.0,23.0,127852911.0,13202821,AP-CORTILE-02,Student
540e5daca1f87641f9a42d4b09886565906e2feffd344d14fa1b8b7494ed1920,7f3a2aa276c0073c049c5539db684dfbc6c33cad128772c8f07dc4b66d89ee8b,studenti.polito.it,-56.0,41.0,33056.0,14768,AP-AULA16-03,Student
9357cfe675f95135ae4fc4161ef79abea3e1864b40ab2b8652c79056e5f4bff2,6ad337801a103f10e274750618655cb7853bd04a2cc89ad4ea8105ad3b1fd8e5,studenti.polito.it,-52.0,40.0,45658096.0,22660051,AP-VALE-BCA-02,Student
a69c078480c09b6d4a04462ee20ab5927d6bf0dfb38ba29b34b5fbc9c0d33165,26af34640db2f4e4b0340d16e0b4e04193e05e03ff9ec81836bb0e7b86a323a6,studenti.polito.it,-50.0,43.0,814841099.0,7959299,AP-AULA2-03,Student
eecd1d85df5dea5c393e9abc3d680fb2693168210bdb1fcad7227b216afbaad6,9360e60113fac6426cb3964420d162dfa94fbfdfe6acd3393f6cd18311b75979,studenti.polito.it,-56.0,37.0,5183661.0,570646,AP-AULASTUDIOR1-01,Student
377f4ea1d327cddd211e0f4205a9a3ce7312f1e89d3420c1304e9c4a461d10ea,c4206907bb64ebbae407f2704ad7364b19083a81d2e6fce1d63ae7fd5d14f5f5,polito.it,-55.0,37.0,2003152.0,1419429,AP-AULA8N-01,Staff
ed73a69a3e2ccf4080797811ea3c7acc231229d3785a1df90a7990a364b05927,15bab8ea07dfda066089486e2e7c098cde775eeb61aa448461c628b7730ae7bb,studenti.polito.it,-45.0,46.0,39057794.0,2973941,AP-TRIN-02,Student
a12e6eceb6c5da112c31c186b924fbaa64894b95db953b162a7ce4ce1dbf33cd,,,,24.0,0.0,0,AP-CORTILE-02,Unknown
87145d4b3762cb9ef1733b6803c98ebf26273d658a56497613c4ba4e3bcb5504,afd76c78b0b0beb9502179fa462fef72cdb7062b22a512944b1a9c78ca347902,studenti.polito.it,-51.0,44.0,33766668.0,3735828,AP-AULA11-13,Student
c8aaaa6692d6e82d6ab928d41fbfb9ac02546c7fea459ce9f88abe5ee52a878d,ed6357a058db9a522701971a26fa030c85294bfa1e64c52453c381b941fe03ef,studenti.polito.it,-53.0,39.0,19670167.0,1333413,AP-AULASTUDIOR1-02,Student
f8e7d31163f13739115d2293274f16c76f474fff29ef793944cecf6a9cacecdc,7dcf3497929cff49086591b05f5277d9c65fb4b38599a44530df2b26fbbaf9e9,studenti.polito.it,-58.0,38.0,27859617.0,20188730,AP-BCI-TZ-03,Student
6501f8a4fb679b1a2f973fd170c1cba5c451dbf9ac335ad6afd82924470bfe04,821e16104532136f13d8ba55f4c3fd872f565386963c98c5cf5118f2bfc714de,studenti.polito.it,-55.0,38.0,1424542.0,505179,AP-AULA5D-01,Student
7a206403a7895685e411caa833f110693526ae5208b6c257b24fea80c1c1b6a1,2ff7a538e06d74c7b21250c79e18eb81ba9120ecc56c72b1765bdc1303bd7e33,studenti.polito.it,-56.0,36.0,60034401.0,2788356,AP-AULA2I-02,Student
63f881b585fed33461447b8d32e51693f48d41236773ce213cfbc8a287187ae7,14d7b84fdf36859f3153817a1e3073f4df73b56d35a04f4c83c6a0c529a5f44e,polito.it,-61.0,29.0,975049989.0,17984711,AP-AULA7N-01,Staff
3949171d972e4d7a84b8c5f8dcc614bd166407d2e6e794d9a8418321a8ad1782,e8167f7432e05a255d5d753e6b6bf43d0b0c51fcc680a6a66280a1365153baf7,polito.it,-68.0,21.0,68849901.0,7046847,AP-CIT-DAUIN2-02,Staff
a307d58c6d9634cd1a20fdfd5b54d9d1eb65a027670bcc4beb2b8d191b912e7d,ef70fba1ccc31022cfa84f65d6c05f32397ec12fc1b7e8c4616c9f155f3b666e,studenti.polito.it,-60.0,37.0,56962769.0,7087773,AP-BCI-07,Student
ebb3a23ab587764686e1a11d7235d44cf50d4693bd164b73496f9fe655d960fb,37b38ce5a861a139156953a887a873395e7f01454ddfb39236728e0b10e84ae5,studenti.polito.it,-41.0,53.0,14766093.0,2698347,AP-BIBLIOMAT-01,Student
4d269155e14855436aa31e5ad5d5796cbdb60c8238202dfcc7833df6b72b4ee9,25b1e2a20a47a66c6c387f5862cbee20893d95b121912ee2a33ed6c60ae6360e,studenti.polito.it,-70.0,24.0,107990.0,175141,AP-VALE-MOLLINO-02,Student
cd5fe7382a25ff7a518d789d018691de300c411805471d829a52657b9e8205ed,84932365fa42df3c8898ee25c365257d8a40b859420a0bbe7c21f95f4fb77e4c,studenti.polito.it,-88.0,7.0,46285273.0,4379402,AP-RETTORATO-RETTORE,Student
97e6e72c9b276fd88c909c401b4ac3468a92490919c6d15427f4f855970c636d,006eab4a60a30a10a5e0fd32e9727fe54ca2a475921b88d0bca46d2c41edac2b,studenti.polito.it,-58.0,38.0,146058319.0,5441867,AP-AULA4-03,Student
6a16802d8cd0dd3657b19a430c9f01a0335ec4528bc253ea90f3715687b99b50,27da92460cee04366344efa545320ede2655d8a3f5dab0360e87ffafcfa8e846,polito.it,-68.0,24.0,3389772.0,1662885,AP-DISPEA04,Staff
1745e50264b5c455262f60133330b9292742e76bb49055c518a3624c021aea42,05dfb25f4e491d25d7cc3017a33868492ef2679cd3051def6dad9033eec00303,studenti.polito.it,-61.0,32.0,32734965.0,5520622,AP-VALE-BCA-ST-01,Student
ac62f46c102b9a0ae2dfbc85f00d3df68ff21710e493999f5982f82c957c2901,1c856670c2f1f7fbefc242f27829454ab94c13f2f9c1e4629196dabd20c9a196,studenti.polito.it,-64.0,26.0,10955429.0,925815,AP-FRONTE-AULA12,Student
64ff030a05947b156aca317d3394ab31596dcf3bd7df1f6bf4f82029e566e9a8,27ac27b24f79507180b61d94a72876c4effa8719474d892668b015ebf927090f,studenti.polito.it,-53.0,45.0,25492995.0,3370158,AP-AULA08-02,Student
abf94ab690fb4d6c541cb4b0130787cc8d33711274acdb9061f4534ad66a07ce,,,,23.0,0.0,0,AP-INTE03,Unknown
e066a59a1374a7125c7e9310ff97d6093bdbdc231679c3bd4512d1a3da12d14a,a75c7485a5a3bbd98ba34ace48fe3c1c630322e4e4e85d74a060a94e0dfdd5fd,studenti.polito.it,-62.0,32.0,5514211.0,37395098,AP-AULA4I-01,Student
22e037b4f884903a1c1fb885be425832f0617789bca7d46e30c0a0c6fba01f49,96e081c29d7ebc649c706cb8dff653d3c1e4f58ccea3ce3da91908f324bb82ff,studenti.polito.it,-56.0,29.0,95198969.0,4104951,AP-LING-AULA208,Student
77e3c6e6f4c796532c745a4366526539d02419a5c6609a4d370867ee62248de5,586e440fbed4b31bf884c0531e0011b0a3bacf14473db63870f8087e4b745f98,studenti.polito.it,-51.0,41.0,14602790.0,1390006,AP-AULA12-01,Student
b436a7f4644932a61d9af3cb833280559ca5a2d35e07e2b4b908ba3fe1e17c55,7e509bd190cef2f0aeeddd208920729868d72fe8cd1a4769aadea37b7170e959,studenti.unipd.it,-64.0,23.0,3245127.0,1975756,AP-LAIB5D-01,External
e52190b5f75857fb5f2345bb50ae1b350f365993c86ae90654b58da5fc4bc3ac,5533428cf9c4e2e50c7992878c26d3a92b60738382efb7d171d247a541fc963e,studenti.polito.it,-68.0,28.0,2392275.0,3719940,AP-AULA8C-03,Student
5715a5d118275917410330d882e0769ea077956961bd939103e9a21e150bc57b,6f1e392cfca8fdf8e3ea936c42c5a63dc0953d2aff2c5f6e7d457929c3eb1387,studenti.polito.it,-62.0,32.0,7166719.0,12110211,AP-EXREALEMUTUA-R2A-P0,Student
c51bd379630e7b9281ebc4cb58a866b987721f817f46b64e9cfe55f4a697a11f,9139684dac5766334cc87f4bee7e4e248e3fb1ae8d5f243b7f69c4a71ab61aca,polito.it,-73.0,17.0,79978682.0,10376942,AP-DISET-1E-03,Staff
43c5f7f88fd68b5a8ce11e5317f68e01e3cc3e217285cf0459a40e9908f6684c,50f017b0adad572ac91e14c9c37cea14fba20e56a7559ac95e64aabf356d0760,studenti.polito.it,-53.0,41.0,674469.0,189494,AP-AULA1M-01,Student
bf0ca19bbc8a4c82a1ea0303d6fe64613607b521f64cfbe930df3bb6a7a9ae74,bf74b7ae7ffd6c4922c37983d54c22f54e9cd4eae8ca5308c052413fad04a4d7,studenti.polito.it,-51.0,42.0,1194651.0,633728,AP-VALE-AULA6V-02,Student
075185f87a643ba7fed5bc557971d6e2be00e16d1ba941f332c8fb692031fd2b,84e519ef762379d16dd781e480893cb02d2aa6bda9f5f51e68dcae30f081d456,studenti.polito.it,-65.0,28.0,402686.0,227602,AP-LAIB3D-01,Student
5d5b3b2f9e1930efe80d1bb196eaf3d53002820c436e454ad97a32a15ebafebb,e35a0cbbd1619a18dc9df0fe5d7d7501994c6c7f919f2fb38863f3dfb02be425,studenti.polito.it,-49.0,44.0,168652131.0,6277423,AP-AULA27B-02,Student
6bc0a572973b794c4e1007615942f60221e754911698641262fdbdb288bb4d7c,d4f5037bbbaf6244542e3758f40f5949bb74df3ba5c454222bf1bbcc208ee4f8,studenti.polito.it,-59.0,36.0,119941341.0,4164175,AP-AULAR4-04,Student
87efbbe782e338009d41db7eb66d81aaa4c00a546257b52ea868970051804b76,ccf44eec2e2ffa68d1f261212884dd5c9cd51bbde022dc12919414656579a18f,studenti.polito.it,-42.0,54.0,9757794.0,52583394,AP-AULA08-03,Student
42fc82cb46ff78ad35aa0e3fceeb63786a2d3155bf96156ef74ba12720676498,923246e6536094577fbf5eb12bfcd5f5fa363b327029c2b9dd49ea3d066b0514,studenti.polito.it,-52.0,40.0,826179.0,516405,AP-AULA03-04,Student
e95c1dae1377d601e1b995e428354baf1cdff4fdc0757bf442c64d5b2d5a92ee,0d2a09ba909b077cb39e931d09df4dc38e3bb16abcb331fc8b322dbbe669afd0,studenti.polito.it,-71.0,17.0,2605236.0,288102,AP-DIMEC16,Student
3a50cc520517151398198f861d93fae11e234d85643503d0b033104388845dc5,90a1569c8a1c3e09370c4716d59fa70168b49413b869ddef90e99fe663683b22,studenti.polito.it,-55.0,38.0,125091709.0,8891362,AP-SETTE-SALASTUDIOA,Student
ff604735201b6cb63c52bbbb44e48275a973fb97dff70ea12a7807ebbefe0f7d,d4f5037bbbaf6244542e3758f40f5949bb74df3ba5c454222bf1bbcc208ee4f8,studenti.polito.it,-53.0,31.0,614190943.0,25094461,AP-AULAR4-01,Student
8d9d16cfb4283cd7dd723e232df866e5ad0952037a64376c3ab42e59ac021d17,2d03d9999a1cf1257b07cf3c3e1eb80a03d66f99702f903c178fe3fa7842c4c8,studenti.polito.it,-54.0,38.0,3366307.0,639555,AP-SALASTUDIO4-02,Student
4428afb4c5cd09a4f29440e71d80676b5079bcf371908a1c9f556f0da78cae38,2544820d1ec7f64880710db257b275a265412d968697aed12638b9c91e99127b,studenti.polito.it,-53.0,43.0,13533320.0,2681712,AP-AULA01-03,Student
aa3cf9ffc012f6caaf251d7452ca97260b4f2e06dbb21107ca6bb94fb5df4925,933a97b597f1ddcf0cfc46ee6c95a08083934ce15c53daa8921f4e4a6434aed2,studenti.polito.it,-91.0,3.0,16014703.0,6711690,AP-AULA23-TM-01,Student
8ee24596553dd48be3c77abc7ded402564ac65740f4e3a105ac477884c445839,5b58489e8c145ffca2b1c700604d297ea1211aa0d65769b3e4108eba8126747a,studenti.polito.it,-67.0,23.0,842728.0,414891,AP-CIT-DET2-01,Student
347b4da1b87aa8f9f66d0f711c115aaf8e7d5e7f772e294e76245f4182765087,3d31eb690985de60c65420b982edf287abe998db9c229ba44519b44cccba5093,polito.it,-55.0,28.0,227394738.0,13080974,AP-CALOS-02,Staff
54e93e853e9b1d9d711a1becc3304dc21d82386f3c9f74de450f3fa038c6c65b,debe4adf2e0fe14eb2bddb3a90ff41f7d68388d1b6082e1ecebd741a75b3f60b,studenti.polito.it,-52.0,44.0,178505436.0,10603583,AP-AULA08-04,Student
a24016e19b7117f61ed67d8060332f3500fa4fbf36d9b2ce5cc659cbade90709,20025c76ff854922e5b85a495dd40ed528a2ab057d8807345dfe74750f1f7a0b,polito.it,-52.0,40.0,378955.0,88517,AP-AMM-1N-XP01-01,Staff
10affb4ef9da89ea573ac20b1038df22db0231e3e95206cd03de81a3120e57b0,,,,24.0,9382.0,429,AP-ALESSANDRIA06,Unknown
2add33d0fc3fc5fbf7af613d54c63481c57045e8e8916a87b410c75097d92323,32c02e05ab5c43337164c9bf16841ef1adb3f754c29092d161b087a18e073a41,studenti.polito.it,-66.0,29.0,1088074.0,390556,AP-MIND4LAB-SN-XS01-02,Student
9095777b42e5ac9e794f317cc5a514e482ef05ad587b31053b2041488fb7065f,a668f010e922a7be070276e829c3596201f1c53ce6f743fd0fe1919419487991,studenti.polito.it,-58.0,38.0,269345.0,229002,AP-CIT-DET2-01,Student
18fdb942798320e4b3caa228377d505bb16f291037734523efa9fd11e88e9b46,43b67fc0084091e27637b2c35990981b5a48c3ca60e9d108ef912e26933010d9,polito.it,-58.0,32.0,458663158.0,77157388,AP-VALE-DIST-07,Staff
f5453980cc76f1b54f9c260c5208cd8fd890fdfccb6092a26d9c3ad16a9f673f,466465526a2c344a006f5b389a70cc8e17333b3dceaa50240c81fff872b7ff56,studenti.polito.it,-66.0,26.0,312560.0,239462,AP-CIT-DET2-01,Student
bfac60c52b9016e8665f8640d22c581ebd06e7a61b0662e508ecb90fab13708e,f0ec23261699d1f4358b021d409e7659c7b717592f2388709ed7b002a9b602d0,polito.it,-82.0,17.0,3211806.0,600990,AP-VALE-MOLLINO-02,Staff
2912f9920a7f83ac863fd8c1540fb3af48bdf28dd714ebc24d4e3237e889b851,2d2e34972b0ae72f5aed60734beb05bbc56cd4f3bc36d4603707ad0cabed9349,polito.it,-62.0,31.0,26390864.0,1401063,AP-DISTR01,Staff
a94c08f73bcb68d76eda640dcb90dbd46ea91229ef8ad978eab60c844f50d501,dd66c7e72ac15c3249858af1d2a56ac628a6b46d6ae191ddb14e809e690c7e04,polito.it,-60.0,34.0,11418822.0,3131363,AP-GESD03-02,Staff
09a058c0a515ec5d3a0ce62a69bc9c0ac02136c96d6538efb77da43db9f8816c,fe1dda5ea92ed5fe683a33bf9a2fa04278ab38baac23e451ce076a2e7a511f84,edu.unito.it,-51.0,42.0,94289039.0,6171454,AP-INGCINEMA-02,External
5eca971b6b3f69491437c666210764442c1e897e63ecd0a3027da52ffc57b071,6fd9cac508f9fe24d077f69dc37a0bebdb6e346ee20b806fbd31c018dd3e964b,studenti.polito.it,-45.0,50.0,36646675.0,153949936,AP-AULA4-03,Student
7139c8a39581a5eb8caaa351a4b825213ef4ed7e83af1a9bbcebc8b007e53180,ec8529e9e3b813284c112f467b928bcdaadec40a34cbe8271272e42e9b9ec3fa,studenti.polito.it,-65.0,25.0,12722235.0,1706502,AP-AULA7S-01,Student
981468c10a2de052079915416477cc51bd3024b416a6f6ef21f20b2651c05022,0cdc8faf11230fd817dd8cc9e449ee44b0e396fffd67c7daad529cada41df294,studenti.polito.it,-57.0,34.0,248612444.0,10802252,AP-BOGGIO-SALASTUDIO-0,Student
ced89896ed9136aa83ca6d1b1b3808149b2a4aa3c60a507d5669dedc32f25093,22ae34c2d7be39cba79d38ac3982961cb9635854d53c2f1e853c1e91415dcad7,studenti.polito.it,-61.0,32.0,10810854.0,1474644,AP-AULA9I-01,Student
2ac104b4bc826f3da0a349423a3c8237e58ebd041a1e0caaa23b2e50fbcee5f8,39e36270d766b990a07ee0b0a336a204219babe68bddeb7cb7ccbad708dcc216,polito.it,-57.0,36.0,62663902.0,15750031,AP-DICHI-3O-P3-04,Staff
c935d2bef8556d70188921fe12d7b9e854375ed6fb29bc3009dd9c644b4bbbf2,e209965b5d6da4ed6838df32d32f632a4ade835151b548368704e23a2db9c7ad,studenti.polito.it,-66.0,23.0,2271909.0,1453295,AP-AULA6I-01,Student
e90eb2e6e57a36fa6046c20dd0d8f292af6407c3ffd0cf1ad1436185a789a2a9,9e3a4216c4acd8a43fd154f8bb87505a592fabf9a541fe5a76dbdfd957ac2e47,studenti.polito.it,-76.0,13.0,24328291.0,1193127,AP-AULA25-TM-01,Student
4bc58b927a71d36823a630525d455d281f3d31881661e9659200e2e8c399dbce,06c8e2fb1d610be65fd0274700187398a78550399953dce097e40e84319c4574,polito.it,-57.0,27.0,55810212.0,8619923,AP-DENER09,Staff
cbd5c39177b2f13ef6f039bb7c91950f10db47ce654d946db4db7c6e75083ce1,,,,38.0,6845.0,872,AP-DITAG01,Unknown
4569993955c90da956694fffdc5e9abe1eeca354fb032adbc526d5dba8f72409,acc556e715f5e67195f6a6a2fff5a702db94c26f454cea6aefc43add66b36d21,studenti.polito.it,-53.0,36.0,458164.0,638586,AP-DICHI-3O-P3-01,Student
427fd801286c14aeae830f4fb621ab179fc56490831916c0fed7de902651f047,351f4a90566b6c367121e79950ec4d2be57b6240033d360945d66dded3520a48,studenti.polito.it,-66.0,24.0,24296410.0,1881418,AP-AULASTUDIO3-3,Student
c2f20668caeaa96625cde1f89c4d698e26b226ee58a131f9953839557475c114,cad4d00dcf90980fdee8c4625fba7a93cf5e857c7aade42a117feaf98b0ea463,studenti.polito.it,-72.0,25.0,23263432.0,4419124,AP-LIFE-03,Student
28ae5b7d2e8f87b91bc78f0aecf49f92dc71aaf205da461adecd8354b609c31d,7a59b08f7e249c2be5c8e3596801b77aa7c6eee1ace5ccc99eb64e945abd3245,studenti.polito.it,-59.0,33.0,433308092.0,14952327,AP-AULA4C-01,Student
c9d771b46328552a674b7e4ca4288daf7679a0d5b10e862691fa3a749a9f7385,ab91a6f42424131232fbc486e7c553482772e6f60ae08b8d15e5115e42cefafa,studenti.polito.it,-68.0,27.0,9551445.0,949059,AP-AULA10,Student
13e46057c85f2d94658fe87615e161bd8672e966fa740e5c7fdf817b403b8d37,2055301a2ead3f4a31481fb4d94b51a256a47116f1a26be38d69409e11ff2f38,studenti.polito.it,-62.0,28.0,61451797.0,964010,AP-GESD2-02,Student
258f280cee3baf61f2c057d7bd09458a1d8c8cef863e4a1fec71c29bc1fcdc4a,e419c6e874021be9790a215f2a9271820370972c324e5050707ed861ffbf5a40,studenti.polito.it,-49.0,45.0,5915962.0,2273459,AP-AULAR3-04,Student
f4cccef32b11605699f50afdc59436d895b58900882f85fbbb7d976d58778504,43f15cd3c7a3eaec3a2024031259452f0c4fb7e15404adc0202cfa97a4c71471,edu.unito.it,-42.0,39.0,338587316.0,38985715,AP-SPECIAL-NEEDS-02,External
86bea2f09548d6ddf858a68dd609c2a9501c3c56b72e97b165f1bc82cc609aa2,c42362f85afc97b6fd77392c094a8201f326ad44a63b375b28fea743a3c1f8b6,studenti.polito.it,-64.0,30.0,30407500.0,17164632,AP-AULA7I-02,Student
32ef83c83b22346930bc069ff3b77e508aa44ceebedbaa99eb40b2d717ff64bc,d7a321ecf94646e00d99bcc42e0a8b2812465b2b04b986f0050125ea4a3cef38,polito.it,-76.0,17.0,598201654.0,35565978,AP-DISTR08,Staff
e97e45388b858b739b46209bcd026fa1294d155151e0a5c15d6f641c23762e9e,f004885a21f3f412abb2cfbd148aa0f8cb994cd563dddad985f76627f8cf0d2a,polito.it,-67.0,26.0,9039902.0,6260343,AP-ENERGY-EC1A-02,Staff
b1407e1cd6bc07751b7870491d863601cebe21bba0ab6a6f596851c560a636aa,7e509bd190cef2f0aeeddd208920729868d72fe8cd1a4769aadea37b7170e959,studenti.unipd.it,-61.0,31.0,34268195.0,201539213,AP-LAIB4-02,External
1a640ba78550c55a85aeaa754e84f4ec9fedc1f4d825e13b226821fed9386f66,6ad337801a103f10e274750618655cb7853bd04a2cc89ad4ea8105ad3b1fd8e5,studenti.polito.it,-48.0,45.0,1564880197.0,64519887,AP-VALE-BCA-02,Student
94e9ce15d721567a9a72e7a161ffd8615284f7b0a6102b7bbe04b9f6d7dbcf26,ac0af8b37e036b2588d8c29d75c3e5bc3c7090a2cf5c89e8dc210040baf12dce,studenti.polito.it,-48.0,48.0,34669802.0,6330189,AP-BCI-TZ-03,Student
23c8e3b7cde473f0772dbecd693cfad868cc6643bbff78430077cd677e984ced,6aa3cd09ddae8256c162f8f7059b110dbfe06c9ecd9320e2a377b80833606c11,studenti.polito.it,-52.0,40.0,61179271.0,1515793,AP-AULA10I-02,Student
567df1b516dc5f12b099a82db9484b3d124c6c3d68b0d93e850d5a3c107f03eb,13df8cb4b84a3a4f0bbe45771d5e9c7b67a7ca3c3a6f0c045e79ae054d195510,studenti.polito.it,-65.0,29.0,10208663.0,2384381,AP-AULA10,Student
8a753b437581b8d0b9c6f8f232c1a4f55cf054622bdb30ef1099d7d2ff181177,d0e4f15fcef91fe71451f4f0c4ff1d5d7f09fa84f821fc9357f5efd036bf5392,studenti.polito.it,-55.0,35.0,235081994.0,29425594,AP-SETTE-LAIB1S,Student
ca038503cecad15b1ee58996842a5801af0025877cd4bed3c293bb44e05ea352,89a93743b011b78beb45d738a8d567674ea512b0d55ec832852a8431d32adf17,studenti.polito.it,-43.0,22.0,32842106.0,1595385,AP-CIT-LABINF-01,Student
ab7ad1be21c74b504fbe778a01941f97b8f6cbff8ed8f4a3464bea48a4bb441e,49f6fdd67a51d0dfad6ea6e9534cebb03f58aa465e1f3e06bdc2c8de01b03d05,studenti.polito.it,-68.0,25.0,11898523.0,1563132,AP-DISMIC09,Student
6374b0f52296c8653a8f2cb843cef9fe44ea0d186dbe72c2393ab2d8325f99d5,261586d8da7df56a0717e2db9e510ab4a501851d501e3b30157fddb4ec6aebd4,studenti.polito.it,-57.0,33.0,15407738.0,24060604,AP-VALE-BCA-02,Student
e944feb2e599d948369bd137af6276d8aac3859fc5fc3e408cf39ade123d72b9,aa28c8719b44ae7059a90a61ad8df5b5c703306528a4c55f3f77f24fe2437899,studenti.polito.it,-70.0,29.0,1415721.0,1471806,AP-LING-AULA202,Student
c97c50d2944efed888fb930790a99eeb464d1efefa723aecf1105a47aeabcb0a,7906c44e22aa1b2eff9d604798f8d87336444021383c2b7c77ba85734db4f571,studenti.polito.it,-61.0,32.0,1021037811.0,159355630,AP-DENER06,Student
463693931f2982d738018037f031dcdc546f24226caffc6a035836c14f007511,704d17104cf1d339aa3f3b1767fac2d3a758f7f448ffdebc9bd5f98c82419bc1,studenti.polito.it,-61.0,32.0,196421960.0,32493134,AP-LING-AULA206,Student
9a3a2d73577e901c3cf41fcddb15498e4cdfd98ba4af3ba5f42c90f0286baa8e,988b1d16d9139aad3401125ef794d316ce5c0e8de17ebbfb12846278b02b0586,studenti.polito.it,-57.0,34.0,77768348.0,2008106,AP-SETTE-SALASTUDIOE,Student
64c7ba0f8632912110f0c104a8a1d9fb2d46afa4a0fb46b428a53acf857518c7,9a3556e9cdf120c313ef3dc3ce7fe8586b5d3c4d77422bdc3dfe26801db1303e,studenti.polito.it,-46.0,46.0,1955775.0,1246609,AP-GESD1-02,Student
9f2893be341278e1803e5f0902a3fd36c4088bdd3fe299222c9d6dd087e33af3,586ee8f031862e3ffd10c8e405c944cd605aab8a7f2089e13c04f12d59abaf6b,polito.it,-51.0,40.0,5127465.0,1414901,AP-DISMIC25,Staff
ad4dd59abebcbe35b9ac0ce2251834c0be16cbc35d6c518f2bb0c856e1f9ebab,c073b425de594809b1ab64c53fa5225b84fd9fbebbb636c6386d8f5d5a18cd61,polito.it,-67.0,24.0,479989385.0,202566352,AP-CIT-DET4-01,Staff
a87a05f26818c404c7f387f6aabae039d0e93a11ac04b343be44a08a8a9e2d43,e1938a2ecfa44836e83788bb3e4c248db6bda77cc9ce77f11ce315daa77e8a8a,studenti.polito.it,-56.0,39.0,122654904.0,5950982,AP-AULA4C-01,Student
589eb4b22cec98054f374f81a27cc8cf1e0da300d88dc7622d7a281c09efdd15,e62c47c7905b4fb88e4bf84d327cdde50f0e16ff0a7daa0811b6af9e8b6bb224,studenti.polito.it,-45.0,32.0,454102477.0,22036627,AP-AULASTUDIO3-3,Student
0d0316fbb5bd0e0561475e81e60083a3f23982fe981d8bd132a2cbbcf247a631,29a703c0ddc095ff6c960a9af212f1c1148d0fa60c5ea814bdbf39f4231a7465,polito.it,-52.0,37.0,119160561.0,53993297,AP-CIT-DAUIN2-02,Staff
0fb69ae95a6e37c5d4ea2f1b7f855f87bf70f9d29d7997d3b132ed89051c6345,110bb12f349766d5bdb39bb1e09e16e2b16aee8eb0d0e69913aebff9417b8cea,polito.it,-61.0,34.0,90910534.0,6756123,AP-AULA2C-01,Staff
027447663e90b3f8df3b4b77858d8ca8afd834e7de86f0b0b5aaa406d24bf070,1dadb4e0d9cf91d5107d5bce867470a05f64b0af4b74e9383bef0a6a0c196fab,studenti.polito.it,-59.0,31.0,545316228.0,13887235,AP-AULASTUDIOR1-01,Student
cdb2e7cb1569930aa77e5b3f8e4a19e43d5487a8dcc93d20beb62ee3fc4d8e5b,5b89d405f44c3eb3569a9484622f0b2c6e124be6eb122fc2e335c1b3b7503d8f,studenti.polito.it,-58.0,35.0,30063910.0,5407521,AP-AULA27-01,Student
48810ab12d5cd3f8ea46c3691a43bdb7beb951fb02d14b02c96266c6405178f4,217e8c2a03a45d77edb006577f9c06ba87d2e2e059b920eaeaf3673e06201b5e,studenti.polito.it,-48.0,45.0,13204235.0,5389706,AP-GESD2-04,Student
c454ad7d566a6ec152e1667b68bd44d7fb06daa2ed6a764180e0988cdfb64866,cd1130ebb3f1b5573e8620bfbb13590e0948e1aeebfa57f391fbccc7c9567d21,polito.it,-49.0,43.0,27191026.0,14358401,AP-AULAR3-02,Staff
d18447f7b3d6b3ba54176def4fc753492fa42916e0c3bc6865273b8b5fd71fd4,035fd2d38f9510b8e0ae8cd576bd77bb97b5cf3709866fbd25652b0b8b0801ef,studenti.polito.it,-55.0,39.0,21892700.0,2492710,AP-LING-AULA207,Student
e193ff0f0efdeaf78b22c26795525d51f4fe96595d58263ae8b2d035e34468ca,3989e1e2bbf677b2a1906f4fe96253fa430cdfeedd97de445e1698315d343927,studenti.polito.it,-40.0,46.0,336765363.0,59956165,AP-LING-AULA208,Student
2a121157f93a345fb1d7c9c07394e2d98635efaf1cd56f2cdbb89fc35e9f24c1,2421f2e2e16fa0cd2c16434d56ec2de0bd7a2f1666fca63f9432896f42ffe859,studenti.polito.it,-61.0,36.0,193629384.0,7848496,AP-PERUCCA-01,Student
378cd685192da76bd84d6520d54b55b23e81cde6dc7694ff3f49e61255e02717,27eddd814b7a3bbf6a819194e5be0233cb04d1d374b3872c7fd72ff1e1e741d5,studenti.polito.it,-54.0,39.0,165052572.0,1243907337,AP-AULASTUDIOR1-01,Student
cc8a26df368ddadae718f95ff857886b8fc3d42072746199aefe34db411176df,5689cb648ec70ee24fa25233da58ee49dfc6653f484babce9241f3b023265bc2,studenti.polito.it,-38.0,57.0,1343759.0,589903,AP-MIXTO-03,Student
5cc514ed3fe1dc68d1bea319bb614ce2da4b7187406bcdd9140e3496ca36dc1c,ae80800d0f47f7e6b7249c91a70359ec17561ee23c3257848cf3156a52a18484,studenti.polito.it,-56.0,39.0,104702583.0,17930092,AP-SETTE-AULA14AM,Student
c5ed193a184cad7c706b6657a282926c1b23a3546d9c9f729b611a32bda43caf,34e6f516a5cb497476967321055ac1f83c82a3043bc8c40abd47a315901eb9d0,studenti.polito.it,-70.0,29.0,85573417.0,6328013,AP-BIBLIOMAT-04,Student
a115ff9c1aa2408775d46864a089be77889de8d8360f191e0cc0a5bb0f15d151,d309454293700dd6504fbbf3c4b4af242f1bb62fe31cf43675d3ab523cde61a1,studenti.polito.it,-41.0,54.0,407361495.0,30331625,AP-DAUIN04,Student
a1b798d2b4fe37f67be9339d9c77fec4fa455b66c521dac34850b9cc211a8d2a,dde7f9311ca48cd82935f8ea7f5e276ffc1e14026c3ddcbd83e13a66b1c2d7c4,studenti.polito.it,-40.0,53.0,34025047.0,4432003,AP-AULA4T-03,Student
98842b0f3c83aee926b9db8e6b2d83da607178cd5c4a4f21558cd4e85d8be66a,b5569bc23fca5f05993571d9f58f19ab62a7961deea15a7b27413f13f6716d96,studenti.polito.it,-55.0,37.0,130894914.0,3676257,AP-SETTE-LAIB1S,Student
06cf0d1cc7c28727021e043b3041c36447f5168af8557d84f27e803ff466975b,ff643e45c202c9a7c70a7e8e76a606bc0d5e23d9020bc060217c9f3987b43c55,studenti.polito.it,-50.0,44.0,66129705.0,13343551,AP-AULA27-03,Student
640efd03bb644ee013c720cc1ad2f81177a7ef8ce32d4216f1564ba0fec099f0,ffb6fc18a343390e32bd92388ddc6df7daf59b5e031706e470eea7ad5508305c,studenti.polito.it,-61.0,30.0,12709068.0,4438018,AP-AULA4C-01,Student
5337658118c91700ca91c2627a90b389ffdf0d364d84aa18155090daa368a8b0,c0507111d5d5595da6f05778a498f076e325ce67ca6aaedb4eba1fc7286c75c9,etu.univ-lorraine.fr,-48.0,44.0,200301083.0,73195969,AP-AULA29-05-OFF,External
8e61f34e875d7c300ca71a90577946c787c2da308f0d801b64c11c404648b6cf,91d25497d992e15fa69dfea3aae7bcf6ac74c20788580a9b31fbe7219ccee655,studenti.polito.it,-54.0,40.0,32209652.0,8531022,AP-AULA2I-01,Student
f4beb3b272508e7cdc52044b7b9bc95be21cddcdaf930b131d8b72c03de938e4,d00f1cc7f9caf5bad88844a4fdb5a51282b0818f114e923bab948ee79e1d47f9,studenti.polito.it,-69.0,24.0,41458166.0,1126168,AP-AULA8N-01,Student
f382e68f61110ea0a14d97cd80641862b4df5ce5963335ea254ab9b6a5734d66,fa95e92a9af96a9bfe421dc6b42478ad0a3046c2501fdac14ac8d67c660e8b16,studenti.polito.it,-64.0,30.0,581895.0,396319,AP-AULA16-03,Student
13757d63f430151eafccf49365adaad8a3f08a8091644fcda7a433dcee0606a4,9b371dbcc2717c36e810a525a77792be7694eb203addc69106505fd3820c15fa,studenti.polito.it,-61.0,32.0,317282222.0,7469570,AP-CIT-LABINF-01,Student
c5fc20c7ce11010ecee14e54c61d9aeb98e4afcf7b1bd60cf56c5f3e0e8ee121,2551430572f6ab376715be41212fcaf22a14d6f6e80f8cb8685dfe7a3bcd5ba5,studenti.unipd.it,-54.0,39.0,30101943.0,12095014,AP-AULASTUDIOR2-01,External
f7077b727fe47ad3a5b2458182dd9825f0ae09189b487c93d93d31b717bf7ea4,94cab26518ac2364524df65deaf820c7fd3db3f0c44837e688666d8986e9cca4,studenti.polito.it,-65.0,28.0,16877626.0,6300548,AP-AULA11S-01,Student
b9ab1f3db043cf94bcf5b00bf6e7de95c3cfeea5391ae3480db4034f61ac42b9,ac96676df370ae2764223ee36ca5c6da816234dfc3044393e64f69eb1acced84,studenti.polito.it,-57.0,29.0,112326222.0,44762550,AP-LING-AULA302-1,Student
2e9e76d6308c638e2410e88ff4e8bb5ad28cc101d918a366bb59020b9b76a65f,7871a894cbaafa2e0a06f4c891d95e8db53e211441fc9ee9c90c5e3e479666d8,studenti.polito.it,-41.0,36.0,349941392.0,3737067,AP-INGCINEMA-01,Student
b6f229068346afa92cefae52a32631d5eec5d8d704f89f29a6cad8ddc6dcd0e3,710aa51ac3986258a7f644f5c914a86a93aa90b2f9481ad1401d06a5be0f859a,studenti.polito.it,-41.0,50.0,44614565.0,6361553,AP-AULA05-03,Student
8b469876579fe5ed0de7ebdc4e8fa85ecc79530f6dc8b6a7e5a0aab9a6246e33,2350dd49400494d6da9680b5dceba0c3027f800514d171ebe4a6c2fc702535f9,studenti.polito.it,-62.0,32.0,8496376.0,3073213,AP-BCI-ST-08,Student
63a232820b2738a45d802b1345ad5566a3548c9dc438976135e3f2f4534320b4,f234c803e921465c64fae8f26c9f91dc0671ac60835bd8858be27c076c250515,polito.it,-55.0,38.0,401263149.0,26135834,AP-LAIB2,Staff
714a97ee25b61a53585a37bca5868529d79e2b1744b1431d3c7a982b0980c4cf,96c23bc39779bdbb5e505c0b0b589d03bb86739b7a82cd96a7faa5b9edea3fc3,studenti.polito.it,-50.0,42.0,7341987.0,1542075,AP-AULASTUDIOR1-02,Student
f142da7f6532d5b0fa764479fca8ad968b0835a1f2674e1c48c3b3c9b8f86897,932a31a612787a5655dad5e4e4acabf236ecba18716309074646089b8a93125b,studenti.polito.it,-52.0,43.0,32141184.0,77688657,AP-BCI-ST-08,Student
2af5eeac90f9ca29afee254205474207fe74c31d8db69a6889c9b36214d498a4,118bba2dd1a05bc381a23428a9332ab6c3d4c845222bbf7be003955de6ff6ecf,studenti.polito.it,-47.0,42.0,47636910.0,3388893,AP-AULA17A-01,Student
04c7b8649102b9d42c541c76aca9f5cc8ddd201c3c2dd367b7b00fd0048855f1,053ca8f31a94848a0bc2d7a7795548e537c071567e850df4cef435fd534ea0a9,studenti.polito.it,-54.0,39.0,26662283.0,3072478,AP-AULA25-TM-01,Student
79910f3ee241dff4ebb6ee2a1f7a0cfcd3c126eba0ec5968c23849f8b1057dc8,54933b4ff262d91b6eea9e9cf7957da1aebf99b2b9c0801fa882e722f96a2379,polito.it,-73.0,21.0,113868.0,40343,AP-TRIN-01,Staff
99a61c2e662023281e74097801d40b6cb9fa0240f40824e10de8f56da0a8dc26,e73db5399e71880041c505aaa82596044429ae92737b83a6f7ceea08be4c896e,studenti.polito.it,-58.0,37.0,8657331.0,5237001,AP-AULA01-05,Student
b0576a50fabdcd4a591942caf7922cd64fe7a32a97e9524430024e2afd24aa82,c38c6090efdc10900e63fa4222e371fa5fccbd62ae8496f8b9a11e551fd8d994,studenti.polito.it,-56.0,39.0,111029.0,44795,AP-AULA12I-01,Student
a736f2101b790616f4cd7b80def6dbe9bd039239fdb838c5100c799546ecc995,00d8924e3feeb060d53618da1a8d996ad2005c1fe41694a27149b4b5505563a1,polito.it,-68.0,26.0,3308242020.0,35553163,AP-RETTORATO-05,Staff
2f3ccde147195a818cb8904c2bd9bf9403a3a4ee3b70e7d004224ae92c587613,39ddc1c4e7befbe46778393b1318bafaef7be5880a7d4edb76c7ff5d14350afa,studenti.polito.it,-66.0,27.0,28046829.0,9040536,AP-AULA4I-01,Student
70ef8547af9a6a86495e38fe97a7d9a8f15403d4a7dba964b0998cc49aa04591,123419e16b7fb5a1765aa08751e0b8b5ab910ae5096440cc9034da8bec4ff055,studenti.polito.it,-64.0,20.0,18022006.0,1231647,AP-AULA10,Student
4717c686dbffc2fd2e303aa107ae7944efdb45c209d0c3537eda25a00a0299cb,8f1cff73b075fa287ac57033d2734bb921df4611580b300ee2f72df1478e46a3,studenti.polito.it,-50.0,44.0,21412474.0,3415864,AP-AULA08-02,Student
050d5a736e2bad79854986d3a0a431bc41c76a294c4437d56b7aeb052244dd3d,5c70a8eea79ab807c5bf41f46459d126929ade3ee6731bd99038becf497dcaa2,studenti.polito.it,-47.0,49.0,6642767.0,1281053,AP-AULA27B-02,Student
2684885f87e21db3bd649987292485d08fa660926061f0fd164afe9132f55678,,,,,0.0,0,AP-AULA7S-02,Unknown
e00b26035eb52af85c5fcd18677997fd5da96f24c7fb0e074902a5503efb148e,548564a399081e69e67e652077869c64d85aa0ad4c8e5a5d23d7923e5bc4bb12,studenti.polito.it,-38.0,55.0,1073991081.0,1136489914,AP-AULASTUDIOR2-01,Student
84d0387225f89b507c91561efdd2bbebc4c870f167717ca8afbc72e74e1aa566,baafcfa2d13e280ac659d87832d4a05510bf40043335f88864944e3d53e46108,studenti.polito.it,-58.0,36.0,122747861.0,8005549,AP-VALE-AULA4V,Student
97b479d014bdd8780d6deb198e0bab8e20cc834a0231f582b140869aff3c2844,9660566b43bfa5561c5c7f445ab4e199cadc0ba3f681c22d2dfeb69ea312ebd2,studenti.polito.it,-47.0,49.0,20315703.0,2136865,AP-AULA03-05,Student
f15a5dff8851ec8e12dfb38b12e85eaa59c3a9300a425d201bb81ecdecd7e67c,099e7a9732a42722a646a399dfd508a22296b0d4c8a5bd89ffd5976d7ff1925b,polito.it,-62.0,26.0,11173332.0,19128560,AP-ENERGY-AU03,Staff
d789268d790561dba3b4d363027ced8c54643b11de3bee5d64ca5056db97f9b9,56639736054fe3c6acdb37f1f13abf9fb0bba6c5dbd0ce0fe05ccbab203d1dec,studenti.polito.it,-85.0,10.0,184838923.0,7230622,AP-AULA2T-03,Student
4daf950dbd9707c63971a9dd49539586dd286673e40dda7287a392265144b1ea,a97ced96d0af85ec9b1b4d2f965c0242a289b1f18d617a390770c9495110d75c,studenti.polito.it,-56.0,35.0,8268860.0,10854864,AP-CIT-LABINF-02,Student
f8acb397df5754c7a8d1df932846eeb21fcd4de3051f4bd8c9eb7f36cc5492c1,70c7f74faf67153c4267820977d4e082ee7bc85072ca46fe99d53b7de661ae1f,studenti.polito.it,-61.0,28.0,551127461.0,58085883,AP-LING-AULA300-2,Student
6ab763b356d6db5c979fc96f4d70bff9a4ec16e9a31b8480c187dcf2621b5011,a21063dded69c02457273d48cae83567b8103d9978b9910912305418e34f0efc,studenti.polito.it,-51.0,43.0,1038834.0,315596,AP-ASSTUD02,Student
fdf8fa5c3a458c7a91074fc9a83a8ae3dea27948a0004645ce7091dae9ff3050,41207b23ab976e182de98b1da7e8476b03fb1323b57609cbea3656c0069f3f4b,studenti.polito.it,-45.0,47.0,73480252.0,2537717,AP-AULA25-TM-01,Student
90033a8e7c09b724cec574a26901fd3e8d3aad7c3d2fd1f7f722d87e7da6cb87,910429d8149b6a42f9357057cd528b089909ac2f9e523ce22ce25839ab421938,studenti.polito.it,-48.0,46.0,21654095.0,2052121,AP-BCI-TZ-03,Student
c78943a4b6a7eb5dc0818acc73f3d845810e60e2dba4f7901ccb6617e54405d0,1c09fb305c23a7906c59cf97be5a5107138b60323ee39c75e3292e7b870662f5,studenti.polito.it,-59.0,36.0,55153015.0,6386925,AP-AULA12-02,Student
378b50c7db77bf703e617d293da9154ff2b77c78c55a817974b4b287f590807a,51ab34e6786cb498654ad6214ecede79a42443867e051cfd209ed4cbe1ae4b23,studenti.polito.it,-56.0,37.0,2434845.0,752299,AP-INGCINEMA-03,Student
7c8aa0add77e2a39f3e2bf8247dd034bddbbff0946ed68ec9650c19cead81a1f,cba665861c5114112aebb8455175f2f3c9cee2c71f19a6d7db5f27aa85f2a6aa,studenti.polito.it,-59.0,35.0,4235839.0,689242,AP-AULA27B-01,Student
f25d3961ff9bbc70601f9e6c462e93bc19aee952055e32cc74f95429c5c09855,885587813fbb62d9e5623ef3d401633bbba7051cbd7b22bd733d83a4a860ab67,studenti.polito.it,-58.0,35.0,8514378.0,1369076,AP-AULA4N-02,Student
e09260ac5df9f34586e7a1c7a779522e655ac1890ebe0bb7392a1847c848ce52,a4ae4d89821e79a8f52d9a3bd2c7b04a14a0141d40357b93e260e2e58fb58943,studenti.polito.it,-72.0,12.0,330780.0,68200,AP-LING-RECEPTION,Student
51f90193b2c15add646f1b66ed0cdfacabc665b87b6f41ebc6c66eb1569a0d0c,beb6db6bbf22a4bdc09508fb58db0a3071fc59d0ce3f3848f227227c80f3a843,studenti.polito.it,-69.0,24.0,323480382.0,800934892,AP-LING-AULA304,Student
978652e9324df28f4b0c5087e81a5b06b7a6dff6eb1a8131b6c3318a90c6510b,ca4cfd510ec06bdbf8df734c2c3ca7a623bde257ba02e347f7c79d63ab09d950,studenti.polito.it,-65.0,29.0,41359275.0,5981419,AP-AULA10,Student
2c58cf70455a70857b9aa75845c1ab5d31bd0606e23acca46fd1ed5a7409df07,d56b094f511f88276baf4a76e2ba17bba3868f2a4020c74e578fd4a533efef5c,studenti.polito.it,-55.0,39.0,145647228.0,16313069,AP-LING-AULA207,Student
909312303e19d7107d035d6ead9af1ffa8cfe255077a0714f8cf4ebfe35185cf,22692f94384d940c3c3fafacd00be832ad1b34b6c7557127ba48c0329949dacd,studenti.polito.it,-50.0,46.0,26059690.0,6744335,AP-AULA05-03,Student
7b96b468328a59de14ecd87ed7b0526f7e7ecc3eb149adfbfdcbb6149a4f4a5c,b5ad72d93ddba2aa7db4ad72b357d8b043f7ce03196972c61249a883d858667d,studenti.polito.it,-41.0,52.0,33016539.0,41229075,AP-AULA4-01,Student
424f16183dffe9968aa55b1dc3e43eb8258fd5f5e7fa909ab6a1925930d2e6a9,879564d871ff51787f3b1f91e575137b029d70e763ed271f0115c92dee531ba7,studenti.polito.it,-56.0,41.0,797242691.0,43148786,AP-AULA4-02,Student
5b219c8b19c2deecd716d6e0e9e430d3c47c5ae0014171d2f310c1529d09771e,2c15bff09fa18e8440150dc7d5ea46ea58c0d9430091fec369d3344af6f25be2,studenti.polito.it,-47.0,47.0,2866634.0,1859857,AP-SETTE-SALASTUDIOA,Student
bcece3f64d46380896000530c7402fa7cb0fd853d0a25db50ca82400ec90085a,6bcfe295375693a1f699e7f275c101d60728f3119863e0c2885aadb269c56011,studenti.polito.it,-58.0,30.0,837426.0,299397,AP-AULA5D-02,Student
72b02f7e3cc606ebd907674d80201e8617988131bfa0a4d60dda038eb68469b8,e4f22fec7362339a612b47c2e7e9f71f43fe50123fa72208ce4e18072cf483ae,studenti.polito.it,-68.0,28.0,116684293.0,10729128,AP-SETTE-DAD-03,Student
7dbafdf619e2fa625aa2baca2bb538cba6f49671f8f47c37a038a5f9407a9df5,7cfa244dbabe94297f228d24f99cab367049d18c618017ed127698f7102abb79,studenti.polito.it,-58.0,37.0,1853589.0,317508,AP-AULA03-05,Student
b06e4aecddb816aa6b91a04d003dcf5ed085921063c4d80bb2a8c63668339c6b,8031819da6b2d1d1578b41817b0c47a6f0b4902f272d25badc0d09bed6114444,studenti.polito.it,-56.0,38.0,32592040.0,3259439,AP-AULA4I-01,Student
d66e3dcf32a232d304f811f3d09b211e5c806abc8133ae6fdc42f8d326ffe734,673d52be81cf9498ba212097ac4c7006dc10fccaa5e230ca9f33ad366e574956,polito.it,-58.0,34.0,221465605.0,7592721,AP-DET-P3-2,Staff
7d4991fe9ae13aa856562d41b8e33abea9f2cafe2cf4c5beed2fbc37adee96fb,a83212806d11496a1f3a774b6abcb8a51b67b0185c9b8aea2c0da1316424d6cc,polito.it,-66.0,27.0,925879714.0,99898548,AP-CIT-DET3-02,Staff
7bf1e2daa9a270640b2f64c31aa62523e581765e80a9ed23133e1b50f67b1f6d,981e3f11e6a3c617046c6be7340ac8d5b475e2103b0a59c3dcecb6b927700898,studenti.polito.it,-50.0,44.0,681136719.0,38082335,AP-BCI-ST-09,Student
50ab2c16f65f22caa19a0ad9c5160048b783a929792eb54390333570bac9dfa4,126f6fe7bd7da358c43af1dfbf20cbfb66f3ed584ac28e990aa04bc43f9a24ba,studenti.polito.it,-55.0,39.0,992435.0,361342,AP-AULA4M-01,Student
aeb17e21bff68775d8d13c01ae8281576ec6e353d0b0e2c5d0677e06066fae5d,65c8e1c096e2b734bd10d98ba197795245c4bc138a7842fc2ad1dfed59535315,studenti.polito.it,-52.0,41.0,4291619.0,1105861,AP-AULA5S-01,Student
991dd4c3b60a9b0f10e46d7a59d45b14bc65958656c62ad3d60f0304759942f5,e0a39a38a1ab0b370964676ad17e48251c9b53c71ef33b8f0895c30361a52326,polito.it,-62.0,32.0,477530871.0,30083038,AP-DICHI-3O-P3-02,Staff
e8ded8e40b3ec19d08b94127b0bbce26a869f24477853883f808c502707d3b23,b7e2b500e83c354646d99306b36988833065b73c322028d0762fc0512cf2b52f,studenti.polito.it,-62.0,32.0,221434878.0,4859408,AP-AULA6N-02,Student
a1ea1fac075b7b810b032cb4cb36e312d315fc7b0ebaf5eb19c2e68c766bceb7,9ac2128017ed5a0336115c9b47ee12e418805380079439c2e9d5554098199ca8,studenti.polito.it,-55.0,39.0,288616.0,221631,AP-SETTE-LAIB2S,Student
ba37b9e3a3173004d034ebdbc90891743e33aa0e9fdb1df7765fc3de58183c74,34f215143bf16fcfef70f38d15d9d4c12b138ca523d4d98b253fd284c8e91f86,polito.it,-54.0,40.0,98339547.0,7712238,AP-AULA03-03,Staff
82c095da27561c44618dc1dcb4e0f41e7f4c78b11a68f01db5540bc5eb42bdd2,,,,37.0,0.0,0,AP-AULA9T-01,Unknown
eada4aa5a8fa19beb4d6cfc4bc7ac39dc6c8388d7bcb51b7f1f08edc03559d56,c4f8aea4119177df9a050cb3778d87ddbfdb21e1be804deee85713b98c93ded8,studenti.polito.it,-46.0,47.0,663064.0,333408,AP-AULA2-04,Student
82bb2f4e5827acdb17d1333931aaa755e054a885ee7bcd843f5de6a3a79bfaab,701843bc99550a7d1acfcce7b290d3a86f89ac31268a643c6f0edefa95e09e24,studenti.polito.it,-62.0,30.0,100600539.0,3648789,AP-AULA9I-01,Student
a203be7bd008d0a67aa6bbdaf26a8a5f3094dab97d6d1a8d2916a1539a1a8a37,677ec15c345f4d38e28127a49ffe44333cb11fa8efe55b80730f2f0eedaea3fc,polito.it,-73.0,19.0,41464458.0,2490920,AP-DISPEA06,Staff
6762e029728826b0d72c73349171d2beb22b4f85a222ae0de73f522485ddd7e5,acaecd8bdbfa3c4576f2d81f083ab685dfa5336c143cfed734715c812d56aa8f,studenti.polito.it,-59.0,37.0,5604732.0,71176157,AP-AULA27B-05,Student
e34ea01de4af5718a45ae66e4146b1e2c580a51bc572d7508d178f4770fdbdac,442b2535c64afc1b0d3788e2f54b8a052051d50fe434f0572dedac47225b55b4,studenti.polito.it,-56.0,38.0,691655101.0,14503889,AP-SETTE-SQUADRACORSE,Student
18438927a50fa7ec45c15dba6c11f0a7228d3a7690a9546aa9f3196578539908,274e09f9eb0d33df64b5725c91c1f6da500515fcb7dad31338188d1e863c8fa6,studenti.polito.it,-68.0,25.0,47596260.0,9491008,AP-AULA12-03,Student
0b97932b5b04a6f73a69afe1cd2766be0fbeffc8585203e4e6f5cc59561ee3e9,1faf00723fa84c6abed0d342356d4ea75ea59cb66edd89f997ebca12486a6c47,studenti.polito.it,-59.0,35.0,127127584.0,14724160,AP-VALE-BCA-ST-01,Student
a6f1ca6b3325beb318ae5105fd03810a5e69bca3293374906e555fe8f049e20b,94556a5f4ac9b18deda1277a5cb73e51dba02c8c07bf895797fd57f4d68084a3,studenti.polito.it,-69.0,26.0,2117142.0,489331,AP-AULA11-13,Student
316fd0ac4f01486d0ca9309712764baa52d3adeb0c513e78ef9263370642f5a6,a747d70fcdee08c370308558c21fc240188ebb3af326f50f8fee50aef24306c7,studenti.polito.it,-56.0,33.0,11252826.0,936057,AP-CIT-EXCELID,Student
ecd4172e3d6aa9789a92d920766da0b6880691e2d68a1f05516944620cd45927,228f052689d1cae7c5069ca10066689c499cbdc4457c7b838d2fff9eec1aac54,studenti.polito.it,-70.0,21.0,6326917.0,451889,AP-CIT-LABINF-02,Student
f66b8696c8019324d505f903a8ca3b1c7845a45c794ea047b715d5f24baa9189,f3c4848c3785c44717f2bc5d3510c8b555f66783df96b4231fdf9d48a7e97155,studenti.polito.it,-51.0,39.0,83248166.0,22052053,AP-MIXTO-02,Student
2b2ed7663df684bc2a44d2211542c87a506c2f1705a17eaab023733d3ffbccd0,6732ad5d112ddd928d2c70cd93b574b14cd3ca0f612d03ba783208d4084d04ae,studenti.polito.it,-55.0,39.0,2024980.0,878137,AP-AULA13A-01,Student
b4662eac07875ca77504c003bb097fd6d6a698bc9df12419eb0d67b6d49384e5,,,,,0.0,0,AP-AULA12I-02,Unknown
b4232bb5ba73023946888ccebc61417ca3da3eadbf34d1f0c4106cec7bd4a4ae,012cde7bed95f0c03cfb02ba5bf59d91d4f00a355e73da0025f6afffdf9952df,studenti.polito.it,-48.0,43.0,13473549.0,3359391,AP-AULA05-02,Student
90f886a7fa88b009f91c35eb8cc2aa922c080499b7448ca29729670c05ceaf20,de21b0a5b648adfbf779f1735c024374b482997809ee3c1a16a2b60bb048ecb8,studenti.polito.it,-88.0,9.0,4905338.0,1058756,AP-DISMIC18,Student
e9652c012077652c34f51ddbfa8682c90ae9ad7a35c12d01457447f7f44fd9d5,7b23da0c7f18fbebdc15f2b0b95b088a92354643d3ea3ee04c6f16647d2c2eb3,studenti.polito.it,-45.0,50.0,401957871.0,6468956,AP-BCI-05,Student
28604440d548c8d332876ea4e161c3dcb84cf51282629e670e08144c6626c256,5f8be7f638004e616be545de4807b9d49ff01ee4fe5ebf5e593f891f87e8664d,polito.it,-57.0,34.0,63943192.0,5921462,AP-AULA12-02,Staff
b65ba118b6ce6a5bc03009dfcbe2ec2a0c9d824fdd16d4a6550dc31ac9c4e11e,4da66c82c6fbc62511f8d3ef69cf26e479fa6a832e8813376f195ab33ad9f6eb,studenti.polito.it,-73.0,21.0,0.0,0,AP-AULA2T-01,Student
b9496d6f0acde211ac15b073f4e3208b4ff88be088009ecd39a26321c1da20c9,4a79f9edf8a4ff7a600e8b8763bb9ba848bededb38ce95e0f7d5c30bd00f90a6,studenti.polito.it,-54.0,39.0,12954792.0,1114379,AP-CORTILE-04,Student
4ce5d0b80ebe12b65628a5cf8c554343b73c3e7a7e6809fa916c98d0d9198726,c72e825ae88f43385a4744eb950bc1fc26fe4aa9139f09892a5e404a4d602258,studenti.polito.it,-45.0,48.0,82048901.0,6456981,AP-AULASTUDIO3-3,Student
3077ad693dea7cdd5551b721061525b8846a59ddaac0e30f99803c213ef2743d,a1f0d9755e6b439ced351e85c2b84efa5af5a5768844a8b964f315aadc57262e,studenti.polito.it,-50.0,43.0,1189567.0,429913,AP-AULA7T-01,Student
a8f803204f413fe678760fecf5d005ee6bb3c8f13580aa8d24492c3fb8490070,2b3d3b445c5701897d53a825751148359b6205249ec4f26e3726cfcaf855f2b9,studenti.polito.it,-60.0,33.0,1182028.0,433793,AP-AULA4C-01,Student
f9a0c00f4078c328318ece2e22f34487eb24aab34a946d9f32553a07e8951959,61e453b3b7a226771ea474220e743594aea1d0e777511f9ca8fa3244c96ee517,studenti.polito.it,-45.0,52.0,14443645.0,563284,AP-BCI-07,Student
69658ed01f7556551dafdc9f8f389158eb0572f1640162467b9ef2482e9fc62a,77ea5cf4c20b37df14c77b149731b33085c864df175d892a59c6d81c8ae53c40,studenti.polito.it,-49.0,46.0,51556621.0,50802449,AP-AULA08-05,Student
f90b208f5e406392f32350bfffc564131cf8c9a50291d2cccf8a8bf6b7a44fa8,36bf64db478c68b0a36969a1893fa2f03ec06b59cfb69add39a990b1511baaef,studenti.polito.it,-47.0,47.0,80054174.0,4937244,AP-AULA10C-01,Student
608751c551eba519dd0ababd13baa644061f17c98c30f7bd76253da443c011f3,7e77c1e2d3553f8250f17aec5964b6762795e31ed9cbcf8617825215d05c96b1,polito.it,-51.0,39.0,22694845.0,1256231,AP-AULAR2-01,Staff
16ce5c8b110bb6f33a234c2b818ab03bc2a74733c7fc6a57774415ae69327496,4ccc368ffd60ee05a5d3757e012d2981bcdc40af51f69d7036a89d9296b0d717,studenti.polito.it,-58.0,35.0,15303173.0,3347464,AP-AULA5M-01,Student
8b68e355f50bb000d005e774140b4636cb051ff354fffaee31bfb201973a94b9,,,,6.0,80837.0,84146,AP-AULA2I-01,Unknown
716e0d6432ebccff1356acd656e2fee474eefe2231da3f7f2d5b2226e46c7b95,0603b56f697fe9c724c31788b7da3fc9d2c84e847534c8118db0712997934a67,studenti.polito.it,-42.0,50.0,11308851.0,1026866,AP-LING-AULA301-1,Student
1272a7a6a1e87d56ebdfeab96181d31a963a441d9e0346ece86aee467359f94c,cffd7f28cf2d9572c7616d4b2d7ed5f24fd2c141eaffd2ab8d9b86b3a9f235c5,studenti.polito.it,-55.0,42.0,19358051.0,6264207,AP-AULA05-03,Student
3fea67ac8736ab28c075e8b16ec5f5e418539804d38f099d48b813bf61d31fd3,7b4bbe72eb645e7df978bcf0819425bf970b2f369dcc3e2c63f4039f68997669,studenti.polito.it,-58.0,38.0,265730792.0,16425838,AP-CIT-EXCELID,Student
d651f8d66fe825c4d332d9570ff3c426d5a005323241bbc81ea55f66411b5c65,32ceec5e09d1408e5aa0ec51b25ce0fe225242b686049ce35823db059c3c40a8,studenti.polito.it,-61.0,33.0,7343295.0,4067515,AP-LING-AULA207,Student
9a37d315c655880b2135309d46ce726556a31f329de6800b0a1ce646ea2aeff1,5651a17b730a80a3908cad0b00ae19dfc14bcad4371263f86ba610a735e1dfe2,polito.it,-56.0,37.0,85624379.0,9380667,AP-CIT-DET3-04,Staff
36e492a4d7eced0f060833dea88e70cb96d6e8b2622d7eb9bb75436da8624814,1e110998bb35c622939b06df5c1712f66f87c2e48fdce8a8c5c9093defc6fb2a,studenti.polito.it,-52.0,40.0,177661474.0,27477546,AP-AULASTUDIOR1-02,Student
f7f6d159034fb60db4dd83f22098379a7ea5441ae7b7d6e1ce9543b1da9e6db7,bde5e9242f1eec814b50056dea92fa4d9d8854297e23e0412e44106984048c41,polito.it,-65.0,23.0,16159273.0,10055439,AP-DENER11,Staff
491854946075014427558a1fe8dfa0c20f52e2234de2947b035e8dfb78462620,d1a4715648bd1bee9b4d43380042f289491d67857e4a84a3c0c7e47c8a94e644,studenti.polito.it,-81.0,8.0,249518773.0,10641787,AP-DISMIC04,Student
bdc74c8202768fc55ffe009f19fe8a814f7b8b9ecba4f406c4943a11c85c1aab,0586c576d8605c2163da75710e63be63020859d97cfcb51abc5b5af94e11cbf3,studenti.polito.it,-50.0,44.0,61878711.0,1963158,AP-LING-AULA306-2,Student
d3da9dcf0a0d8ca0248bc9ba224d8f47fbe8bbb60ad5d1194030ca3b4e40b956,2038ae4bb08bd23b2c5e7821263f7ae78a74fb78b5d9ad37f3741a738e61b8da,studenti.polito.it,-57.0,38.0,15586121.0,200422522,AP-AULA11-01,Student
644dcb941c7596aee69b3ff1b283d6e60128add5a2034e175f3fad51b92b7560,9acd6cb9d0b4e78c82d58e70824446927bf52989d5908c0681653be33aa7061b,studenti.polito.it,-50.0,41.0,20299870.0,1148990343,AP-AULA3D-01,Student
f23ba7e35cbe685677eb4c70312aa4c7db708bfaac72167f1bc615fcc6393ff2,4750aec753e5d0f31fc86d66c03a81839ac4dddd5091e037454e331fe5c30c70,polito.it,-53.0,38.0,115282.0,93457,AP-TRIN-01,Staff
02e3f119547281e2be3d648243367c04443b149c41c1b9fa445d9796c28494e7,5b7fd5c1fefa35c13f4b3cc282c2da11c5f63a8186fc12c9facfd1c61d6e0c82,polito.it,-59.0,35.0,70851174.0,14052884,AP-CIT-DET3-02,Staff
bff89787876fbd22b19f324e095f495600716d2428a53cc9ee7c20f01d71d8f8,6c589cba2c2ad3c286028155b058d7a16cd2616b0672a4b355d53dee67aeb59e,studenti.polito.it,-46.0,47.0,67097818.0,3644617,AP-AULA3I-01,Student
83ac2855ee03ab167d1763da3c7545d268fd94ddce0b6af88080ed1405949d88,fc02bb8d414e6aa2084223416dbd543fb464fc571802b1a4982bc48f7fc446e9,studenti.polito.it,-52.0,38.0,429037650.0,9474959,AP-AULASTUDIO3-3,Student
509d49d82e7a709ef688eb3971cf4756d7c16ace86eb8c60810f24f2fedf47ba,51ab34e6786cb498654ad6214ecede79a42443867e051cfd209ed4cbe1ae4b23,studenti.polito.it,-57.0,36.0,18993889.0,3073893,AP-INGCINEMA-03,Student
9728edfe0789b72ebf4bd91eef9462f1e2c670e60aaf1b218911dcbe06f5cca6,61fa99cde2a570904dc6c52952e285d665c5733ad3231d73595e33246fa03300,studenti.polito.it,-63.0,33.0,15110268.0,6119564,AP-VALE-AULA7V-01,Student
42849d61d323318b09090a31621f2a71587d319e3772fa78c7a7d422b81fccff,65acd861d807df138dcc8fa5799dd3e29a7d436e0db97fe6021371b6d690903e,studenti.polito.it,-82.0,15.0,729515.0,720620,AP-LING-RECEPTION,Student
d75dcd63bfd48e2a64c99673080ac479a7b07819b1588b9e6ebb797bf56ba104,d00444ae66d7e938c136b727796a26d549dc5b45e258145a9a1732b052a1c999,studenti.polito.it,-63.0,29.0,8220.0,3007,AP-CORRIDOIOAULER-02,Student
1e684daa5facb755a166f8fff5fa34b0e4b9f1089d2f1e5be481711891980b0d,9a864e8bc2bfcd98ff8a9ed16a2417cd75b783e297fc70584427c615e2ca8a4b,studenti.polito.it,-69.0,18.0,15896658.0,2888047,AP-LAIB2B-01,Student
34b447f74f43e84b2f9e3ffbd2c51a1a6d01cb6d4849bd25a77e744487a5754b,641c6ba86436b3c757ba3360faae9746617035ede0b416a5a7d640214550eb62,polito.it,-86.0,8.0,16667335.0,2022216,AP-DITAG05,Staff
bde19839efb075f1cbb03508832c533907fe536826c914c27fef3b2e4a872016,,,,40.0,180396.0,22056,AP-ASSTUD02,Unknown
4713a17edfd2fbe35341e83b1c6ebbd8fb5e91e107de2aadead3901cc09b0ead,94617247acb7a4bedc8ca331f2ab3cd64cfba1fe460e979b3707438258a3b4f7,studenti.polito.it,-57.0,33.0,288609.0,195653,AP-INGCINEMA-01,Student
e2c007e90249461420905c45b9df8f7d7f23c1096e20202619aeb96de805eb1f,d56dce1586b7b273236d998a7acc9663d67e6da6da21ce256be675be8e6f7671,studenti.polito.it,-47.0,47.0,9622928.0,1257501,AP-AULAR3B-01,Student
4cc81134536b7eebe35086fef6ef18e98de664b146b422e2c0e3e301a4fe8e13,a2dbd685d59fcb5515877cd98c512fd2060ecea43f1e18d6cca68c6213f23020,studenti.polito.it,-84.0,6.0,366524.0,189878,AP-OA,Student
a6a4fa5bac9407a5e0e6a5ce8cf1de86838b82c22f8d69d6a1a22c0f97e01822,013ad276b43715128f348f76a4cc9f821b0d1b437b00abfed8d367c2b6dbeb36,studenti.polito.it,-55.0,41.0,20778123.0,5256180,AP-AULA6-04,Student
64dd7c9592380fbf0a9e3f3325e3106b2a6fc231fc3ba5579956e3d9481c0f63,45b5513f275988631dd5ec2fe9f94fdde100f0d4c5f985aec5c3d676b54926f4,polito.it,-65.0,28.0,29177813.0,6456907,AP-GESD1-01,Staff
1a0096d1431d4dbc42e5e7826b1065e8464f8710ef3f9610779d944123030e4c,d37b42717394e70075af42ecc24a1e764448f5cb948e16ec55d6d54bfb0c19a7,studenti.polito.it,-52.0,44.0,23532281.0,3697120,AP-AULA4-02,Student
f47d7fdbe9e49aef10c80d62f169b6fe0272e8945f04f1fb54200a6ce6f5fdf5,c47f90886d0d8b034fb7f8b20a36d1fadae0703c357a1cabafd2d567f272126b,studenti.polito.it,-55.0,39.0,42133994.0,721144780,AP-SETTE-AULA12AM,Student
e5772bcc43ad6ef0d9da6f2e2beb8dd8f4bd59d03b1e2fdff8bbc76c73527b39,27b4ba251e6fd2428218992ea17c4d11556c5e7da68c7e5e12a8d7e8c3c387db,studenti.polito.it,-38.0,55.0,556711282.0,680366241,AP-VALE-BCA-ST-02,Student
df186f1600c8192a6e9308c5ba1bcee8a34c3eb66efc3d0614b049dd20590f2c,e6da37d2313b6a92c953c84bf332c3261ae6d0935ccda279cb860cf7cf1ffa86,studenti.polito.it,-50.0,41.0,36620750.0,3558652,AP-VALE-AULA10V,Student
1c034e372f3c3465de05894546c780c22617710d5981bd06fc37cc479ec09684,81d42241e87016d6152dc21b393a46ff027b77b518094325cd2e44bf6e91bb70,studenti.polito.it,-56.0,35.0,153556313.0,3964741,AP-LING-AULA207,Student
25dd6c52b56ed43f349b240acb6315db4a3caf8ebe036b9f09383b837423e645,,,,21.0,250.0,66,AP-OA,Unknown
184e2edc1356f3c9dfb3120312af80f9d8846b43088e1462748cb27da03e8211,94097432a2af22577396ed5d4dcf526421c3b679c3059d1903ff4667b8fb2b0c,polito.it,-55.0,40.0,24218362080.0,5811178320,AP-DIMEC08,Staff
fa59efc0e160364f85188eea3edbb60a12859fa08cd424cb8306f289e4e81708,05fa26e0f5590a5b29273804059a5c2baa7be5b6a5285231062971e134938072,studenti.polito.it,-52.0,45.0,192524409.0,45568663,AP-AULA27-04,Student
1be33ff64f381654a57c00fea332867b5752c5e0838ec4caad3d7890ff790f3d,7ceeee21d174c09b0387180050e5d6dfa9acad74628f77fa5952d361977aad6b,studenti.polito.it,-49.0,45.0,58417852.0,6171396,AP-BCI-ST-10,Student
321a926be2cb9715cf211313cfcc3f7adfcfcdc0fcb1a76d9912eeafcc95f4d4,c2281b83a9e33d6411a5c72c40df51b0eca15aba6cdcc1a6e6df9d7746589e8b,polito.it,-55.0,41.0,292768277.0,339281561,AP-DENER04,Staff
efec3cf7b9bb54fc724a65bae580f22d172785f95d48028c3ee0c441bdd5e244,32d959ca138e752ff31c75e20ff1df624a67abf78955f51e42f4064595765543,studenti.polito.it,-65.0,24.0,158090085.0,48605283,AP-DELEN01,Student
c584a116fdfc7deb749f9498c0e9f0fec1f77f07e6122423d82a8a67b4510056,5c376b0890eaecc8d71aa9779a51dcefe54b5bf1ccdf7022be31e5f3dbd1211a,studenti.polito.it,-56.0,38.0,116442998.0,11518237,AP-SETTE-LAIB2S,Student
1712f8ee012b2ada0d181e3be903e753530e267ec64bbc5883bd54bd92f966ab,2422d4987beb16fe95747c7fec7e24ada88855cc83b82c5ad15400bbde58e7ca,studenti.polito.it,-46.0,48.0,1962937326.0,141802046,AP-ENERGY-EC1A-02,Student
cefad1842f4098478173e1d4e4a270122be000dbd0fcbac5bbce5ce51be841e1,0670bb180331dfa8143b2a1379d4267f13f3015fc8c92fbbf02e8fdfdd36f69c,studenti.polito.it,-66.0,27.0,545373345.0,16002535,AP-SETTE-AULA07AM,Student
2f30e9fb77cd49dc63690b6b3aef885958994ab1a167cfec3bec7b575dd63900,cf3f7359277cef5672e819189f884ed12e641e9ea63a8b7914ed2ec88226860e,polito.it,-55.0,38.0,251488800.0,39563229,AP-CIT-DET2-01,Staff
3a5a72c55152d74bf7f75be8f94d2d64dbf410d775a799f1df8185e2e13a86ee,3530fa68f38b50a4803cd37b53910cdaebf6ee95ca38ea3a0bbfd86b0a6be23a,polito.it,-50.0,47.0,63172342.0,16972526,AP-DIASP06,Staff
89b326fa4f35c7a7a6ddde45a7a05c89f55c84945c668d347ebcad5ceff44e20,2ffaf93387fa682b1cc166297a7755d22b16adb0ff985407c78bcc435f76ca43,studenti.polito.it,-60.0,26.0,29770135.0,5512315,AP-INGCINEMA-03,Student
de21875eacd602b18e4b319d3116c2192a91db9ad44c6c324e0f36565b0a7dbf,bb71be3ae76dad77a0415c18203fa2e24ff053b5acb8dc2bad789927e3c4a7d4,polito.guest,-73.0,20.0,1335879450.0,127892531,AP-SETTE-VIRTUALLAB,Guest
30cc008d4dad580a0975fd00b0e22ecf0b809955f96b2dadb67ad338e829b8f1,a29a63d3a9234a9f9a1cd95cce9b040ba48e119ae8f9cfce47e7f1c33df305e9,kth.se,-77.0,16.0,6159974620.0,358088146,AP-DELET03,External
26b5689989bef097770b84ff7dfae53b6d4eec727608ef9b5ab7d5f9c1f66fb8,23bc0608b0c4b7f938684df4abf79cab347c26d57e9c4364e3ba4a2e7258fc3a,studenti.polito.it,-53.0,43.0,28484518.0,6210801,AP-BCI-ST-09,Student
eb3c75be0fc25a0a7a5719c8321db6dc4adc064c51709467704c66b0cd24d48b,4d4ec5cda4a17594e79e16882cee0f18624fc75364a0a4659e2b1e2ae2aeca29,studenti.polito.it,-45.0,39.0,91202903.0,3237480,AP-AULA4C-02,Student
c26205e8bd6d507d95923467f9bbb2ddddeca164d6f772ece8ba7717e528d331,7c0178d2158c74e8d9595ffc39377893619fef1635be7e591b5d9bed56aaf3b8,studenti.polito.it,-59.0,28.0,17478431.0,3809997,AP-INGCINEMA-03,Student
f3a1fc6337a6414ab7c8e7c1deb870c81e4362b81cc4ad09a43ac3dd56985dd0,b410d92b176edcf738f00fd0a5a8baa56236123e0c5a8f25440e472258203bec,studenti.polito.it,-61.0,33.0,2165757.0,883430,AP-VALE-BCA-ST-01,Student
68264871f253aae1bdb4e140c408386eb287b886f390daeaad3b68a752e31c2b,f2dbdd2ff3106f943e44638d1db5d9c1fba21796d5b896ad383ab56b797cf52d,studenti.polito.it,-71.0,19.0,222768865.0,30892609,AP-AULA5VM-01,Student
32a2954f94dfb944f28f3a41a3ed21aa340466a838e368366ce3df9e894ea765,e475d492da3bf737b1291ef903f3d35691d946c2f196bed8cebebfb3d475a253,polito.it,-66.0,28.0,274671776.0,37884116,AP-DITIC07,Staff
b42cc1fe33f142e37e74cd86df87aa7c1f90abdf79c0f0eb1db055269af388b6,67f7fbbad1e9472b3def2cc53ed1e5e72932b41952f0d5b9d1ae55750295c1c1,studenti.polito.it,-53.0,37.0,131427217.0,10806635,AP-SALASTUDIO4-02,Student
24a88eddfccb348e28e0e10a7a9f073e6666fce703b7ebf3c23c362f06bc1c66,6272a46775f264e9218314cebf4d06bd270acaa11d93fbb9f0527c7de5976513,polito.it,-45.0,48.0,1023181432.0,400387610,AP-CIT-DET3-02,Staff
5e0421047112bc6a6a4594537efccd53a061e690810804c948a91c71f66d7e34,ade81f3022bdc0a171cbb19b0da6a64763863ef0c96d2ca8f96b5efacbc0f4ed,studenti.polito.it,-62.0,29.0,36675132.0,16440075,AP-AULA5I-03,Student
ed7f86f9f565da9666bbe5391bf715953d6fa2aeca89ae7cac448d5073a03b6f,a3c456b51a8a5ba151ef995be0627f6e8666596c2882bbf5d897bd982523ba3a,studenti.polito.it,-56.0,38.0,99754185.0,3404191,AP-AULA05-02,Student
e265d70bc743a04393d4b5fe15a76d336b56dc178a125d3c0f06f66a402404e3,77566aaec481f16fe1ebe902868931092122815520c10115c6c84501e71c3f18,studenti.polito.it,-57.0,37.0,31138265.0,5875430,AP-AULA3P-01,Student
24c7c69691c2104afe19b2066eb26f984b056343d0c19bbd4c9e3342d8280a3a,699defd3f02640e4a33bd5026d797b7a9c50bf39c321ca5b0e98adcc36de90a4,polito.it,-76.0,17.0,297647156.0,203609140,AP-TRENTO-TR2A-05,Staff
344a9e3b5acd8bc953b29a07865487d8b6cd451ebe98c0005709c1f73db243bf,1def6b1f951872b8fa8bb24243908683e3c699f8a418bc580b78f162c54d06b0,polito.it,-50.0,42.0,41404715.0,4682180,AP-LING-AULA207,Staff
0e5ecdf700977a1767caf83d5d6587af37ae6dbc74aac3082031b372e989ae4e,7fff5ec4f3f44deb65272f3fc8cfaeae6c478085acde066deb91b65aa71a0e4b,studenti.polito.it,-65.0,29.0,18472081.0,674048,AP-AULA10C-01,Student
098a7dd7622ff49954fa0d27cbc9167bd14df4b0460febb6c92f7dcda18bc5dc,4fe3238e28746e6e18cbab4e3a0973b569e44b85ee9e2b4f3270291c7eaee38a,polito.it,-78.0,17.0,15613790.0,4969742,AP-DELEN03,Staff
3d4d25817d4c2b5a3a722c16ac18e3d2a7722a48cc9228da02a6c07b4288f6bf,092872b4cc4c2c7f755e7f235f0426186d0c3c63f26694af8879b9b469000e6b,polito.it,-66.0,31.0,94582209.0,58833200,AP-DIFIS04,Staff
71654d9058414747dd3421810cf06a9adb63c9905e2289af071d80f7c3cfe1db,cd68eb61d30aed2600e0a5abbd68b7820b8c1d1511045dfdb2fc6b2cbbb66b44,studenti.polito.it,-63.0,32.0,719484324.0,90126992,AP-VALE-BCA-01,Student
59c174e42ee9d6ce55459a72f66616d833f2c76c10d4d4413e62284060136add,535109758b4d64fe78b08ce7a58fffe94e36779244bec09e66cdf6f403410121,studenti.polito.it,-58.0,35.0,71017578.0,4536794,AP-AULA4C-01,Student
8ea3382336133296beba900aa5bbeb2be5ed733c2cc852c9e57b7c823a559704,20f8b7abd56a513ca74b3cf37e799841b85cbd692496d8cfdbbc767ab46b66e9,studenti.polito.it,-51.0,42.0,875544.0,971455,AP-INGCINEMA-02,Student
db4e9c6e85ef25a2fb59aae50e1274d56ca61eafd3a769ff4e5efe4b689535c2,b13ee685e71ebe9aa85e1f4595e8c0e1e2ffbe2b20b1df511bf68f534b6f565c,studenti.polito.it,-57.0,34.0,11732818.0,1382047,AP-VALE-BCA-02,Student
f5fb89ffd7d85cde626ec38045326fbd40d804c55681f396482a9fde93302eef,29732e209e72ac230a3d87e0e52cdcf55218568528bc7347453f54e5de147867,studenti.polito.it,-63.0,25.0,197045864.0,10014259,AP-LING-AULA207,Student
072066f278f914e166582dbe2824f17aa064ea37dfc8aa31de238bf514a55eca,9e3d0f11511c97c4558855247f9c4f25a4e4379881d1c036646a411be6a85581,polito.it,-67.0,30.0,85262356.0,10768708,AP-DIASP07,Staff
688abbb92a548d91de6f14073a58f1bf6e1f77cd83af1884536a2156b72d8979,26e47af27eb67c18e83c0407f488195dac53aff601c2d7c9b0a813a5e521cf44,studenti.polito.it,-55.0,38.0,105988394.0,4286822,AP-SETTE-SALASTUDIOA,Student
6cf683e38805fdf3f4493e87747ad20172853c8bc5880bacc3cb7421b4dab5e0,84d49e7a679b1d47515f84033df9318258344f25f12e496f184421812475a234,studenti.polito.it,-50.0,42.0,765648693.0,58837139,AP-GESD2-05,Student
ea7fddaa935e2d94f7b221059c9c1ff4fc27ce00e91913ec9cd12dd64b74dc29,3995539d655c2216a0532c05a29ca4fbbe3ca0281832633ac65bc76d68b8a007,studenti.polito.it,-51.0,42.0,754661419.0,60300950,AP-AULA03-05,Student
fd2d618ed358c801a77eb9337f2f4ad633ce0a9bc9970b8c110a31c9b98ea5a1,e05d437e1fe359d34c6be0724bf4d0daae1b62ab393884c01784003ec9a5e01a,studenti.polito.it,-71.0,21.0,131208359.0,101107845,AP-VALE-CHEVA04,Student
432d992b7783be6c10edf57fbe9cc9d943138d04a88ea3fec8c6be6ae26fed58,7e2f11dfc879086a5d72def6ca79d81e10c5bd315ccb02602bdf38b4d6dfd534,studenti.polito.it,-52.0,44.0,20344983.0,9542428,AP-AULA27-01,Student
34a872d8ce0b3a73e2af8f7f5fcc6eae71862ec8c0a9d03cf24c34ab88ac7dd6,359447cd9e1adce3e637a5bef1e549e304c55d7c6d669be3c89ece401c976e07,studenti.polito.it,-91.0,4.0,42257.0,9955,AP-VALE-AULA4V,Student
4c974665c331d200d80379f16d0b1d4057cb818e5ab2ec0e2941a03d410e2957,79c4d9fc8ae03aa77b057f9f2577b95c386b28e295d0bf136a31534cdbd408b0,studenti.polito.it,-53.0,40.0,38189720.0,3743396,AP-VALE-BCA-ST-02,Student
fc1801120c44cfb861fb60a4c73f66e518a0378acbc8c956e9099eda12b84527,3b35bc2486a65b1c13a6bd4dd067a4a89aeb36f6dfc7efc3b8fe69bc3e3ab7cf,polito.it,-60.0,34.0,11147.0,6066,AP-DIMEC18,Staff
bd07a68269c2534246fb504cd4f83f4ca5f5f19a7752ee61c5965dd26f9a8d95,0563483df01fbc668303348c8fd1763f5595758eb8e81228318951ac07e6d69e,studenti.polito.it,-57.0,24.0,29039791.0,3408149,AP-AULAR4-01,Student
532337aee3885865c93be4304c156ab311bbb34d5a4bdc3c16b97199885bddcb,c1eb996028be1c5ef850a0ca5af7874ec946c1cde1ef3c553344b93c9c32e8fc,polito.it,-68.0,25.0,2869033.0,1819942,AP-DISMIC02,Staff
01547026f97b2e342ed8e0f844c3a66c1d690f2172a1209e938ea8b35a978504,25f7b32f7e1e0f82c70c58dae7b7f1bd4dee4f4e3c3058042c7bb35376ffc350,studenti.polito.it,-56.0,41.0,3868687.0,1202281,AP-ASSTUD01,Student
8d8c4cc39684847b571249baf563e6b00c1a1dc3d8e7be805fb330c848a385d0,1bad789e3f835d20e52852d821e90f49b866d8dfb31ec76c2b4cb95a7138645e,studenti.polito.it,-47.0,45.0,54857634.0,10616031,AP-SETTE-AULA06AM-02,Student
7bc372650e06a2f8c44ed8fca70dde6d9bb68fbe49ddf772228c61859ea4d707,eae648a76eb3b40faaf4f7957d51ca1f9003eb54cd8b921d6ca96e04507fa808,unito.it,-61.0,36.0,49914389.0,7752136,AP-BIBLIOMAT-02,External
eb24ed9965d104c5048d68f733a1b71f062ccdb03545b6bb8d484d350077b942,c7c0863eadac4c0a150c616091d8f11bd8beb6d2c62e75138008a93d131d6460,studenti.polito.it,-52.0,40.0,10662903.0,760400,AP-AULA5S-02,Student
105777096b19163b5a510eda5c22f857f89d5ad75eae1a995aee86ba557be0ba,a6aae0c511c7076edd60b8bd0485aaa8f3bfb3ccdf17a38e544193b1e8e6b060,studenti.polito.it,-43.0,48.0,15920888.0,1218936,AP-MIXTO-04,Student
2c2e1825332257835944fc713699d9b7d8070b9e960e023d5c62216982c13951,1bd775b24d015d4b04ec00dc47f6f56891707541907c0e1107c00930f56d9cf6,studenti.polito.it,-65.0,31.0,2064263.0,3070726,AP-AULA27-05-OFF,Student
8334824e6944f5c24d9039ec1c92ef4f257b7b5f5121cb9bdc74e8e05aed6260,622f57bd381b71b23e083a83213ecb42edf76f45f5225b1276174adb4aade37e,studenti.polito.it,-54.0,27.0,8577.0,3171,AP-DITIC03,Student
607dea73cd3109125a0348ed1ec2b564c39484a03306f2b2dfd6b5870a6e6802,094feedc248f371d3698741f53acd4accaf8327e2b0a4210044267a91b7a93a6,studenti.polito.it,-59.0,33.0,126494282.0,2644661,AP-BOGGIO-SALASTUDIO-0,Student
e3f3a41da96865925fc8a997601f155901132c89c543cd3e64de550414d484ea,0b49f7583056f3ebfbc163073446cb3eed2618f2567325b13f293e36d7db2d60,studenti.polito.it,-52.0,40.0,14710159.0,742350,AP-LING-AULA306-2,Student
8630fa02c57e83e03536cd5bbc8515c1383a7d1a7cf2c847cbbff9fa4e2152e4,c19ffc7a21f6e6434a4800a2c562823ab1199e36457c25079fdb41d9c9f20f58,studenti.polito.it,-51.0,43.0,74506803.0,1425656919,AP-AULA6-01,Student
a2fb158ce3cd691a9683ec717b3c10daa94f896556709e959c5b61ed9f9c800a,3f2df2fb1467d19c4ed45282652b401b79ddecac1f40c1df69bd4318229d74f2,studenti.polito.it,-43.0,48.0,176637962.0,4888221,AP-BOGGIO-SALASTUDIO-0,Student
ac101194cbc7c6be70b32ea7145ceebc78b86422dcd3d641de73832e0a923e86,9950848ede8086bba042d1dd9e865ee744461ea7e60a3e6ea6fbcebceb26c79e,studenti.polito.it,-56.0,33.0,9018335.0,2702615,AP-LAIB1B,Student
688bf93afc3322270e0265931bafb16420efa0b8eced37be1a8c23212bf517dd,8b34d2ff0a01ee4cba199b4617be51bf4751480bbd92237ecf9edf7821540b2c,studenti.polito.it,-55.0,41.0,13209096.0,81481035,AP-AULAR3-03,Student
1c428bf9cc2fde1e3969e51ec28bb44f0e41d6a0db0efa5cdb6870671af60b48,485b7edbe50c6eeda3a9df48424b1aceb30924ee9bf4f5ee3954ceab9ee1ff1c,studenti.polito.it,-63.0,30.0,321300524.0,137174699,AP-AULA2-02,Student
675b61f558ad2f034a6f7a56758c1e4aff3a4d785bfa48773c203a89697d074a,2f42eead390e0ca77f4f54c92c5f7961a5cde7c4d729132274dc60067003507d,studenti.polito.it,-58.0,35.0,160422.0,165021,AP-EXREALEMUTUA-R2A-P0,Student
fa7dc2dbc1055e974097ac4a91d971601cbc27b3e5275fd310e8a5bd0822701e,81d9352503ba3de88964c1fc55e649b538bd440837b4470d09ec4e00a0c89c1b,studenti.polito.it,-49.0,42.0,54783857.0,3623165,AP-AULA3P-03,Student
69e8e81f3b1bfbaa3fe7c9e8d389125be7553d6505d1e4630cf07946699e84fb,b13ee685e71ebe9aa85e1f4595e8c0e1e2ffbe2b20b1df511bf68f534b6f565c,studenti.polito.it,-42.0,51.0,1053401068.0,4030653,AP-VALE-BCA-02,Student
eb88e4090b66d19a386727688e1520eab7fe585975b3f3fb89afbf2960cdf3a9,d3b663f445dee287037dea0cd5bc465c11f521f9bdba1e85cad06d42f74aa21c,studenti.polito.it,-60.0,33.0,37853373.0,941693,AP-AULA8N-01,Student
4556887810db8937f9338373236b1572a06a965e007544a1e8773d97715f00cf,b23a99809c1b40477316544b5cbfddbb891e9502410b7ed9890c3fb1621b7498,studenti.polito.it,-52.0,42.0,13568712.0,1807253,AP-AULA2D-01,Student
6121ef71a7e57995f96172a79e8340892e9ae7fa3b37c3d4d13396678a743f7d,b5dc0a401f516b7c78407c9f7dce963a32b50e5b256b3e59be4c02ea6e0500bb,mu.ie,-60.0,31.0,40388148.0,2517177,AP-ENERGY-EC3A-02,External
4bf4660c9d671f0a91424ece01314a6939cf09b0c79988d32983993321df1aa2,f0d7b56fc94957ceb282775fdbbf0aa40beeb47efd8e78d02b24aef4f7b13530,studenti.polito.it,-50.0,42.0,193532385.0,20158815,AP-GESD2-03,Student
2f938afed221121f02f86744bcc2191ea0771f4dbf897b90f10f05726d22f859,541b14957f243761b8158cf8c613a35f8ba136eeae5117ce33c8da81e44bae41,studenti.polito.it,-67.0,26.0,97133573.0,31701759,AP-VALE-MOLLINO-01,Student
a490cbdc387c2a86f010248b21be8b3ae7ee2000b0ac3f782d6093f8fc731c7d,1ad549286696eb0aaccd0fe8c1971bce4143b4766d9ea522c136f0d01602a9ce,studenti.polito.it,-49.0,43.0,43250524.0,2594834,AP-LING-AULA203,Student
68a521ee0a5986e225324efc1e7292fd574c416ea346db396cc42e8e66af067b,ee04dc688ecc652c39b5b8c5a83defd9a233b7da42f4b47517c519610aeeacea,studenti.polito.it,-70.0,23.0,398389.0,795507,AP-CIT-DET2-02,Student
8d42f142ecc2ede623f5b3487633f09b9db8636799b33dde6860fbf66a3488ba,b7d0c675cf10bfba91b8a156845006917272e2a40ee3c4eddb4d0275974f8ccd,polito.it,-84.0,13.0,88145025.0,2275378,AP-CORTILE-05,Staff
456195acfc2583af7d6d9ff87d649686be9d45d6f3b333d09a3ac21c45d21e12,a6d60d1d914ee145a686e9ed77270ba952bf12cfbcabb0334b3dfa244f76697e,studenti.polito.it,-77.0,10.0,723838.0,719715,AP-VALE-BCA-01,Student
1c8796c2ede60c1f523d1679ad7e9bd9545d369cf6d7b5a12529781f9b3eb10c,4eb01cf796ad699f24b09516c9a72eabeddb0848fa00f0bbdaa0475d00a1ba60,studenti.polito.it,-55.0,40.0,12049711.0,2132851,AP-CIT-EXCELID,Student
7d74988630739363e215dc4f954d10ccccd6d01096038388dd86de45d8a52263,b33d4e46ef32c702025c1082aab47c7011090935d469f585a9e603928f6fa479,studenti.polito.it,-52.0,41.0,24770125.0,2726863,AP-SETTE-AULA08AM-2,Student
bf87640432a2ada817e15b245af1f82b32410780770c7781f40444cc099a5fc7,a5a797524376c264f2c785371e63a4d0f254386c5ed2f95d6450b3df58b0466b,studenti.polito.it,-54.0,37.0,281838780.0,71828900,AP-LING-AULA207,Student
2bdafb91624eba3279264dd274c5d881d2166a48e1eeb0803ef8e644760a1f61,85959d87e6dc9df234858e6f943be240aa8d3762d9164a2ae7a6c21154d466b2,studenti.polito.it,-47.0,45.0,82565916.0,7415705,AP-AULA1T-02,Student
54f6c6b761dd5dee6cf145ed00fd0872b9e1af109d5e1ee6ea5d737d3a054961,6f27735cd09f11b1175fb3af921f828fc2fadc38771b14642af1bff49cc2a97b,studenti.polito.it,-45.0,51.0,970483.0,1310123,AP-AULA29B-03,Student
5980a21fc15ff05d8a6844e401e1f0ea267a09e0edf5e7df27beb3fa5fc3f064,b4c14f10800650e33e1136154e88a072e03109400ee821f027617ecd5ed25806,studenti.polito.it,-46.0,52.0,46343021.0,6323580,AP-AULA01-01,Student
c83b178392a817711029c95f95ddad2ccf2740059325c0e13ed0f4003070fd79,3c37248dc6edfcbff7d81ce9a881d7dbbef0488f64a773a0b3ea5865a5fd3598,studenti.polito.it,-56.0,38.0,4836384.0,321151,AP-AULA01-01,Student
3f06221ca35f4e5c9bb68c39e28e230d90ad5c0116fe48ff4711027e3083423c,94617247acb7a4bedc8ca331f2ab3cd64cfba1fe460e979b3707438258a3b4f7,studenti.polito.it,-59.0,35.0,1254695.0,448807,AP-AULA2I-01,Student
88b1288562dfee651d93f98f76341fb53431aebe8362cb39fcd04ed98998dddb,7cf5287e773c1bd380cbbf214db79a6d357d7a50fecefdedab07d362764b1fc0,studenti.polito.it,-50.0,36.0,71473.0,31984,AP-CIT-EXCELID,Student
b28e9f9df11db80e4fb9bf60c2f58b357d7a33e5d0f0051ca3fb8e6e32ab2d75,e7880511669842ddeb97a55ca2c19300ba406dda44e7921ce47695512f81bbdb,studenti.polito.it,-43.0,50.0,178842.0,141141,AP-AULA3P-03,Student
9b46359dd97c67a1adf976b8104b734a5d1ee8ca1f6326fd83d71fb9bf842ac1,f8c2b3ba655137fb82a1ccbed566a26415a2a76979f79868641c691457578b81,studenti.polito.it,-62.0,33.0,8675760.0,1283544,AP-AULA8C-01,Student
ee725a2669f345d904fe9ab1be994321d64d863ec6e0f50513e38a50ec8682c4,3f2a01581215d7f0cb5aea0a901d5809ad43f458bd0b91139ec6398855232f8e,studenti.polito.it,-59.0,29.0,354610281.0,6956102,AP-AULA7N-01,Student
50e61acbee7b48bbc069b66d0e7c11c5c6dc95eb09b0554bd76b9b717f1bd849,a7851215343beb7a4e26806fa1a8e133c2f891e196286592f018289ff5ea7cc4,studenti.polito.it,-74.0,18.0,7184516.0,809145,AP-ENERGY-LAB01,Student
4d3dd5963088db192c40f4042c2bbaab3e5481feeb3f9051f35f779aeef9a3a4,c3594981a7795a9a0cbd94d590e9a07339c96f37a8cb50b4551c29dbc3178b4d,studenti.polito.it,-50.0,39.0,1007171026.0,27174960,AP-AULASTUDIO3-3,Student
59172cecf0cfd7fb8a866f3fa72087511e00f3b1be8cb0e12d4706222c995765,6206b7cbb6b2601436eda4b93c8dbd7bdb4af548556ab14ef5a04535961c788b,polito.it,-58.0,34.0,83933865.0,9374925,AP-LAB-ANGLESIO-04,Staff
29b6c747d4de3ee2fa85597585d8d783b108ad8d53251ef109ea9be68799ea60,8d8947b03074567022e326317499e0b4a5ae9b49642b1c9d1be2ea0cb032a499,studenti.polito.it,-40.0,54.0,26123305.0,2106782,AP-AULASTUDIOR2-02,Student
278cf173e98ea20ef24419807d5e70d4d7f48a1b61ef59e189af6b88e45aa542,bf7f314d698791c7021b13aadac8fdd8a6f0120b38305cc6a6d964eed80e47c8,studenti.polito.it,-46.0,47.0,1745464660.0,756323988,AP-SPECIAL-NEEDS-02,Student
fc3c08ed8e8db0aa4a31fac1853f8eac5b12714f2ce47204947cf69054946746,,,,32.0,0.0,0,AP-SETTE-AULA12AM,Unknown
91da141288fc500d212839f3097ac58afa9ab3a9c6606c4ec7adf23b9463b8a2,ab8bcc9377f32e98134edacbe736dea6c3ff4e1ba5dea165fe0fe130833c86bd,polito.it,-77.0,15.0,112331201.0,13843373,AP-DISMIC24,Staff
e6bcedbd9d850065c346aca904760827729f0d5345251a72ae083ee464c8ab89,0cf84fdc786660002a5b0bd4bf4d18cd437b406ad60580306709b95bee544df9,studenti.polito.it,-59.0,33.0,6561403.0,1376051,AP-AULA12D-01,Student
9349f5c23ff2775b0bd80c5597ca6fee71fd41197d9cdcfc825f5acb053933b3,abfaebaa53a0c5ec6c00950872a558f93b635ee5df9dc0fe4a9307ae5f42c3be,studenti.polito.it,-72.0,23.0,151539113.0,9642785,AP-ASSTUD01,Student
451cabc299078fa14b4030be2970141a2d45e20f0067505f2828af1cd06aba16,2c977605c2087e6ce04754bb43851236cbba1519e6f73bb12646a3e128a2936d,studenti.polito.it,-57.0,28.0,241234845.0,6797351,AP-CORTILE-04,Student
26ee77d14fe355fef8e9864933d85ff2602597cf6b53bd4c033b5b29d7005b1a,60a967681bbe9d301b834a8830940906b3df5c7ff3d981d542f3b9dada690efe,studenti.polito.it,-57.0,35.0,6724837.0,1005417,AP-MVI-AULAMAGNA-04,Student
2cfe0188ffce89be4278d6174dfb1ff83e6e4f5895876df62a870e3a6a570b50,d0c28ff2ce4ece9c204e6fbc56993f49f3e20a2e65d5b57c54ea3131c9e962bf,polito.it,-42.0,51.0,3918694.0,1564603,AP-MVI-AULAMAGNA-04,Staff
a64ace16c76e8f3006414a64f80bbfa77e59d37b6067e0c62d67cc2122d6294c,a31e19f1be8df420950195d1f192b719adef61ec104aeace594a55b31d97af94,studenti.polito.it,-53.0,39.0,50089367.0,6584882,AP-AULA7N-02,Student
73631253e0e38c36625de4e494b93ccb13d287c67664e66c4c208cdafaecbb23,eebfd2453b9c72f63ea64a2c95de5a44eacc1ff394e223a47637be71ad9d2ce9,studenti.polito.it,-58.0,36.0,200481708.0,13370340,AP-BCI-ST-10,Student
c7f82c7e6de1638a55273bfa4f3d48a9a925ab783e0d3622a69371743327b50f,89e575c81b812997605470845818fc75e39da659e4ef34e2239578a1e5f841bc,studenti.polito.it,-68.0,26.0,26136800.0,17939777,AP-VALE-BCA-ST-02,Student
cbb1052be328b9c6ac6c23ef0038ce620d7c7bd03c2a9ce75722980b1362577d,92f88046f69b7095faaf84b65f0229a9d5de5a3040bf6aa9009494563cb7b4cc,studenti.polito.it,-52.0,37.0,24945796.0,101633718,AP-AULASTUDIO3-3,Student
3de5e58f2d5802f252a3edbd553c9ce49315c2298ed9a16ce278dda18f7ffd0b,0c0edef1e2366dd55e01d49625bed6ad5cff98fa58c3be750debd8e82d0853ce,studenti.polito.it,-50.0,45.0,653536.0,737732,AP-CIT-EXCELID,Student
e11d9ddb79f06534a8e862c7031c7cc851fbef5b7518d4982a3636295e7340df,28223a4251ff51471b4c85865a261128a8182d253bf0a8183477bc7e1a16f2f8,unipv.it,-59.0,34.0,1894061.0,335930,AP-CIT-DET1-01,External
48208d8c1b1aa93a3ba5f375dd30b13883f1f94856782e126dd51530110c97ff,a87eacbcfafbb27346c57c3d4ad24f060b86e15ce198fb8471e80aae5e49f989,studenti.polito.it,-60.0,35.0,137260678.0,7890885,AP-AULA4I-01,Student
ec1f6033dd6c031a93a447b2b503df185830580100288edf8303add3da1f25d7,3b981af1cf4370a06e1b86b59910f3bc868c0c5a49856ed181df2335d47de56b,studenti.polito.it,-55.0,38.0,5685962.0,1672558,AP-ENERGY-EC1A-02,Student
9666730f0fd7c13e48028744ab85f1b4eee52be6786d893fe294c2f79ce4fbd3,3867c0ae9a76223b170cd050b646c6e6ff1cbfa7381d7fd8f500edb87106b806,studenti.polito.it,-65.0,24.0,871887071.0,31746521,AP-SETTE-SALASTUDIOE,Student
a0cdd5a75aa59e81f8197563d23f6ee3df57aa5f7bcd4a9192f5cd7efc96e6d4,b168806ccfe528f2531d2c8c4ea783dcfda923df2e11dc0bdcd6cdaccd03e1a9,studenti.polito.it,-60.0,35.0,73157989.0,7508069,AP-AULASTUDIOR2-02,Student
929abd8961ca9b882b62acf899a6234c9993fba3eb777772fddd2e6c2cfb94fa,09b733ff0a1020a6d9694ffded95c371cc5bf3750ff5b9b5f935270e8533382c,studenti.polito.it,-65.0,29.0,1230503.0,6095975,AP-LING-AULA308,Student
4e61446799c90801d9124b3449bf4bb82648073f44ed270454323696863480f1,333a52fb8e7b2fc014bbca113a41e1f1183467cced8849c6f61a70a9afbe14a3,studenti.polito.it,-36.0,58.0,1841729.0,1009606,AP-AULA08-05,Student
02b81fbeac446c7b1075775fdb1c904a69bbf5c3f1e63accab6cd8f10204e28e,c5686f4cb7dbe8a063440a515988457cadd820e7485ccaf7c623dfec3b8c1a1c,studenti.polito.it,-61.0,31.0,2008036.0,2501307,AP-AULA27-03,Student
dbaff4ae51cc9e5f760ee7e5475d31876d42356eb17551b270ce1c9c53dfa5eb,590f4ee71ffc2c62d6c53fbeb004597f5c00012011c6579cc4309e3e3e660ff8,studenti.polito.it,-75.0,10.0,363815134.0,11695229,AP-LING-AULA212,Student
5a465acb0037ecdeeea656b74eacffaf47e3fcec23e65470232cecc91ef2fa4e,84223787dc91e6a0311f8e4cdbe2e85bf72a64775402b9f68e1af1f876c15dfb,studenti.polito.it,-54.0,39.0,8016267.0,2997559,AP-INGCINEMA-02,Student
40ec82fd13f555dd4583c958785b47eb1ddfaa6e14b871660418bb4f8406bdf6,1e79a7225db4dcbb356127d3a9469248c69e344056d9d0092c92e8645c03adf4,studenti.polito.it,-46.0,46.0,118521.0,55472,AP-AULA3S-03,Student
28083e8485697478efc4bff8f52ee1ffb3bb43dafe8e0eca7b286a2c79ac369f,a96ec0e46a4e62283615262570580913bc6bd8ded25f3e5118a62b657793b187,studenti.polito.it,-64.0,26.0,451120930.0,4915367,AP-DITAG08,Student
53e5246be47b7a005bc9107b2b26c89daf91514c8c455134e5a5f5237ff7b0b9,b9f4e13d83578a7d971e2d742060251a714a75364198a6df8852fcc989033aea,studenti.polito.it,-58.0,39.0,60880231.0,5983876,AP-BCI-07,Student
8b394abebffddfd09443170408b434756660405d90ad822afb40ebcc01acbfb1,ed94a426ff03ddfea1ab8eda735a45198b29be58acc422d2b168174c1e58b966,studenti.polito.it,-73.0,18.0,1026790.0,582512,AP-CIT-LABINF-02,Student
fc037b261362387da2a24ed5bcd87de8d6277e7a643eca92617fb86bf7dc6d13,717d05e6e6d32ec143616f3dd0b41536daa37f2d0ceff2864216e74a0e4c9060,studenti.polito.it,-55.0,30.0,436519665.0,21874912,AP-AULA12-03,Student
8b568390df5a47ce7303cc0a8cd5cf852bd04f31cd359bd9e69b409c08711450,d42ac8ccdf5effc5341ba551af65db48c80653f8f23cbab758037fb7b46dc51f,studenti.polito.it,-48.0,49.0,121546684.0,3949597,AP-BCI-07,Student
ce0350427a7c28143e1a24d6a73e95591004efe57bf05e51fa111ec79c0586d7,57d8358e319794e3da0877d01d5b92091080f63fe8553bca12a76b3d914965b0,studenti.polito.it,-62.0,34.0,7531650.0,1324721,AP-AULA10,Student
3733a5f9c24591b297adb295da3601d088717d279014a1f60ba2d0e9235e78da,a6f5ef7bde6793eacfecab1f6d71a11aa7e9ffe1a6a793756a08fe979549b163,studenti.polito.it,-48.0,44.0,6703680.0,5686662,AP-AULA6-02,Student
476bbd90d351f055d29598a7223ebc5bef72de1661f1407efba49678d714667c,a640d8e2d842b741435c23f3fccf747c05425c600901bd774c73e3117e428aa4,studenti.polito.it,-53.0,40.0,361254807.0,20373213,AP-AULASTUDIO3-3,Student
5b97cb7cbdb546bd6ceaeae6af91883b7e8d723fea6552f3eb659bd5227afe61,1bc83fdd63914a054a6225d2027c69751b70c9bd62136eb27a80f25bdcb81cce,studenti.polito.it,-53.0,37.0,8645775.0,3293016,AP-AULA2-03,Student
fbba3d9e85196b91c35f41b8992a38b2ad739dd9c96bee6a8f0f5990ac99cc77,1ca5c785c09b96e0ad293dcc050908f1c1ff23fadd1d45741a6d7976992554ec,studenti.polito.it,-46.0,46.0,29029659.0,3291702,AP-AULA03-03,Student
da02aafe2f035383102a202405f0b763b7fdd5a90da2b8e58c3f3d8dad30e17c,1e3dc460f343846d2ea74c1fe75ff98ade3c775f3395fbfbefe1c718c88c54d9,studenti.polito.it,-54.0,37.0,12179126.0,985114,AP-AULA2-02,Student
1ae88b8a9bb1e69fb4512cd99ba7c5c3cb03fb07233310b20eb7cce6cac1b535,d6224f07ec31e0dc433292a91fdaea928e202993288d12cd2f530fe0de4fe506,studenti.polito.it,-65.0,28.0,37373761.0,5438145,AP-CORTILE-02,Student
22cb884108a51f6ed5537c974aae4c772e00376750d6461f03a3742218004f54,e93f60aee17a401587819a6bdd36260fe432143435a541562b1db231c9582c15,studenti.polito.it,-49.0,46.0,76374643.0,1657033,AP-AULA8C-03,Student
0beb2966ea284a9bd25e79963be83fc8180d9ffd0f317c2468d6694f34cf9289,3aab2d80caeee797791ba01839079d5374fc7454bc091d3e0b972704a1d97c94,studenti.polito.it,-75.0,18.0,1225608.0,308437,AP-DENER03,Student
49e5bb7fb4f8dd48718f86a6f9a6c3cdf8596d669b0f724c811e46c8e09a7620,9e29b297e123a50b7cd250713b4ce2d6667b8f2889a75cc70def5bef56ce9436,studenti.polito.it,-71.0,26.0,214041856.0,11975766,AP-ASSTUD01,Student
5d8f39ef71abcb8c9c16eb69b4ae2ee5c83005ddcd978daded584c1c1b1e324b,94d118015df0875dbe6820a2f6db8138113158d7f2c6414c3c065bbca5b69116,studenti.polito.it,-64.0,27.0,59704929.0,65209700,AP-DISMIC15,Student
a422107898b5aed6dc8c5262f292a12ff560d9d96e02d69b9f205f1a477ba584,9a76f25a36786a04071bece7a20b96a3929cc0d167c6215a30ee64c808c85ffd,studenti.polito.it,-74.0,23.0,12153.0,31049,AP-VALE-MOLLINO-02,Student
a31e1012412818aa7fa7eb8b75d5889f0d8ba0d1dcc01e669d53661f4311f3a7,2e57574277bde516c04b3b95da1fb8587303417eda31eb3c3f73655605caed0f,studenti.polito.it,-45.0,49.0,578181035.0,48901009,AP-BCI-TZ-03,Student
0e1015d4341a3e2ba97b71fa35e340578ef41a855db6c5fe82bb13cb390f7a11,38c6e774c505e6534be00d28ecea0c9c7fc9147cba09934f5b6aa60f24db56de,studenti.polito.it,-59.0,38.0,428913521.0,53162083,AP-AULA03-01,Student
ef2b438b0d4c9b1edb960f5b14db702548a5a195b79a455690e3eae9b64ec508,0a7af882757f3aa590341a7f0a9080215f3f11be27b621b8d581bf8f5636c8b6,polito.it,-57.0,37.0,123225.0,78582,AP-ENERGY-EC1A-02,Staff
75e2d3c6165fe74429c63dfb7653826b9559e244fbac433d03e948dc07b245bb,33d4d6592519d31e6417da6771ad4181cd394803d95fc4ef8c16ae6829016254,polito.it,-61.0,33.0,21912934.0,5558972,AP-DENER02,Staff
e81ee9e1497289f384fa039e13e21ff64c8003fb7fc3ccf01aac82690eaa8b51,600a13ca42e13d96235746a2508eb4af35c93bda2a2e681f0dab3dc237deeb65,polito.it,-55.0,35.0,313690.0,161193,AP-CIT-DET4-03,Staff
0f9fc0c7b8dc923c2e1cfc14b7ce73f1e7f8640874f3d25c7b8bd22464e4fada,d6171464d7bf57a3209191c80b6f6365be530ebd1aaffc9d55fe56089de1fb8d,studenti.polito.it,-42.0,51.0,138266.0,498081,AP-MIXTO-03,Student
9cbe39a70a4c5f6210ae78acf098b4be6f2f4998d6635f720291edcc81936f0b,809ebd42db025558924e8a56ddc9078967477293e939b9e400bc382e2b2b94eb,studenti.polito.it,-61.0,31.0,3743996.0,1716238,AP-AULA01-02,Student
cff90d8d61062db6f0f72df893782bbc1373b5d9b870d87e33ef6833e9807df3,8844d6c4c89242e9b1a3912e1abf3225be0c52cd7db08ae65c10f1cba64032ac,studenti.polito.it,-50.0,45.0,60577330.0,2488379,AP-AULA2C-01,Student
7e246b786f4b2ff365f52ad7b78eb98b074af265292a146f3c9a32c28fc79a56,afb31b86b650c692ff785337cd3da92d65d6ec8a11e1aec9277b578dbbd9159c,studenti.polito.it,-56.0,35.0,226606.0,845546,AP-SALASTUDIO4-02,Student
23af78efe55fe3881ad08cd0eb9e1bea0e5a4ace5718c7cb088133e621cd3c81,af6773c7abd05786a7a9acfa957c7a30a5e3d71800cd6b5aaf32f7ccbb444c49,studenti.polito.it,-63.0,31.0,4428466.0,1716601,AP-VALE-MOLLINO-01,Student
99ea559fa5da40ec9490db1c017aa8481ea5ec5adaaf0172157666aefe08115d,b45797b24f5d6ced7238bed62b4678864db104f21e84a45b080167756aa9d6d9,studenti.polito.it,-76.0,17.0,190890472.0,10613282,AP-GESD2-03,Student
5d3a5c1563489095a40e47bc69525306535d99243b1e8cd3736b33f102893062,d773747cea494e963e19499e3ace4b5e0645567d9b6e65376aa48277fbbe4fc5,studenti.polito.it,-51.0,28.0,631236031.0,15488786,AP-CIT-EXCELID,Student
24ae21e8f5cfcbbd81b2183ee8d5ed8d2794b3894d4cb40638435fcff61de1dc,8b91a5c039a36c4006689656ff92ccd16197dbc3e7e2b95e2a3c63cf30c5849e,studenti.polito.it,-72.0,21.0,8949839.0,237093,AP-LAIB2B-02,Student
53343822465e39c897db54dabe363e911f8ee1b6107fb15a0d45125602469904,3781d7186aa702db15d66f2c84c6458f0e0030c2ce922d5ab07238012fd1f707,studenti.polito.it,-57.0,34.0,93592279.0,5132917,AP-AULA9S-01,Student
a6143a55c0e4f3d91a82709f5ad9c154232e8fb00ec9d237a9ad729d2b21effb,4fbdebe9885e91d772b6eee621aa619230969802e1c9885aeaa48277bc9873a9,studenti.polito.it,-54.0,39.0,472608.0,295636,AP-LAIB4-02,Student
9bec6e378d766b58b589ad8d431eefd43eacac2b75ae7856a64b409babe0c367,00533f069bd36d0204ef32fc453c9f836757d3905851a2e1639e23c0a8eb078c,studenti.polito.it,-38.0,58.0,1018918537.0,39459611,AP-AULA2-01,Student
8639617f846ec44ec145df5f1cea80702ccaadb46a530a1a5f3d0a04f894ed03,5b56ac0d929a28c1c2e66fd7b71c55b90d75b872f3f82557cc9d136769e5db9d,studenti.polito.it,-58.0,37.0,941030645.0,75688626,AP-AULA10,Student
d4df57b48ebf21811b2c9fd0a7c9dbf210f90f12e8d8c4c24686490ffd333802,79c4d9fc8ae03aa77b057f9f2577b95c386b28e295d0bf136a31534cdbd408b0,studenti.polito.it,-57.0,36.0,225777258.0,8704667,AP-VALE-BCA-ST-02,Student
9280cd6d5ddb32bbc591e6aff79e249305963dd2fc3d70a526ac6bd1ac8ab65b,35a92cfefd7b7d844eaa2beb672df500becfb184693dcb40839dcf97f6b017c1,polito.it,-55.0,37.0,3844059.0,1482430,AP-RETTORATO-RETTORE,Staff
19260ad70ad81b80a0008610825b62b0b8f25db1a68b7fc5d629b8574d957257,29934bd0399d6d33c3d87bd0e462f4d530bcd1c7e12a464b532af003a3d53b0c,studenti.polito.it,-48.0,48.0,4123177.0,1040947,AP-AULA01-03,Student
4c1bacc73e6e30c9c225bb2e0b3e59d2186de233cf772c51073f30d291754f65,1a375c5f0b329bd6b9cc3fa2ba12ffb20f91dbe51917e40ac2ceaac0369e2738,studenti.polito.it,-53.0,40.0,97696540.0,22097387,AP-SETTE-LAIB2S,Student
57f1e17abfe060970f3612040cee52e6cfe0d9200f23a537d5ac15787952cf6c,929b412816ba2423f4950e120576da36111cf35e53a05a42a4d0f056e85dd5cf,studenti.polito.it,-55.0,40.0,186342488.0,31153049,AP-SETTE-AULA12AM,Student
3c78ef18d58f0305e6ae7134ccf42aaa4929f88601f880c1dccb887a14c15a71,f9f5ef0f4e10a39161ebca78fb1cfd84883f5bc3d257a7b6d5e5778bcc64c306,studenti.polito.it,-50.0,39.0,453562330.0,15154013,AP-AULASTUDIOR1-01,Student
459f34f7681687370fc3da075954517c800b9693be1ba454d6d4ab1c7ed34dfb,ba5d9d89854a149e1e1c0591668027925cbd173b0eed5fe101218ad15b267459,studenti.polito.it,-57.0,38.0,355233795.0,135985958,AP-BCI-ST-08,Student
3ce7bce608357616fe2a9285c247e8bd136dd611d66f1a8a368e3dcc54f45111,3cd525bf9bf40f0eb135199082f9f698e60cc07da90ac8b1bc2a25f9cc1d218e,polito.it,-66.0,27.0,352966905.0,87898689,AP-DELET01,Staff
3b4b14c3d635c2cfab6c0242aa9bfb3f9a45e8205641bf9c17ca0b330249b9a8,aa756b340f497ae8246bd5eac6ae0dc944c364d0ec87aa9328912e6d0e667a86,polito.it,-58.0,37.0,1598567245.0,531846431,AP-DELEN-2G-08,Staff
0b5b6ecfaff50415346ca5c972df62c577361d7bff0453ad900a66de39186927,f6ece3cc5b8aa6b17a0e4385e1f104c35586a22dbd94a8474bc4f506ec9ab635,studenti.polito.it,-48.0,46.0,2722550188.0,61034167,AP-VALE-BCA-ST-02,Student
2fd2991cbf9c09cdb887173a3d7a57a189603e0d9795162ac6fca47f167b59d1,d41ab7ab9158024a2434e63f9f3eddb1cb47d4c6f6f9221f30c0e3fcb91eda40,polito.it,-64.0,32.0,192692113.0,158968824,AP-DIASP07,Staff
666e0223919110a8e09abf148efd59ffbd87f67651fde28648d548ef807aca74,f5e6067195434da80cb2c7619af812dc40552cd4203edead798a8fd445d7cb32,studenti.polito.it,-51.0,39.0,794494672.0,14442644,AP-AULA9T-02,Student
84452151da869965fd95bd6a2e7311068e011d5bf14706d48b3e5f9a1cbe3944,3fc3b43e9bd82a8a4c1342677b58dd05dae7de2c07f233d204fb24af8057b8ba,studenti.polito.it,-51.0,43.0,134796329.0,22004294,AP-AULAR2-02,Student
fe921a41b1f8c11f924476deb689bd8ff1289726b28111c19fd5baf2bdc91e35,c18c0462bc6046ec16ee7b1d2284423358e407a463c5770b0be71a40f9ee2332,studenti.polito.it,-47.0,50.0,30829319.0,8825661,AP-BCI-ST-09,Student
85637aaf17cb7880ec54e9de659faa2058b2b29b3c4057e80ce0e17e5aab727a,9d114f73d3580f6d9990f67dc0e0a61432eb41c91ad805c0d4939458f79033ce,studenti.polito.it,-59.0,34.0,2204893.0,1754941,AP-AULA4C-01,Student
7f2d8d97d2a673786b5749f5d4ea61af017d5f70bcdaf4992438787a58e4e65e,e15cc17f64df660539c87779817ff250945bacb49706d6e0237b80dd8c28e030,studenti.polito.it,-45.0,49.0,16460145.0,6700128,AP-AULAR1-01,Student
b8a154736e9455f4bd9dfa4911f9ce2fdd5965b3899924a18df3fa8ea7112855,4a9ea6ebd2d285b5e03370a42bd3ee8a17619c1d4c221f5a4d2262e96dfbf75a,studenti.polito.it,-63.0,33.0,1111575065.0,98602351,AP-DET2-2H-2P-ACQUARIO,Student
acbdd78f826cd859d4ea553bdab8216ea156c8dadfc721c783b781534cec3361,60c7c1c6c56924dbe836ee354e7ef1b7769c0f0fc90fd86d0ad635b466561df2,studenti.polito.it,-55.0,37.0,3259787712.0,54059753,AP-LAIB3D-02,Student
8050d498ded196950ed19dbf0c81fde5d6323f2111869caf5ded80f1eb08c383,d26e56b0b3ef40611d65d349c8af71b4e65126ee0119065a0d3b9d72a0ac4211,studenti.polito.it,-53.0,35.0,1240483483.0,22592636,AP-VALE-BCA-04,Student
7836b60f2bb0423d4ace65aa5de67b856dca7707383879b9f40d3e103a340fed,4c3ee8a905036372078325dd2f86dc012f72bd474a13ce04360bfc54c629c94d,studenti.polito.it,-50.0,48.0,4801450.0,1755631,AP-AULA29-02,Student
c1a446106aab3d4ba564ad096a8729ad79ecb757873efd1f9bc09fafc952dcb9,4ea28ea9fec33c1f9e0adcadd3dac22f95a3cf4fd95523e1228a094912d6abed,studenti.polito.it,-56.0,37.0,3057622403.0,169235469,AP-SETTE-AULA14AM,Student
f82554036847934348a52ddd3bde49f2f5a1ead458369c61140f0b521c9bacf6,ecab44a8597736b63279c9130b90f4bcd346880602037edbc74865aade735a65,studenti.polito.it,-53.0,38.0,36842159.0,16964972,AP-BOGGIO-SALASTUDIO-0,Student
74b3bcaa53c163aefb50cc640f516c6a5bce2011bcb9a688cbde4aec125b2831,3f2df2fb1467d19c4ed45282652b401b79ddecac1f40c1df69bd4318229d74f2,studenti.polito.it,-34.0,57.0,52033860.0,5179625,AP-BOGGIO-SALASTUDIO-0,Student
4d12dc62cf5772db5e1d02918bf8d29349702a56479c37d0dda740f04d04e9fd,400f17c91c428c02a3a99a7f37462615d1bff53a25e664ec7107e2b2606744fc,polito.it,-43.0,53.0,7353942.0,9577499,AP-AULA29-03,Staff
e8e85897e1d7a6467da6b6d24170b26bc4969c150d39976f2a5b63e053d64aec,c7081530c7de7a32e2cd22fbf887fb44bb7b159c8520756f2c7fc48c83e4a4e1,studenti.polito.it,-53.0,38.0,17292327.0,5299502,AP-SETTE-LAIB1S,Student
dd4ffdf76e28b5975afa92827d0ce52d2227b7a4af0856f9a041153345a78ffd,752734591fb8da19bed45f4e4fdc759438ac21b0cdb6179126a8cb3c8d319022,studenti.polito.it,-64.0,30.0,161131999.0,4005409,AP-SETTE-AULA07AM,Student
32f99937c379f6e52c48a6f74837f08c8103e7edf1abe910085e8aac77094ebd,cef82781f572a0ad975cd6b74fda3c40dbf77dc2cfaa7d124da22d5da48a230e,studenti.polito.it,-55.0,37.0,3500271066.0,67043876,AP-AULA05-01,Student
d31a7fa27d33364771dae184c7a973841efd7e4a17c345a6494a6c473bd10b51,bed7357f8e06ad015b86e7c46ef5d54a925b59607fe6a48ca9ed281d3ed460d6,studenti.polito.it,-58.0,36.0,414042612.0,23981404,AP-VALE-CHEVA04,Student
20b73d10aecb159d31c3863ae5ec0d82a62f50f095b47ed65354a0c535d0be68,1088e0a627e497ba058cbe000a6161cca5748ae448f3c469e57ed01b21aac42f,polito.it,-85.0,9.0,57542.0,314105,AP-DELEN02,Staff
6fca89a3a0208c18d1b6f1e58826216eaddd8abe27f5c37a06c1a29a719a1e8e,abe66d2ac8c1477709c5e412c44952760ff4041c8cd03edbfbee7a4cbf33e704,polito.it,-58.0,37.0,241659824.0,2913403,AP-CIT-EXCELID,Staff
14f67c9cc6eeb6f723b830602951e645dcddde8fb1b17e12f31a6379dfdc628f,2a6f588d5746d940cb77433ee5afe1135c6e653a5f31d677748367e5c1f42e78,polito.it,-71.0,21.0,130040816.0,40426456,AP-AREAIT-2C-XP02-02,Staff
e85a14f0c67d367fb51ba51c08256e0d2df77a8ad0b8da13ed7b3ed9a7f3a1ad,f3a99644b2c88371d02f92e73073710943caf459e30d7619f66b1ecddc3c40b2,studenti.polito.it,-55.0,39.0,1628019.0,1334857,AP-AULA5I-02,Student
4a8b2a8194f53e2457a249bb9b9b91ad36eb66a88b5fbe3ed3e839be1378890d,f5e6ccd05ffbfdd395d3e1961784a35aa28f45d48bea6a807f491d6edcd5e3f1,studenti.polito.it,-53.0,40.0,128881581.0,2646502,AP-COV-C3B-XP03-08,Student
2a7283ab8936dd675c5187af2cda0441e3bbc05f6a7a3c6209f03107d823aac1,5aa95165a61ac04335e378e18ddb6f61ed39a32ba55e3eff45a54e60c001d06e,studenti.polito.it,-60.0,30.0,16307495.0,11919930,AP-AULA4I-02,Student
5e23988639f95f8b505b46829daa86c233152fb1faf4eb8993951f88211c5f2e,f8c5bd8becf746baf3fbafb7972f555c0c1215bf7166198c59e733f99012fa81,studenti.polito.it,-72.0,21.0,45115.0,45483,AP-INGCINEMA-03,Student
be1fb20f9d43540fe20b7c2ae334bee1ce693c4bd909d33dd1bb8e855722e09c,09666d2322fee7ef50863d75be942610014fafa38516ebd685b8dc20df8cfef3,studenti.polito.it,-67.0,26.0,3685191.0,12712501,AP-AULA3M-01,Student
31b742e7280fe551b56592419dc6e0a49d9dfd8c463c56e955d4a06a85a84355,aa8bb7d24d75276189fcfbf344807b6227334b32be3da105a68de71fa9278f81,studenti.polito.it,-37.0,57.0,629945396.0,16629890,AP-AULA03-02,Student
08528c5420df9c9ed966d364edc7f2e92f82527a94b4ae60cbe160e3a68c3ed6,c29b4812fac8b51c104a09667ee4cb3a473258614f7a335ee440e0ad8e249167,studenti.polito.it,-47.0,46.0,251905567.0,4629761,AP-BCI-TZ-01,Student
713445aade8c94e97a1f4239d82449573ca3dea597f4506b6e7543422f742a89,e45bad8e44aa9339baa4fba1614bfc60d12dfb3ed43e7694dae9aa67cfb0f199,studenti.polito.it,-68.0,26.0,4779755791.0,638713957,AP-AULA4I-01,Student
440fff06145dfd06647cbbbe5ee77c8365c5ec8184f822600b3e90fee998d7eb,320cdc1a56b063184bad0af91b6c12b762282fd3ab10a9efa014e8639b542fa3,polito.it,-45.0,53.0,574972069.0,162771406,AP-DICHI-3O-P3-02,Staff
8ac14195e1abdfe4ad15c0eb8482eab401a60e3fe3880b0e6ceda156430b085c,76968cc74d1d60f569d8ac9f1a9fd67d1d36915b478e7bfbdee92d84e69446ab,studenti.polito.it,-52.0,42.0,20910947.0,6271815,AP-AULA4VM-02,Student
3a941d19d72d2bff1e104043e1cc46993657abb42c96b45b17935054b908e724,67cbb40f74f87190dd51eb0ff2ca96f69ffe029b06f00dff3c210cfb30eb6898,studenti.polito.it,-51.0,42.0,149104529.0,5672532,AP-SETTE-AULA02AM-1,Student
6582230f583923f6eff9cb38d222fba7f9ed1af9122cbbf92020658f29f2c95e,c4486bd46d548f052d5aff20435594c546a30ebaf65f9b355f9c3ea6a17f1c34,studenti.polito.it,-46.0,48.0,154459478.0,9918980,AP-ASSTUD01,Student
6c797f6a134a8d9865c8b8d9640e622d589694b629bb1941263daddb8ff228cc,7e7180e76b4b635511e86b72bbd34f89ec4e92142b86ac08cd6468d2d0e03d70,studenti.polito.it,-42.0,49.0,119647623.0,54181595,AP-AULA4N-02,Student
68bbdcc3b730003b8cecfdfcd63d8c5d573b30ec1d8c8616dc5eb0b33674e85d,63519a4c7c25cc0cd14f8bd686d68ea972ffe3eea9079e03ac4d5e6726fab1d8,studenti.polito.it,-57.0,36.0,226171.0,125491,AP-SETTE-AULA06AM-01,Student
35f5fb696ba82ca3fead5729e5da743496dfe28f44b260e62bad97f62d10ac8d,8e37f2c7244d22073916d60d135ceda2e92af6268af9242e92929fc6f172b0d9,polito.it,-58.0,36.0,54080795.0,18757157,AP-RETTORATO-02,Staff
77520d210c334475a781e4ea93f8b87ff250d31148fce2e766a1c025efe98473,a1084265893a55f27379481c58aad2579b13ce35ce935464a059a1310e9a688f,polito.it,-79.0,16.0,14040670.0,6327565,AP-VALE-AULA4V,Staff
426c980da67924c00081eb00d08eb7ebc68e170e38b08845aab8076d8da28937,33532dbf8e0284c919841b4ab3c33c35e9411c4c66520344aee39734ce5ecefa,studenti.polito.it,-57.0,29.0,66224413.0,11691948,AP-AULAR1-03,Student
f17284fe025772cebc9e57ddbbb430d9539944727a1d6f0454883c6c82f198dc,0f4c1075c24b0174fd2394b951928648ef2cf421ad29f55b9785684789691872,studenti.polito.it,-67.0,24.0,1927620259.0,55969072,AP-BOGGIO-SALASTUDIO-0,Student
c5d7f50e7d48b1acb248873ae98aa47fb02038dcc6024e67361d0cc2174ee7c5,e2ff2a47ff64af9afab3f4876b5462447983c0dd8df99eb81bd53324b48521bb,studenti.polito.it,-76.0,15.0,42938250.0,483028,AP-OA,Student
0f1965ce6695f2257389ed0ad972b91905ba35ba8a4759ae1c4db08029dc91f6,64a5ea484a330df7c6f9a1f5230d98b33d27e1dff85d63c81865ac5568e4c08c,studenti.polito.it,-53.0,42.0,24229528.0,1215473,AP-AULA08-04,Student
77dd37697cd5897a94731329add73b0a5680d43a71c5b498bae877255e782bc6,e60e94d6b0d2a208a3b09a5cafb5487a33be2ea75b7221b4ae601d7d61e6cad3,studenti.polito.it,-54.0,37.0,41305483.0,8150479,AP-VALE-BCA-02,Student
b8719e0d68df2cb0d93eacfdd91dc29145725108bf43b82a219af0c992a635ea,81ffe5b1c05c6c848258031c4b196a6c2068b0854125ffd2c50b4c8417675b0c,studenti.polito.it,-55.0,40.0,19128110.0,2218221,AP-AULA03-02,Student
5237db201a0eddc9e16ac3ca286726e7b81ca377943aca296b51ce187baf3a3f,35a92cfefd7b7d844eaa2beb672df500becfb184693dcb40839dcf97f6b017c1,polito.it,-70.0,24.0,9731516.0,7752801,AP-RETTORATO-RETTORE,Staff
f27c87d5993859fbc549bcbd6f5fdf3b7b64c2ae03386753db46140a0c94c2b4,5b58489e8c145ffca2b1c700604d297ea1211aa0d65769b3e4108eba8126747a,studenti.polito.it,-70.0,22.0,247547624.0,14531789,AP-CIT-DET2-01,Student
21c93d47c612e9825d3f779e5f73460707dc1000046433a0c2b237c19edeaca6,7356a936d783b0a009f129bf8063e7022ccf00d6b0b5d003c5283f702a69c73f,studenti.polito.it,-60.0,33.0,1136380503.0,10732156,AP-LING-AULA206,Student
ef7f0b182dd804cd3b8bfe7b22951efc098d14524d15229b819746c253c70052,de10f020e4560379972841b8ca1824255dccc84a6aae1a580c3737b92100783a,studenti.polito.it,-50.0,44.0,2728801.0,1652699,AP-AULA4-02,Student
bd94c100cce0cbf3634585a76bd4f500fd49c2f2e6a68b2fe2d6bc8aff7d2d64,e85ff65521abdffe583c303ce8df77a8898646c60d834adae6cea80280a42fcb,studenti.polito.it,-78.0,15.0,3940738.0,2485582,AP-LING-RECEPTION,Student
04f5b40df195c9e4daf150ce3dbe11259e1b9bb01bfb48b8388fa66d67993403,3e29a28d4293c0bf677c92ec808423e5663f84f8523cf9222c529b2b2525533f,studenti.polito.it,-56.0,37.0,12222302.0,25674462,AP-AULA4N-03,Student
969389ed713b22e46468170edd99512a7030305962f6bf68c50e33bd605b2bb8,afa0d75177bb19f049bf86c8086f3b90a65b079442185ccfa03bf532c74ccebd,studenti.polito.it,-53.0,40.0,115479193.0,5770224,AP-LING-AULA208,Student
802c3c725b62bac6a8f0e094ca52ab6b2d561179a835c5db41b8ee8f3243f275,d7809a41757b8872907bcfd8a6abfc37a1e9600089811e82f1882bb6fd4f76ea,studenti.polito.it,-49.0,45.0,423260161.0,733708343,AP-LING-AULA301-2,Student
1196f55c0336f7b808528470f6ed5a5015c158515eebddc24ab8b388f446d774,fb12259045d78d66bef93b711339cc8fc0bc005c83328f74f8bf453234ccc13e,studenti.unipd.it,-51.0,44.0,77993311.0,27549009,AP-AULA2M-01,External
6b2df3d1ba9e0b02b56999fb15c94289878dade56a339e4dde65deb090313129,45302f67e4dcefb77cafb249aa4b8be0434d26fb84e4604fb284b456fb3c1a03,polito.it,-57.0,29.0,314285.0,343861,AP-VALE-VIGLIANO-2,Staff
52a9da74c6b4ef3f9e2ff0b19e0e64e2e71e9c0a0708fa4097eb7be89599675e,5d759f06b85f91343936e3890d6dff205ed18d708617365b81d4a304dfb21561,studenti.polito.it,-56.0,34.0,4038389467.0,662379881,AP-SETTE-SALASTUDIOE,Student
84dcce951ef478566cc0f19afb50d32969deded40adeb5f6bf96e5ee5d52ae4d,f3cfa5ef87e28d96c2a87f36270be6ab6df4d0f39544e6d99130789a2cfa2bec,polito.it,-59.0,34.0,768524732.0,30596062,AP-DITAG12,Staff
a9419f703eb378e30d26af3c01463539b9715c3b2410c970e156174cb6664065,7d2335537fdd880d219088e8129a55b76ff04994439cd9cd49ed97ddb7f8f8ff,studenti.polito.it,-68.0,28.0,432579345.0,52895677,AP-ASSTUD01,Student
0bbe107ddc92e5a163e3b9eec3b2851658f768820221c1743a3b1f55b0bc650b,214bb59ce0ec9cbe61e18b769c2a98346a57362bc4f71bc1b673e7a3a3c8f5d2,polito.it,-63.0,29.0,32613316.0,7969931,AP-LAIB2B-01,Staff
b1d239d31d22f69517b123d184444b59704704994ff45511b061d5067ce6a0e0,2e4f009cbfcb935a64195b4cfc259a26941dd1294104b648cdcb550aaf7e08a8,studenti.polito.it,-71.0,24.0,588982148.0,37484588,AP-LING-RECEPTION,Student
cc7932aa49c5ba8e0b2192f0e50f90d8e32a5ce6374a6ad24e27747b4126e4c8,6a2e89b2de24f35b6e329f89aa4ed33768ac6919a693fa769d0e1e8b1372256d,polito.it,-58.0,35.0,17157819.0,5582931,AP-AULA12I-02,Staff
f3e45e123e85dd5d4d0677f810d406231cda67196cf76a39352901ee29bb4cc8,bb7c99d867027c3542b6bad05950c80485b866bc259e4b0bf79eca9937ffed23,studenti.polito.it,-68.0,27.0,392341505.0,12906861,AP-LING-RECEPTION,Student
b38713b05cc19195eb5bbb77ac0d79ff927be6585178d4ecc4084deba1793d8d,38797f1aaf906b46324043353b602c25b97aa95e2eb547a98444cda79db796d1,studenti.polito.it,-62.0,32.0,1384541.0,231834,AP-GALFER-02,Student
8a56b86b2609fa730c82fe6fe25bde8c648056ebc96e1f44cde30cf7defbacf5,15c4e6ba5a109ee49ba3017214835d9df59274749762e6ef06bd0e1494ae270b,studenti.polito.it,-49.0,45.0,4238350823.0,53162096,AP-AULA4C-01,Student
d0b03ad99bf027f27f612ebabba2ff6619b1227bda204cff9399f1a4f6c23db0,f9490d51df26c8776c7ae05c582f0f9da28a4eabc4c9ec804a327ebbf0be9ee3,polito.it,-72.0,23.0,25938783.0,2599929,AP-RETTORATO-01,Staff
9fbeb12fecf944d91f20a6af9506d8179e8efeda3bbf7222e77579b62ca472d6,f060d1f6c847f1b822923675cd34b9bd459a7bbc916266db6f1b61266c42e288,studenti.polito.it,-52.0,40.0,3190542699.0,76108191,AP-DICHI-3O-P3-01,Student
3d80cee178ef74d2b72282aeddacdf86dc6e0a2ed27079b3f69f7f749ac8a95f,715725d32015fc56dc7bbc5f7479f10ef678c5e03b3ef41f05e671fab2ce57a1,polito.it,-54.0,35.0,3903176840.0,700577331,AP-CIT-DAUIN2-02,Staff
380bb5fa904f85389031e78779392a0adef8c5eefa1a0ddf28ba16400916e35b,814678cf7b770c100b4bd6a52f5f6e54d9a1bc00b44b6646d79910c2b461fbca,studenti.polito.it,-43.0,47.0,41673291.0,1781305,AP-CORPOZ-11,Student
8c89606372ad094c92ce54e36ddb3c9dc21c29df93677f140dad99143333e848,14bc794732e29d5ef71d9f34eec11f2118dc894764410470bb548e82a279698f,studenti.polito.it,-58.0,35.0,1277586354.0,698334326,AP-LAB-ANGLESIO-01,Student
9ee448fe4cf5066f229e849ceca55af2fd0da0f38405914522e543aa37e1f8bb,2626ca2c195076b0eaaf8fefb136ae4c490d2c9ecbfbce65b72a6e60eecc64ae,studenti.unito.it,-47.0,41.0,324011.0,1616118,AP-VALE-BCA-01,External
030185835a345071570af2dc3def5e9b2a3f8d23b907984d98ca400b917e4195,bfe11b86e9570ca19f612a1f8042dc56a32c61890445f66e7439853d3b12b9c1,studenti.polito.it,-40.0,52.0,38206043.0,1209412,AP-AULA13S-01,Student
99a4d1d0b7a8c1c0dd7b83fc03229c4f4bfa4c68b349263227b03ccfa50f464c,5f46b80308e93b5336ad1ee4c3fb3e71ac6649f54a3463c30bdf72c93ebed7d6,polito.it,-48.0,44.0,708667498.0,61467166,AP-SALAMICHELIS,Staff
9be007e45c1fb4696bfadb556a880eb99bf562328bc0083e646df8eea0ee8c82,fc22e4a74e0e0f2d79c880b13d0d00f87424182bea6aefd96e970bd6efdc7e45,studenti.polito.it,-50.0,45.0,57020393.0,10247217,AP-AULA03-05,Student
58b95f8943eae6388812c82c439e93548cc3b9134715821a171c909c73dac9e2,d8c1b7cddac2138705238e86f5469e9d87c37d8ee366df4c9b45cfc91f6ec559,studenti.polito.it,-55.0,43.0,2064512.0,666699,AP-AULA2C-02,Student
5b656b626455e131b3a25490cb91958e94a34c2e1c473ca14cdb109cf1204bff,d11c0bfa8d773812ed75a37e24562d4f8af4a07a8230b29dff29919cf9352167,polito.it,-44.0,47.0,815750074.0,105532005,AP-DISMIC25,Staff
2b817b53424ff098d3ed1127891013ec2045989342d925e29492a1ee634a6f92,4a626f499c0f15f23839ba90f18089d77be84c1506e6f1de23f5b42e1ceab106,studenti.polito.it,-54.0,38.0,13237725.0,5880718,AP-LAIB3D-03,Student
a6797699765cbd06b5b906bd821795ad217059a14eee57fba2e9385acc6675a7,6e0f508f6896ed86ae93346c03a3b34d2b3b02b88c9871aaf2d85b53f72ae6ba,unizar.es,-54.0,37.0,453314583.0,23717615,AP-SETTE-SALASTUDIOE,External
84f487e95294703f2cc8a52e7b2812c87e5fe556699194c3d1b02599a4862cfb,60ad6f6da7e1b459050141750bc34f726a498b5c75f4cf0051beb2d96bb4beb8,studenti.polito.it,-67.0,27.0,66030211.0,5020417,AP-CIT-DET2-03,Student
9e5fec7849cdab10c0cca1879dc1122e6f33891c37b139a31cd35c0c532aad35,ad35eb893025b5ae48c62793f3fb9d3b53e432eb67bf4311523c0533ceff3626,studenti.polito.it,-53.0,37.0,102985552.0,3819515,AP-DIMEC09,Student
4d0e6046982f26ea00bf33c1f2e2eb7c50da0b828f1571bf401389e3cd1607bc,e472ca4ff2420441857ce0e63ef4e39eb191932ebdb93eef3933cfe3b2287f83,studenti.polito.it,-61.0,34.0,22494264.0,2579327,AP-AULA29B-01,Student
5a7d745919012c750384bdc883c7c3b2a8981065b96e4391b0c02622ed0ec531,30128bc39101246587a0eabd8b87f5a4ea569b3320a2c8e278b4808e418f603e,polito.it,-51.0,43.0,54075013.0,12209299,AP-AULA3M-03,Staff
499c26b77edb9b3358f15cbf785b299938713daa0a7de3b1aa83d8b640b16a65,e8a1a704c52beecd5921d79d48787089e0b5476b43d9af9b2c919353da5ee77a,studenti.polito.it,-45.0,50.0,743993055.0,71119632,AP-DIFIS01,Student
6f105e2d68e7a06a782427f3d6a90227fbe3ca55275f16681140086aeea89043,3c211acd4c3ded754ae92ab8d4e3f1f58940e0cf36d3f2351d0b1fb837b3c4dd,stud.ntnu.no,-62.0,34.0,167518877.0,7304072,AP-BCI-ST-08,External
1d440346f72f5d2239d1ed0d912dd2f2bccde4d2d6d43d88f8eb9bf8c0672961,63b1a4a909b9e31fe1d9ec38bfa7a73c0134562daba175bb3bc955ec88495d24,studenti.polito.it,-62.0,32.0,70977318.0,34866647,AP-LABDTTF,Student
5f44836ba3913d23f6e396daaf1ea5ed22175558373a815f65fbdd52f53c0d58,e63660802ea564ff9e2b1f60b5776b294c74f18a4f30f3b6ed80e453fc6cf3f8,polito.it,-66.0,26.0,57681851.0,5217571,AP-DISMIC25,Staff
afd135614ef5f33b757b4983be780035754c1e1eead969be89290315def2e9cc,93ee59c8cbfdb2103cdebbefe8643cddbbf80b1305d251412a805d8ac8901ac4,polito.it,-67.0,26.0,461013098.0,231844321,AP-DIMAT01,Staff
a5ccb0773755e34c94f2e57796df9852745879c969df790e20768e66063db91b,85959d87e6dc9df234858e6f943be240aa8d3762d9164a2ae7a6c21154d466b2,studenti.polito.it,-37.0,51.0,291659238.0,18384198,AP-AULA1T-02,Student
f45d77a5129ae597806506788e0e9d4d16288f293253dd6a3376455e65f797d7,f75b6ae6ca113fa8d998c9541ebd4f661e0f91872a55e5a2416dd8e7f45a462f,studenti.polito.it,-70.0,20.0,858335.0,977658,AP-AULA10I-02,Student
cd3d3faeb447ce7587239a6b5aac3f0dc321543b315e0c5f3bb094782d805f7d,c4d721fe3a4b6e47027e008a5042bbb87f7ab471cde77d4cd93f32176e8a4c91,studenti.polito.it,-62.0,35.0,554038903.0,6544258,AP-AULA16-01,Student
3fbabe7780ae3e63fd767cfd0a4d77a894f76a546ee4c8593e569b5bb4e6621c,cb2f4ee1aed94b6de7ab42f82d7335d9089a58412f3dd20943f76137bb1eec1e,studenti.polito.it,-53.0,47.0,96475068.0,3717004,AP-AULA4N-01,Student
7a26646d18fc7b849e74ed34215fcc05dafba1a4e2ce51382a1e4ecd040c84fd,347eb632cc63e64b07bb89d4bab3ea875de64228eeb0a9d7106c20f7577d5fd0,studenti.polito.it,-58.0,35.0,198946791.0,31569536,AP-CORPOZ-09,Student
3e7b039967fb009a1f0bad4e7ec92df93065c35b184ca94c2a7c73fbe53e3a33,0fbf2ff6f0d34be28333982d24669dc60bfb235efabcae939fcebdfd399e85c5,studenti.polito.it,-40.0,33.0,107645428.0,8874111,AP-AULA05-03,Student
492aaf9a108f416d1d5c84a7dad3d0cd2518400f6fee6fe97465dd2f1c8328ff,d4f6bd72bd02487de57417fc8c68056afd2f1dfbaf6dab6b81a1af8293a461f3,studenti.polito.it,-61.0,34.0,26919821.0,7942719,AP-AULA05-03,Student
a99ae4a1ec4df17b04dbdf8744f1cef384e75912606e83795f840ce6d68fdd07,2068d283950d64059151c5a4172a8b64c535f9b441842f704da2988df5783509,studenti.polito.it,-51.0,35.0,241722446.0,62516148,AP-LING-AULA208,Student
5db3b150704f7c6aee3af0eb048243f1ad30e8116e3e27d17e4365246fae07e7,450cce5168f5ce290c197aa464b08f19b14465de0b942bc4f4c9bd077b41ea4f,studenti.polito.it,-54.0,37.0,686987030.0,94920353,AP-DIMEC09,Student
18320c2003ec912ae03515037dc63d4b2abe0a8b288cbc651a130c34e003b814,0f3b0506cb440eec9fca82861a495cae2d382cee22655f863ddcf539a50c13e5,polito.it,-65.0,27.0,443107876.0,51959072,AP-DISPEA06,Staff
7d5fbdc133af94d202c5895e27c5fc3c581904f308e586a523239120b8c8056f,96f4e460adc1a56ff5a24644244fd689e2e4627ed4ea7a348166f1ad30666189,polito.it,-59.0,34.0,479695009.0,40847800,AP-SETTE-DAD-02,Staff
7a6ea242b1fbe7d50dc6d91ac7eab0512f6665d8a15bc8d43f3c73090edc1eac,5c1900162be20462cd045add302e50347ae5249923c17101815e74d67ed6a064,studenti.polito.it,-42.0,52.0,4063538421.0,994309751,AP-AULA29-05-OFF,Student
77ccc57bb6ed8fcfed01bf7724580abbfac085b02d42dab84c315d475df3c364,d42a41f1cdbcbb7f1056dd3c333eb4f6f3602cf4246f11f513d1c5c9ab3a4ab0,studenti.polito.it,-56.0,36.0,26095386.0,6921845,AP-VALE-BCA-ST-01,Student
2f94c901b3eecbd973731ef66ecd2ab800fc33cd8c6c13c5a7dbd8e40fc741d1,da60e8b4097c4d319d538c10c3c6ec1b0d0c14c5f200e50eb77457140e7dad91,studenti.polito.it,-68.0,25.0,292554560.0,20121627,AP-DENERCT02,Student
38561861613a9a47a343b3bf67d75dcdff44cec2ee84ae3bb773db657d6d0ce2,8109d6338b9d5a208be76db96b7789083dba53b877ad2325c5816e216e02188d,polito.it,-70.0,23.0,143021426.0,45396920,AP-DENER-DSF-02,Staff
b929b2752e4652aac8d3f2ad9d59b02f484b7ed481d3b6032dd33f763cbdeb76,33d4d6592519d31e6417da6771ad4181cd394803d95fc4ef8c16ae6829016254,polito.it,-60.0,34.0,3978496357.0,717444259,AP-DENER02,Staff
dd896f1acb481fc53a87bd9b9fa38d5b6ca72a1aa58ccd5ba75a7a594321346f,f8238b6ea0ee2d0acbaf41380818adf3735bee34ca5bbc4ac535b9d9a24ce12a,polito.it,-65.0,28.0,531513259.0,26066921,AP-DELET03,Staff
c7d136ae0f784c3544b838395581b18353e4bb71d4242ac4541a291df1c0caa3,4efafb44843468c93ffef697bb57eca71980a090264d2a53e26a26408f842f75,polito.it,-67.0,27.0,759778453.0,51825950,AP-DITIC08,Staff
3b2f41fdbe8ffdede5b7e7f6af3b6b11b401488e374352cb242a58078d9c1fe5,fa95e92a9af96a9bfe421dc6b42478ad0a3046c2501fdac14ac8d67c660e8b16,studenti.polito.it,-55.0,40.0,168032547.0,22041334,AP-AULA16-01,Student
44caf4c2efadfcc79d4f505b4a16552e9f04a58b57809aef8d5cd5b99aae607b,f1c0cff1c875e061d451fc5945edd3de33a4909ae36fb73e0016fc600fad6f17,studenti.polito.it,-63.0,31.0,344227834.0,9322116,AP-LING-AULA201,Student
3fe39f6fc20314398e315e64b6356d86cf48f32ee56fe3da1e5847452b366fb3,f6f9b08d7f00ca4a9c8c35eedbf7c139228fec1dc4a6b48a6ad818abbd3dcd33,studenti.polito.it,-47.0,46.0,6089771.0,4386937,AP-CIT-DAUIN3-08,Student
57b0fd444d2bef7dd6f16d7c976aae529dfa4d091f5a919e9e80ed346671bc72,73dccf466a4a1e8e57a872b062f647ed156f6713416b2de0d6463b3d62fc91f0,studenti.polito.it,-37.0,48.0,728996078.0,15694112,AP-AULA4N-01,Student
ad132d33c8854b3eb8d4bb29016b6290b5167de9a54af513c13385d28bb78a57,54242de63cabdb9e3a57978086ada57752a21ddbf9c313030721f6259f73634d,studenti.polito.it,-55.0,36.0,12564532.0,2963600,AP-CIT-DET3-03,Student
aea6fc3f5edce23da87e537460e73a3490397c2299e79ef36296bff71ec100d9,295c960497cdda3ed7dfa8db3255d28d14c7ba6281cfd6c86c198877cfd69659,studenti.polito.it,-45.0,49.0,129777752.0,22281336,AP-SPECIAL-NEEDS-02,Student
9e3cba34d4867dc732207b6209b1582e34b74a97c64ca940e92a168eb045632a,0fc2044d0c0094184ddfcdf4c9a77c8a030607427588ca09c527764166e5dd0f,studenti.polito.it,-48.0,42.0,141978021.0,59094887,AP-MIXTO-04,Student
6a062e5e6dba92aeec8f20af84f337f134988470203cfad25072fd2d51bc1ab1,8db24864a039af35ae6366195fe95453ef47572c8aed430402d15e7a6ba6df61,studenti.polito.it,-52.0,42.0,221950442.0,8156756,AP-CIT-EXCELID,Student
c7e0ba82ee29517817efba4db99256d92edf6a0538b25ba77af5cddc237abe2a,5bfb474d8372197ac4134d36cf9654801cccbea4fcab854da0d32f16b08f4b18,studenti.polito.it,-57.0,35.0,8175117.0,2748193,AP-VALE-BCA-ST-02,Student
9f9a552f3f5c221e32042261ff9cd77ff985d286e8b84ca538363eea6dd43735,5351584fd3b28fc5b13e3ca7aaa5df39cbe519e7cae2959e8d5118dee76c2847,stud.ntnu.no,-63.0,30.0,387213403.0,40017113,AP-LING-AULA212,External
695b56dd1a0d1b2e4a1cf05c03da7d472a6d4040f7b27f72bd026329248470e9,ee0d5082b9764591654ac1f0d84a4dbcead6ef9fe3f4db5c05dabf71b2258454,studenti.polito.it,-62.0,31.0,67589801.0,80268336,AP-AULA10I-01,Student
6b0f81f1f4d47fe9be275b28d9fba5fd536af5a749c3e35a8580435f6c2ad0c3,30cec7cc0d96b77a6e1e2d4385c7e7e8309b68ef99bd11b388b966352c810e6b,studenti.polito.it,-53.0,43.0,25375618.0,2012051,AP-AULA1T-01,Student
437527ffe8bb90d1184463500bb145b3ec2305bfd89fc6b67433ec5a1f04e51a,6d3add4b44a1310eac2b7e1d36357742cfe1120eaff713686e279d1c1941e107,studenti.polito.it,-73.0,23.0,7852776.0,2848821,AP-AULA2T-03,Student
83825cbace3324d7c2aad2e85fde70ff1cfdc398b25628d03012487458072009,b2fbf713075314b770221c5c10122c13fc57f1112057b596efe2f92659bdd569,studenti.polito.it,-42.0,53.0,23899401.0,5115021,AP-AULAR1-01,Student
bcea37001d9baf7cc9b73184a2c80dab5438d79d8596cc28a5db3a1c33af812d,ab8fa0e057492a1992fbfca9321a288f0f531da7f6f05b8ee03777d4b5bf78b3,studenti.polito.it,-53.0,42.0,359989845.0,26400630,AP-CIT-EXCELID,Student
ea617b48ac87b482f91d4ce663726f06796f1e8fc3e6ec6bc29e401b3ff5307a,f1fc2f5d1efaf42d1eb51aa8921900328393ad567f6eb78d057fe7a1996d52d8,studenti.polito.it,-57.0,39.0,25863189.0,2527310,AP-AULA03-04,Student
d3d0716e1465995fbbbce77d764837f2a3b7c1f81dcad86729a8aad833e599ca,0e69db09f5a26c805d87b016a514494aa5a1edcf781c83e32dd0b467d3034ed7,studenti.polito.it,-56.0,40.0,259657455.0,5482540,AP-BCI-ST-10,Student
ebdd45c0767e9e062a9a40914660f917c9acbef8a15d4cf7f3ddb24aac96c9df,760a86924565bfb6ca22445d79da98b7e7aef29f9426087c9e158ca4a0ead486,grenoble-inp.fr,-48.0,45.0,75740501.0,26068363,AP-MIXTO-01,External
f5fd7c3c2e242ce320e15be7f5c95b056e388409855a87242db0346a19e4c3dc,3123fc20c413aacb255957bbd17540cfd895a1a04a294ca3ddeb4ae4d88f980e,studenti.polito.it,-78.0,15.0,10153294.0,4864581,AP-AULA1B,Student
608c32b44a6b52f2508fff308e05006909eac89349cd7fa1d27cc5b73495c781,0c25a6efead76681336a4891747ce7c10b4a1008d2502df47f74c592e150750c,studenti.polito.it,-37.0,54.0,61878863.0,21716955,AP-LAIB3D-03,Student
137e502e63b05b279e7982aacaaafcd4323c4559fcc502e26275115068b724f4,2b7eaafae163c7c802680bf652f4bd5376a297048b3def22847c985197554857,studenti.polito.it,-51.0,42.0,2906826.0,2774773,AP-LAIB3D-02,Student
42e66381c8cc23e70295a1d2016302b593da0188d0f884b3ab2ca9c23d7d86a6,3fdbaf4159ccfd4c228c3cc386a43634145fc684d0a7666f87f152069d3f840e,studenti.polito.it,-65.0,26.0,87580558.0,7566337,AP-INGCINEMA-03,Student
69a4d0f5607cfffcb731e29973e27719c6c7a8dcbc7d7ce397b4f7e82804a19d,6bf67226ccb164318aa3bbf1eb82b0f81e50ef89d169e83487a32402216d92e7,studenti.polito.it,-40.0,53.0,9464545.0,2846935,AP-AULA25-TM-01,Student
8b696ce5f018651ca1c9c3a59186b8e17cea2dabfba98469159039a709d5a632,50ab5bab27e9d09b196aa8d36a39d6557108a14ebc4d328660cc0d4adbfbdce2,studenti.polito.it,-66.0,27.0,97578226.0,3700952,AP-AULA8I-02,Student
68ca98ade3012aba406a22178becc16c140c223123db71065fc63e06aef53908,a132d67d1c1765444660bfe9c7de8b07ba3ea6d5e823fd483a9a9625d822acf0,polito.it,-57.0,36.0,17611827347.0,3078347347,AP-DISMIC10,Staff
3d5955e7478153231ab1ff87d4d9325a79771c49a045bdc8c3b828bc274334ed,092872b4cc4c2c7f755e7f235f0426186d0c3c63f26694af8879b9b469000e6b,polito.it,-57.0,39.0,24424.0,318292,AP-DIFIS04,Staff
4a826bfbad9d44e4981bb0f5a6f5e3c2a13191043e942f806772c14fd1a6fe96,f4f89cd6c87afd000121df95988b253e16a00a33c0a6d7d3f2e3040acd803460,polito.it,-83.0,12.0,153398065.0,5008223,AP-DENER02,Staff
d128a1b9b1a458bdaee8ba0b7a30c3d41b4d67724bf924a2bd14d76617c1c701,03579fe1a50e343ad30481c1dc0f90650eca8d8417b54e048be25342de82623a,studenti.polito.it,-52.0,40.0,133459223.0,6207197,AP-LING-AULA300-1,Student
777a16ce6e55d253bdb2018da18f4b005496da79f32855b11145f262b68819b3,7cfa244dbabe94297f228d24f99cab367049d18c618017ed127698f7102abb79,studenti.polito.it,-70.0,24.0,657695705.0,13408759,AP-RETTORATO-RETTORE,Student
3afe4b96bde0ad67b2262cd2a626bb83ee0fca68d1bccdb115bf158819c49de6,6df2a5d99094569c59886989ce6ced6b2748df8299aa9a91e083863d133cf1ea,polito.it,-58.0,36.0,314690270.0,199770857,AP-TRENTO-TR1A-01,Staff
04bfc7fa0d68be8d46ac6feb042c6347da4f4a086d70bf8d6ed44639e7fb3ed2,a4fef9c9836c7c00e49970a7abf2e0bdce42ebb10fd904272dbeafb6b770cf91,studenti.polito.it,-82.0,12.0,213463038.0,17239251,AP-SETTE-DAD-01,Student
980e66d6784d4a00a6699d0f067587a76be92f0a06d9f76deabd13c318238fc6,57ef9c37ce15a174653cf1e91a2b654f2c9c28627f7d704aad84c2ce5ee512e2,studenti.polito.it,-51.0,46.0,1386698828.0,39129692,AP-AULA7S-03,Student
1a3cc3722a1f1abdb158c80f3878bbe0ee943542751631e036af2a40e27e3d63,8eb05581b786900aa18ab2966b2b66fd67fe7eac118709be6ac33173740caff5,studenti.polito.it,-53.0,41.0,34530403.0,8656715,AP-AULA7-01,Student
68b2dc6986b4c372374b06bb4949b7c3c4311a6bf930a1759ffd7f297b1aebb3,0f8f9c574c80ea46904aa3edd4faa9fa693a064fe372d885fa2c64fcdb36f05b,studenti.polito.it,-59.0,33.0,866427.0,372869,AP-COV-C3B-XP03-17,Student
c4fe38e89aa47392b4e7aeb9945d1565f3a5ad133201bcd0b5d0dc9a8e4f0033,a79ed5be957de7ac3ef55b9118855b0c19a6a35c812c44c2f24b22f166e9ee0f,tudelft.nl,-50.0,43.0,372886415.0,21732934,AP-SETTE-AULA12AM,External
7605bc66796aa34b53f20cebb0114280f6953011043299a8a2de6d551459c27a,540b8513f0bb678b522d45819a5f5d112218a084e74a0b614c1fdcd9fc0f526b,polito.it,-66.0,26.0,1338448378.0,110199118,AP-DAUIN04,Staff
4e6d98fce4fbbbb6b2604bb0c130d42a8d6632b5ea9e141deb4e3566e09d97dd,1995dfd247c08b28b67dad778fdce759bc471172b03d09d0bc82af649c2b2427,studenti.polito.it,-54.0,33.0,97755847.0,86324360,AP-INGCINEMA-03,Student
6238a227249101559e474167f6bf979837bd2a4acc901770236b6e9bdbdadd5b,f31ca105a13efe5f78423b1ea21b6a6574e67544c9723c011357fa4e0d5aefa9,polito.it,-59.0,29.0,12126.0,13295,AP-DITIC07,Staff
b92c210e62b8a91024a0db9750130ef3eec09622ad6e6e45692dee5f5b5b3de4,d93d70062f2d57b2556f4e97701fb757b7f397324d6d40c390c41204708506d8,studenti.polito.it,-51.0,43.0,1205672416.0,209092912,AP-LING-AULA305,Student
6345b299e214b966e8f5934940e5fe3da7ca0e2ec1e9942ab858f7a5f83474c9,5e3a54de05f56ecaced9075671f81f3d685f7e50126d286f8145f8f852fb33d0,studenti.polito.it,-61.0,32.0,380493384.0,13632987,AP-BCI-ST-08,Student
50cd7711060dccfb2dd1476ade047cee1f9b3fc4b610dfbaf576d64541000de2,28901a43d13065511a7853434edb6964bcdd2bcff7bd53cc64abbe4ab1396b8b,studenti.polito.it,-66.0,32.0,292682786.0,10883966,AP-AULA5I-02,Student
2bd3f1dcc5ac34254c1347464c7a06efff72e1a9f7e422e55cdc3f5c6d6c7a9c,62d99060786ff56d0febfcfc530b75634d2c001c058a1dd2e92c47d9d0e767a8,studenti.polito.it,-56.0,35.0,2844944.0,1053748,AP-AULAR1-04,Student
55109092aaeb9b76356f76cb38153c7f5fd29e5a8eca2742a67a439f99c6d87c,,,,47.0,20136.0,5742,AP-GESD1-02,Unknown
1e1db44fba91585b9bdacf774e43ba1f0ec9fe99ed544493f4b2e3bcf89955bc,bbd52bc9f75805406f84d485589732f8644c347090e86afa07b5546286e2c042,studenti.polito.it,-51.0,41.0,43018827.0,1854782,AP-LING-AULA309,Student
8732fa80dfc050f36ecb9eb68dab956921c292ac4f0bfa9544c2992d3bba18e0,63206780563964aeeeab63538757dffa4d49914174236479abf8e9f0bd546b62,studenti.polito.it,-80.0,15.0,979580.0,575228,AP-AULA13S-02,Student
6183f48feaf1336308aae108e5facb94bd55c946a03216db8f3593a8de6b87fa,e64cc9a19a52dab8455fa028df9ebc3e8bf3d08b0cfaa7c313849e36304f6365,studenti.polito.it,-46.0,47.0,706172.0,661281,AP-MIXTO-03,Student
e10a8b5714f9122fe2977377a3bb19479e64492d57def6648a1e763915edd7e2,ee4ebed5fcd51f08526f9ca8d6939dc7bd50358eb6712c467f695def65557bee,studenti.polito.it,-59.0,35.0,519606.0,324813,AP-AULA16-01,Student
188ce1a9af8abb231b61cfa24d6d8be3b1e723d6a4cf88c2c134a684071bacfb,508a953d9ea7068a310041cf8ddb41dfc7ced04ea892563c3430ec0b2f0e8968,studenti.polito.it,-55.0,40.0,1907860.0,3259869,AP-AULA01-02,Student
9d066042457f6cfb535e39c19bd92ba206cf0ed7719338bfc69294c5831e062d,462ab875647bb033ec50ce9ed25b355918d18d2a364474f2d1c341def8b6f9b0,polito.it,-85.0,5.0,155884.0,74633,AP-DELEN05,Staff
09d8a35d477128f6a744dd81729370b445734bdbf9a57d5a9db8f8346685419d,43d7831a20472eebc68f3293d031ba1363d2fd80fdec16f9b31ec6a439e8f7e1,studenti.polito.it,-64.0,29.0,885924587.0,31750661,AP-DICHI-3O-P3-03,Student
de1d335293b11585193283301df512342aad47a797b041eecfe0a2eeaa8f808a,006729485fc4cbe67e383c66d4c60a99288d8b445f19e617301b57b9a2cf8559,polito.it,-76.0,17.0,2300067.0,616406,AP-RETTORATO-01,Staff
6c50b3a5be02664b5587b8da4ca2e134a76298865fda924b97c74973c0bcb2ff,1a9642a8ccce6c9afd4eb45e44652f6186aaf8f8aec9b241a7b2fcd17437375f,studenti.polito.it,-51.0,42.0,38052457.0,25423921,AP-AULA03-02,Student
b589756ce29cdcdca165d3ed2b53d8dc82cb47f808d0a26aef5ac36e2ee2263d,f6c100463ebf9ea3322efe9bdb53d8e0ea1ac6e054089825b19f7158085bd0b2,studenti.polito.it,-51.0,42.0,44241.0,27234,AP-AULA08-04,Student
44351680912c65c981da5df45bd77c6bed52e41f0e40e671376692fd99f0bd34,33a3f3ebf82703e3f77a9039cdc9d84ff00178c70a1c44083a4ebeb45fb98824,studenti.polito.it,-47.0,45.0,20490347.0,2307622,AP-VALE-BCA-ST-01,Student
94b760f8b8cc6cbcfd8360a1ef5687f5c1c917aa39ee668debc314946cb29906,ff4a0f966c39660d53e78fe6092496cd643000f89087cb1aad0e6eb051573944,studenti.polito.it,-61.0,34.0,30050756.0,3803552,AP-AULA11-01,Student
15dd104b5a8b8053881ef250dd4203c740b6753327ea43cf23ed8e04945d5c8f,16320ab9370796d93454f604ee870185fa9aeaaf6f5910084387ebd1c1aa9e4c,studenti.polito.it,-55.0,35.0,1655073.0,819453,AP-SALASTUDIO4-01,Student
220f0887cafa3f5e8b814149fe921e888ddd2cbc79e125a2fa5d192db495c02e,d33f718a32a33b58e4bc5f95c37eeacd911e036ec5e26869c0e8d4103cee4672,studenti.polito.it,-51.0,42.0,50171016.0,17395067,AP-AULA25-TM-01,Student
f10a44b3163bcb7c5b7f72a3a5d04a818cf677d211e2a3cb16142b0959a1a8d3,1487261b8f98edbf7c7f27590cafd049d1fcf140ce611f24236d4953ae0aee18,polito.it,-61.0,32.0,520472550.0,640623392,AP-CIT-DET4-04,Staff
67d01a6caa39964e07ed1ad5511177c44cd735636a13d65f9bfa1eb28dea7ece,9b35924d174d55c31b9590f704cb7144252e50e81c0b3955531324d20f56ce3f,polito.it,-58.0,36.0,320869415.0,240528669,AP-DIMEC13,Staff
a88ae0630f8609e5ff09fd7b17d4048cb8acdc06e14654fce730c985a46959b7,a415953590d5bc770015588576ba029ef8e7ec463447ce2f4f0d7ed2666017f6,studenti.polito.it,-54.0,42.0,805311170.0,18740847,AP-BCI-ST-08,Student
05a39de460dcf60f34c004f2224d37343a290e9ba9ac6534629967ffea30dc41,c034cc1ee7bdf899ee5b6d9edc12eb42e7c43e9c415d6a5ea592333ed46cf3af,studenti.polito.it,-54.0,41.0,154560321.0,94740073,AP-CIT-DET2-03,Student
168df4795f2d6e3c659c4bb52888a29e3559876160860272ff0643e16380ff32,e8d7bfacd3591ad3578109a20f3fa8305d9d06ee3fd359911d9ced6f50e3ef53,polito.it,-43.0,52.0,17749411.0,2829853,AP-AULA2-01,Staff
b9e450016fb0db7d3cdd2bd2743a6a3e28c476b8b40dc8c414976db5b3188ecd,779fff4ce41dbb1477df345dbb4f6736ecde9e17c2c377a858303389d32245a0,studenti.polito.it,-40.0,53.0,130592623.0,6690787,AP-SALASTUDIO4-01,Student
29d9c967e6e0ab32f203bf0578469ec816a206a8688bbccd313a84ef5d43dd63,25a4348d91b071b9b8c7b4baaecd8858db1815736605425de1171c492697eeb3,studenti.polito.it,-84.0,12.0,474832.0,453920,AP-DISMIC18,Student
e0295ac8467f7e77e36668707c62831d25bb39778a773ea154d6bf4eb9dbefa2,b052eb71b94f02073072687729ae1a088916dde2115924eee67b93499c616f78,polito.it,-45.0,48.0,164148.0,14054,AP-CORRIDOIOAULER-01,Staff
1b2322dd399b20f3c452aa1dd9d1a3dedc224e3b860dbb60638b53763cb1b315,4e9a1bd02ccd7f2e7a06fd7127ca183a8e4bd53acd1531fd752e288f44fd28b1,studenti.polito.it,-49.0,44.0,210793263.0,253096631,AP-AULA08-04,Student
0d31727d98ecdb9df98324d97e899af40b8d3a3df9c2c1e81df838c801bd973d,7111c3f2966c15dc2a21657373e23ef4fc3ceda646761205361f29339d4dd476,studenti.polito.it,-74.0,15.0,72937.0,35942,AP-GESD2-02,Student
80548b30e0f29d2aed2460a948f2edc755c08e1a94bc610998ef08a012550b02,,,,28.0,55966.0,4407,AP-DITAG01,Unknown
6a48d3ff515a96c4d4f20911494e1a96db363c37a02fc391d25b895b9ad61902,e6207dc88bdd192150fc544d64485e2e1328a39bafc452d55ce59dc51b8d28b9,studenti.polito.it,-64.0,30.0,11273653.0,13359429,AP-BCI-05,Student
a328e0ee1d5337f4ab699d0c15c7e50b323450730466dcd293585552a3289a69,8854c5ed3f9903ad90fe287c429f57ad0ada95a11ab60c06ff4c11636cba54b4,studenti.polito.it,-63.0,31.0,572375.0,264454,AP-AULA4I-01,Student
09e99b115e380abe07fc0f81b7aea5751e2aff880f4b4f4bf37f896101122201,c6b6093530e1071b2c727dca366597e394b8b13b572f8ab7809f033335133cd9,studenti.polito.it,-43.0,48.0,7377846.0,3106476,AP-SETTE-AULA06AM-02,Student
5cbb72e266018e4b84bc2ee608e4b28c21135fab102b60a0fc24dba6f61f7a19,47902703e8c662485643644f2cfe1bb1d07a9e49beed3dde15fcb270947cebea,studenti.polito.it,-55.0,39.0,227728291.0,14108693,AP-AULA4-03,Student
4994db8adf81c69ecc028c3678646238f280e64a4911bc6cdcff5398a0ff490e,2323e2169b4c22527b2a20c9f4f3018ae02d9134a1d020f3063a5954b04c70a5,studenti.polito.it,-74.0,20.0,2308017.0,1771232,AP-CIT-DET2-03,Student
647dfadf748bbe397892c871a878dfac60ab3fb725047245c78fd6e91320667f,908bf4e5c4a3253ae5cc3424df9694dee49121455013705484c0b456aa90d6a2,studenti.polito.it,-51.0,35.0,20530509.0,1683113,AP-LAIB1B,Student
7625af92a58b2870db51881e2a8b1255eff70e4b22231247b331476b43295846,90ac9f30f5154fabc2549ebb0220c9b36ab0a207e2c0a760623284be11f8b97f,polito.it,-49.0,45.0,11170098.0,2416921,AP-AULA08-03,Staff
93d17e3176b3aa8c0669a84579057daa92c5a7a9d45c7b238d9cf9c25f08f6c3,3972f82a79c046d36499b333eb804a0878f713ce9b76a1239dad6adb3b6dfd39,studenti.polito.it,-50.0,38.0,31369785.0,1767497,AP-AULA5M-02,Student
20ab5e8b048234d4aa6317dca2e787f9c3edc8d66f993030b11b4b5843c7fffd,1ab9f1b62d993f2a250527dc6bb788a00d672cd8842c9793bac75e1fd894d425,studenti.polito.it,-56.0,28.0,13192584.0,2263061,AP-AULASTUDIO3-2,Student
d8661d70f1d1dda096cf2aef472fe087d415516ac2a328509000dd19b8ac4754,755f73d1a482904a27e61a3db475e8ab936cf89332dbbc80aee77dfa54871b36,studenti.polito.it,-56.0,39.0,499817920.0,16954908,AP-TRIN-01,Student
303b608e22eb114f11520f7d627c3638f35307fafd4748811b2eebd23501b3fa,46748d34b04e0569f82fcd905a710f2358622ccc47d8717ebf5fb96a3fe1d084,studenti.polito.it,-69.0,23.0,220510162.0,12970323,AP-AULA6VM-01,Student
ad616c8fcc5dbff60e0f04edfb823c802ef62a429674d38a545ab1b4037ff623,2208ffdf2c746e2bb8baa12e84af264e2d7d81b931248369f78928e872d2fc74,studenti.polito.it,-75.0,13.0,1799014.0,876738,AP-CORTILE-05,Student
fff242a802b724dbcb51b513338a987cb703996365505f610ab631906e020452,9d9af2643d6e7c3cd55443fa79a362dfe12dcc160eec3062af5bde4f31447520,studenti.polito.it,-58.0,35.0,31942012.0,2598367,AP-AULA03-03,Student
f22f6a66cf635475f1025e708189a711272770396bfc884d701229d2a8407eb2,7fcb951113f65961fbf552b06aaa024d704db63181073f19e827b012b383201b,studenti.polito.it,-48.0,43.0,2088014.0,397697,AP-SETTE-AULA04AM-1,Student
0ea93b764bae5bec5a9d15058deb0c6b947b330fe0266c87a3a46997ae69ee4b,e0c3f52b401a033234b04f48947382c670e9cdcaf8b6d1c2efa93921d58d6ed6,studenti.polito.it,-52.0,40.0,3126153.0,879745,AP-AULA6C-01,Student
1a58b63b3ea92d8fbf8905419d6d6d7298e0216cf0ca4f9900cdb21fdb78f494,0bf7c2d300b8d00e33ef26c98246116af4d95ebbada59d44734d99b18bba5cfc,studenti.polito.it,-82.0,8.0,466264.0,283683,AP-CORTILE-05,Student
b4c5469e2bf12415d04de15f6e9d210a4a491112eb18a908cf806fa01f63f7e2,5c927de9aad8c2f64275a8901e968b9db943ed683acb28d8ccb50cbd8a1ef661,studenti.polito.it,-44.0,50.0,309737510.0,18275944381,AP-AULA6-01,Student
ae42cfa0396afa51395f4471b4ddb58fa04a87bf88be3a3dd9590269f05a2b7b,d6b94362754ed7c366ea965aaf375dbce720a7a463be692346be377a6a84543f,polito.it,-54.0,39.0,163731969.0,5587916,AP-LAB-ANGLESIO-01,Staff
0aa0cd6d2edcee62f2c591f24f2ec7c4e3292ff7043b3bb1cf8ec7cfef4dfc2b,cb20704f27f7570f52558f4a3f9496cf278ea495d7a11b3e81980dbdf97b9213,studenti.polito.it,-54.0,39.0,416232949.0,16218368,AP-AULA2-03,Student
e8664a0115ee1d9915d00f16ca02dbd45ac8e02ff8197f35897ff9bec548323c,9d8e198194d507d4799a08f85ebd9e1a37c655eb260529d71a4c06b29ad80fa4,studenti.polito.it,-72.0,21.0,23638669.0,1822491,AP-AULA11-13,Student
e6557356e758068304f7e7ebe9581ae5639a809edbaa8d3151de9af3031dbf9e,eb7837b10a08f33073433d73b9e1dd925e7c79a1125b1fc7b849b23a1b05e282,unimore.it,-64.0,27.0,1115163.0,363499,AP-CORTILE-02,External
f738a5795bc79b7e83b08a833ea73e05713d7701da04dda35532b189e69e8170,a7431e41c99c6e2d160edf4629d7c276540a4412b8df0542f91e6b91e31bd568,studenti.polito.it,-66.0,26.0,693741384.0,23964584,AP-VALE-BCA-03,Student
c5eebdba592867d4299990e4a3136f6cb056880b89c24878b00c673441c8407f,7b9259d58e02e533e8ddfa60456551ec567fb48dd219b59dbe2eafb8c3f587a0,studenti.polito.it,-50.0,43.0,1107139.0,356535,AP-MVI-AULAMAGNA-01,Student
e9e1e5a510aaf233260406686d04bde2719711f62f74c79dae6f4512b267582d,f5b297f2de65d865469a4eaf382cbfd1b923d20749532442aa8d05fbff84aeca,polito.it,-62.0,31.0,2278871.0,810973,AP-AULA4VM-02,Staff
e94b1e1f11e98b716b85d6f6ccc5ad4dead65db9391c1d84151464ac06e1fd62,3fdbaf4159ccfd4c228c3cc386a43634145fc684d0a7666f87f152069d3f840e,studenti.polito.it,-49.0,43.0,344854172.0,334288021,AP-INGCINEMA-01,Student
6120f69531fea01f53df02b5e09aa4fb357825af8bd3d6b939101427c360c923,dc32d9d62436eb6836464360d9fb91934b7190b045f74e65f5b6e14d22fa8e5f,studenti.polito.it,-57.0,35.0,435181136.0,16113023,AP-SALASTUDIO4-02,Student
484e1168b0b3fc1ceb298b4f339a13f04e815161fe25a2a74669d34c1fc4bea1,1c6236a1936e1f62ed555049a415ac9a732c754e64581834cd67a4a7e526b5cd,studenti.polito.it,-59.0,36.0,168440190.0,16464085,AP-BCI-06,Student
70372040cf3ded79fc9d9072713c71c2fac76d9ccfa142cc956ff5ff1cf1b9de,c9bd6d357fb86cee23a32a8399e41ea2946859cd15f8f1c27dd17014b48a3b39,studenti.polito.it,-51.0,41.0,13590154.0,36371421,AP-AULA12-01,Student
54a95092dcb277c7940ad56fbb2a2adfcde1a180e35847f66a8a8a23403829cf,d56dce1586b7b273236d998a7acc9663d67e6da6da21ce256be675be8e6f7671,studenti.polito.it,-60.0,36.0,633955443.0,11736697,AP-AULAR3B-04,Student
2bf6fd1e9c50ab3862cb8366c9b78932598ecf6b8cc3cd36aee7f73e67312944,59ad9fcb6523a8cfde61c8769a227ba7a9b29eeaab9c5dd4c836fd8113e4752a,studenti.polito.it,-55.0,42.0,14022397.0,6928106,AP-LING-AULA206,Student
ac4ad913ef53e69d17b0e7f35c247b6b76fd50d0efc2e60d262385895a23cacb,141b36dcc8a1b6c195a4b0178ff0fa67aef924bf13fd1a1d0e5644c24965e327,studenti.polito.it,-53.0,42.0,161298031.0,7212634,AP-SETTE-AULA14AM,Student
2a1e299aa90beec72f837574ca26486047f0300033cc156949fa5b15d58657dc,5ce073eeb24f51c6d59d986065af14189a2af6fa31261e73375cd96d3279298f,studenti.polito.it,-34.0,60.0,230576567.0,23266852,AP-SPECIAL-NEEDS-02,Student
889c4db6cd04be749d33c4483eb6228eb83d26d130929582b966a4bfd1faaead,1f8c02b6a7c5e3df0b8a31ef5a99d8062f997a0c752ab1dd693c5ccebc60b092,studenti.polito.it,-56.0,39.0,115867080.0,3386015,AP-BCI-05,Student
0dd9ce6378fd72b680981134d649c961a5f5ffe4a9d086975bf8197aacb25703,727f6c3c31fbb25e7856410f39aad18ca6dbe62c8b4092fd7ce78c814bd48ad5,studenti.polito.it,-39.0,35.0,248311147.0,6651793,AP-MIXTO-04,Student
554eb303e3c946f9bc445c189fd36c1895f0744a23c5d8a89bf9dc7eaacb29ff,45453fd6fb63ad3cf09b52c8295cf8f6c6f1b6a43bab09d392635b7be5ddff0c,studenti.polito.it,-69.0,21.0,422762.0,578169,AP-CIT-DET3-03,Student
98d0fcd7cf0b79f2d248065beff957e9d68dd5c8d18a3f00b9c98926da1cf476,98177ef3bbe3899224f789fc2c37da97836f3e747aafa2f2b6e73d841ba10269,studenti.polito.it,-51.0,42.0,173951651.0,75148414,AP-GESD2-03,Student
717f85cc8b6e75f16e7af1ee321c14257db5a2546bd717af66352b0430b67c33,2b78bcd531e341387365ac6d2fe048b07b67eab1a04bbffe3c892bfd59399788,taltech.ee,-61.0,33.0,30632412.0,2850936,AP-LAIB4-02,External
0c9d983de6f62eb1f0e1e1f1163b7d9000356cf8b7b300f8566e994a7ad733cd,b7135b758761e2720c286fe27a793c97bc1cfaa8f776061beec4c6286f39f0e5,studenti.polito.it,-50.0,40.0,584474540.0,980434913,AP-AULASTUDIO3-3,Student
0891bb5c9211265126aa926254abb15d0885bead72e9260d3f7bb0eb6b7d692b,16320ab9370796d93454f604ee870185fa9aeaaf6f5910084387ebd1c1aa9e4c,studenti.polito.it,-43.0,50.0,777509.0,259916,AP-SALASTUDIO4-01,Student
8cca5c023c8a871e4cdc431de80ca21bc52c271feebbc1653d61e6fd63779e03,41ec33a2811b9aeb4d662360a6d2307a31ed27c27b609d433dfb384c30eb2929,studenti.polito.it,-50.0,45.0,784580950.0,36153862,AP-AULA03-04,Student
034efd6eaca7c9c787690a8dc15d2994900f8aaa88a3f99189033fc071ce2c1b,772fa1c7c13d5d1fb76e9d466c0646343fc3e2c1ee0c4f59dd68eeb5b8e5b6a5,studenti.polito.it,-52.0,44.0,47580564.0,3227373,AP-SETTE-AULA14AM,Student
c51c2e516b8bd2a1ea216d978e960d0f761e13cfc6678f16d4b084c01ae18fd9,a246cddc8cf51c8af84ff7aa29ebf2aaf08c49ec3dd58a5da4404e806c1b8d67,studenti.polito.it,-55.0,35.0,6519738.0,1307750,AP-AULA11B-02,Student
3c28b5f849cc6e07ffd28ead294d656460c3decd99481fb6e09c0fbcaccca0b5,16e66414809ae398bdbf071305e1d93d915ed3a4530a1597ede01f5c662a7946,studenti.polito.it,-61.0,30.0,47519.0,31173,AP-CIT-LABINF-02,Student
1bd13848a3911d2bda960295088f09e779f7e9ece98f6f6056148fffc725fa45,2c7048c3b4258cdd95b8aa2ee6e0983c221cdbe731b12fc06cbf9415c07409d2,studenti.polito.it,-59.0,32.0,73051733.0,9755167,AP-AULA4N-02,Student
c13ca878d98edb78258dd6ed0de77073e1669745e9b471f2f416576b46ba5db2,fa4aa00aef82bb51e8ee5ed43a8e134f6b25fb58f5aa9d7839325c2d409d1b8b,studenti.polito.it,-62.0,35.0,68351744.0,3026309,AP-BCI-ST-09,Student
4779d665f9d00ffc86bd9d88ce2c1e8f4e1fa71e09e4fd2f07ecfc4b66941bd2,3ae57ad3c3646d393392b81e4b4d90cbdf1ba67be466e0d46756fc6caf4b568e,polito.it,-66.0,27.0,394392953.0,37123575,AP-AULA11-13,Staff
a26290865cbbcc6bfd8bbe936d870e81681abe2e2f2630a0f2abf908a1fd20b8,130c6d848c52d1654a20af0ee07ee6fe2fa803e22c30aa614c44479ff91d4402,studenti.polito.it,-33.0,59.0,285415.0,207591,AP-LING-AULA203,Student
39418a5da06a4626a58dc52000658f523a8fe925c291d61c16568dbf4f2aa807,14d6fdc501650d36ddedb0545c2ef4657bde393ba4d59aa1d4a67abebb99a57a,studenti.polito.it,-82.0,15.0,42585155.0,1188801,AP-VALE-SDO,Student
47d8d671a4bf9afdf4c6d647f01da853763a9abec0e8476d663bca21fd527155,47dffacb9310ee6501b17d102c5f097d574b389fbc94eb2c457cf93d3f95b8d2,studenti.polito.it,-86.0,7.0,2159882.0,933459,AP-INTE03,Student
e4a65e68ab202ad5bc58bb296da73b7623057aeb49ddaee8b270308a3d97a00d,13df8cb4b84a3a4f0bbe45771d5e9c7b67a7ca3c3a6f0c045e79ae054d195510,studenti.polito.it,-70.0,25.0,18549241.0,2049126,AP-AULA10,Student
e60a0bfd7dadc27ccd26ffb4a714f7dc3901c330ae982acc9ff37bca11d13077,acade56e6bcf2c981011e9a836f0e9a170d7f02bea62231c25ead8515cdc90b6,studenti.polito.it,-50.0,40.0,221567978.0,5036556,AP-BCI-TZ-01,Student
3587be323e666057a2622630cbb0d6ec3dac6e54e01daaad33fdf543d1d9a2fd,d118f1ca9cf847f544c0346781248b55bb6425d1f81416996cd9b894ca0d38ae,studenti.polito.it,-73.0,23.0,9340987.0,1022651,AP-VALE-AULAMULT-2,Student
073976dbf37904c5ba1a9e620fcbe65871bb3a045d2bdbe200678eaba48fe7a7,ce96710053a040699461bb98d330d459588f968f71186f00099bfaa468e6e859,dtu.dk,-66.0,16.0,57944170.0,5079666,AP-MIXTO-03,External
2e580bb13bab3027c2e4d1142e20492e8cad44023354f677dd85847a7711d311,36c579c906dda998b5ed5251f7cbd7622335c808e109f1374fe276fb88b97119,studenti.polito.it,-57.0,33.0,603413.0,347140,AP-SETTE-SALASTUDIOE,Student
3527aab2e56ef7507d8b4638b803d1d96c3fd3046679b916daaaa38a7bb3f8d1,,,,49.0,71632.0,8232,AP-COV-C3A-XP03-10,Unknown
8cf9205b30397febfc30e580b2a54b97079d3cd32e2dfc73bbe70ebc67b0e162,04330e02398dea5c255c0f0eca3130a6c1810a1769b64bfd897a6688ebee8afc,studenti.polito.it,-83.0,9.0,198176.0,189106,AP-VALE-MOLLINO-02,Student
347b27948e993c2aebc44fbed5012b6716b7a7f6da2697905c36c892de05ad12,9e0be78efaf37216f99795141e491b7528fb704d9cd5a0dbfd89d7714a79ea07,studenti.polito.it,-60.0,33.0,72375070.0,2461492,AP-AULA1M-01,Student
156b50a815697e0676cc79b1a51aa589f2e7a64b06876aab3550a3251b3fbff1,2f42eead390e0ca77f4f54c92c5f7961a5cde7c4d729132274dc60067003507d,studenti.polito.it,-58.0,37.0,38244.0,41230,AP-EXREALEMUTUA-R2A-P0,Student
2ff0ba48794ac82778fea28427ecd97d41fd04eebdcabee43cca152df44ae93c,f10270e3d2e8f04d5c81d1331b7829adb2fe27257afabe70fecf5d0e5b8c54f2,polito.it,-53.0,39.0,5248744.0,896663,AP-AULA4C-01,Staff
9d0e3ea3be2dd900823f32a792a868a5f4f94ecea51270847d3020bd5f6c7634,7defbf050f610068d9b681b3e8b67fed2fa5c847c987d188234ed6a194aeef0d,studenti.polito.it,-58.0,39.0,36181349.0,4967530,AP-SETTE-LAIB2S,Student
bbd4bb850be80cd0e21d23ffb3dbcac25ef729c6e72fec9581342ce4ce4b91c1,be94c24c1de3e9e96ab374ccec61c3f413aa476ddb90b527f29cd1d1ab8b642d,studenti.polito.it,-60.0,33.0,6929734.0,2332691,AP-AULA12-03,Student
df9bc0dd8fc64ddef8a1ff9dc530ffe6f00916a4da09b03934bf756d23412239,5dd0793ef3b8b5ff4721ffcc5b439b7ced280c4e4ffa1268752cbdb8c4e44a3d,studenti.polito.it,-49.0,46.0,2408793.0,894303,AP-AULA27-05-OFF,Student
ef87778074e67af1ec1a0fc033cac6cf84769e6ce82fecacdf761508944dddb3,c846dd1da81a552c6490b7b26492424464eb8fe4b5895cd450e0f0f18439a664,studenti.polito.it,-57.0,37.0,1894600.0,4706270,AP-CIT-EXCELID,Student
11bc4dfaae3b64cfcf9dd45f5432207d0439994643eb0178ad5469567d978043,40fd303596bf74792b4707dd4b141ab2d0f25b66b836e596037ec22316098af1,polito.it,-67.0,27.0,6643456.0,2708289,AP-SETTE-DAD-02,Staff
564db840af36603fe2e543d1f2538f4474cb82d4d0d3af9be4d22e174d047b52,3b7fa25d3911cf6da56e2868eff470e84b702af8a12c9187566488cd0765eed5,studenti.polito.it,-54.0,30.0,12362257.0,552049,AP-AULA2-04,Student
578e14e6aa2de7bac78cabe54b53d3b3bcb1439fe259c5bb6744583b033e7c32,78436bcfe30413aca9c9196e6e0eaa1168c0f657a3e8e3f361d48fee693b3396,polito.guest,-48.0,47.0,218887569.0,153084718,AP-SETTE-DAD-01,Guest
f18dbe83dd8bea81d903bc0fa01d844a26e536fc6c93a169c0cfc8e3098cc351,f2ad2e033f1de014448b1d373e7655050bc186e2b6ecb5dd5137b252bb29f713,studenti.polito.it,-54.0,39.0,119105579.0,45051514,AP-AULA15-02,Student
4db1653f4e1cea79c415cd3e56a90dcb856f48f8744315ecef73e5fe3342ad95,98246fdde8e27d2fea10fd855d30b88686a46a039a316d61475ba26c3323b769,studenti.polito.it,-56.0,39.0,922133709.0,181303478,AP-AULA4T-03,Student
936d84d59d3019b31b529d47fccc7299a478e6d1d2bce21c34c69fac775a9d67,c25f30b076621ae618bfea607fdd541b4b616083aef0057d7195a2075419effa,studenti.polito.it,-36.0,37.0,12390695.0,2447019,AP-INGCINEMA-03,Student
d0d3d9e16d29a29b9ee5273545c188869fccf49f891d504b8a6a3bcab4575c93,023a308b27eca5c3068e04c11d3568fc153405244b274f4cbd91daaf38ade5d8,studenti.polito.it,-46.0,39.0,38588490.0,3535335,AP-AULAR1-03,Student
be15611da98480f55d7ccec5fd238e45f835221c7e79737ca4a477559548af3b,2a734f779377ebda8c53d2654d458d129841ab23acf1d47fff3733c6d3979216,polito.it,-67.0,22.0,1784904880.0,156868102,AP-AULA25-TM-01,Staff
cdeeabc52d27ea19cdf171bfd2490b81c397542cc705df4a799820e73c2f725b,2adaa43ef6f7d87de3bea62dbac70c649645a29d616f8b5a5517c3e28041d8e7,studenti.polito.it,-52.0,45.0,104492917.0,7811792,AP-AULA08-03,Student
e9f8fa29659af493270868e8b462f33486bf27127e303a39b0919baf992652f8,c856aefda920582b7cb848d448456ee537bb98ea75af9e2b551d3dc3322aff9c,studenti.polito.it,-51.0,40.0,276534291.0,201421349,AP-AULA11S-01,Student
aa422c4f4f07d5f245ce6ad26558a3db353a825bd9a518eeb6027be269a4f984,b2587af7567369d6f92ae747a6ed7e0ce9c5d6149d7f0bfaa9232e4736b77292,studenti.polito.it,-49.0,42.0,47595577.0,9356937,AP-AULASTUDIOR2-01,Student
f3bdcbbc7ddfdbc8ef759e3a7301f5935d3cae9f06dbed1739270ee6deb7fb83,2380fb38931ff6eda6064337ac818e06e08c844a95308cf9dd2f3e30137b886b,studenti.polito.it,-62.0,34.0,20002022.0,4666323,AP-SETTE-AULA13AM,Student
d248e013773e0e81503e324cca71eda24659533c30e90e0c73c6c05a7682f055,4e26bec8727fa747baad766a258c1083d7d1f20859b8f23127aa5fde0e0369f3,studenti.polito.it,-53.0,38.0,39338440.0,18884902,AP-AULA11B-02,Student
2a8d3c4bc7d6a839ea5433f18c830f8d36c165754e5b06852c8ebb763a0c4432,e183c51a7a6d47de79c15bf268c5e3f870054413d3d4b311a8889eaf9a29e76d,polito.it,-70.0,20.0,275006556.0,31653485,AP-DAUIN03,Staff
752de7105ae8a3ef1553b14d877294106ecfdeccf4428a61a87fbe70d684895b,340d4e6d24961e37854d1dec0700e4c223b38e8b6e6bb625e8902f868bc0646c,studenti.polito.it,-56.0,38.0,53900292.0,12228490,AP-AULA3I-03,Student
3cc50358e7b0d5c7f2910da97ba2020fd03e1c1ed7b7505c7806dfbc80ecbce3,fc4b08cb69d176499cad80d8f0e41ad44674ee0601ee0c389b40ebb4d13eaa6c,studenti.polito.it,-59.0,31.0,144519748.0,8271935,AP-AULA05-02,Student
1ac81d0be786c4e5a0b05478dee76a53c965a5681eb22e93f36e8d815dc1065a,57bd6a10011c0e2313a762016680b90e0a0f1b25fd110ca3693a3868d59d4bee,studenti.polito.it,-50.0,39.0,98338438.0,17100982,AP-AULA7N-01,Student
873593aec727c1d3ab828db69379e04c696fd8e57a04df909e07817fd02886b0,155123dec2d9610b134e0867498ad0d46f6a122d2f75a2f64b9da16e4a5f5c9d,polito.it,-60.0,36.0,24718244.0,806975558,AP-LING-AULA206,Staff
4a07ef86e319eadccd449277d7b80aed01559d8e8e329da4e24b115a67c32a1f,,,,29.0,18020.0,1948,AP-TRENTO-TRTA-01,Unknown
f30f407654ab6f04ec06b4d75866cd2c4330175c8488a5f3ccaf22aaaf082205,086f75bbc575c0d2e62bc4db711bbba9d3c790100e502726263d65303d61859d,polito.it,-71.0,18.0,54322178.0,12152465,AP-CORTILE-06,Staff
94b6a3fc9464df3910a0d2e44338e033a40544b1887d587a80f2caba1748b1c6,ec774e6bab74a08f1536e00dc2ad92d70c1628babda7fd246dab755b37a41091,studenti.polito.it,-70.0,22.0,22118523.0,2733725,AP-CIT-DET2-01,Student
88804b51bedbf478de3e9a4e26d18cc9b5a82bbe5f8600807d2561e635fa6035,1bc13d3c9f2143977426075a2b7c7c192b3081e83df672b652b1935206f83d78,studenti.polito.it,-45.0,47.0,32670294.0,17857398,AP-SALASTUDIO4-02,Student
83283deee524b716904e9f0d10e9dc2965f2a83a6ecab0ca5d1c3baaa8cb64ca,1c5b4151a2399d8f3ef915c3f42b53e5b74d17da189ee9f9a2380bad6fc1d52d,studenti.polito.it,-53.0,40.0,51232867.0,14493137,AP-EXREALEMUTUA-R2A-P0,Student
340a85afd0468d8d719c0d873a3292e0a47cb85aa61a2c1d1ec88c3ab775e930,fbbc3fad86e2ddd48902c37c7ba03ef6e578bd521cce1acf6e7ee88dc5ee6c6e,studenti.polito.it,-50.0,42.0,479851464.0,78050009,AP-SETTE-AULA04AM-2,Student
8e8695fab9d0ff8c334f9ae14d2d770b1b4cb98808b29ee90513f46106537837,4df197f32f62ea4bdf1bd358ffccf30d6a5a54125aa9e3bc8e97f9cbb092402b,studenti.polito.it,-60.0,33.0,79633079.0,3277678,AP-CIT-DET2-02,Student
7e75bdf37da1c7f1eaf5dd28a9aae52e417b9e082c9e9d530f8be30da941d3f6,69f2cc50772a16640c1ea2400e111fe591d289b24a13204f36065e55a11bc065,studenti.polito.it,-49.0,44.0,15069675.0,2263835,AP-AULA15A-02,Student
c5aea02944cab81219024bd8816ffdc644b67665aa417a4782767ec8a7e9ee44,f9b71312bffa3d56c58995ea829c626edb16ab058828ef17a032309b0b380990,polito.it,-73.0,19.0,1144168970.0,415941862,AP-VALE-DAD7,Staff
edcd3de22f611f98abf6249bcbfdae5c578cd301befbea9e2053f862a7401099,e4b58d5659adb47f6bb6fdea2b25441009a7a303bc1c0b6f0498a81227f1e064,polito.it,-35.0,56.0,399305655.0,119699055,AP-DISMIC25,Staff
ad144599e543dc6f0c42df96d75cf4478b1fe8fb85725279791d746d30b85c7f,47486ac95569894771bc9c14dd45051d3a2606c28b347160cbae1f97f428d9bc,ugent.be,-67.0,27.0,51030584.0,15608109,AP-LING-AULA301-2,External
e02f36b1b3db609d1ba30978b045be07a5cd3de8574bdb91ed702d4ac5c3570b,9c38f91a1518e380821a8850fe48888be0aa8e0ec9724f6a4f318bcb56b86277,studenti.polito.it,-51.0,43.0,28208126.0,7894177,AP-DET-P3-3,Student
3f32247e14c35f419b1f5bf7fd2919c92362c0fa291fcb23fcc9f9597ca0f2ee,18852db7c817cca0cd03544f24c673c2fd78a8ac2a2aa8f6afb8e8408ba1d700,studenti.polito.it,-50.0,44.0,31506297.0,3866429,AP-AULA05-01,Student
5ae8c6d60909f590ae54f8e18739e19125ebd11bd6808c73a76341fd8578e7ec,87f0e776be6ac067776ad1b89a555498ca5040c801ea150ce60586a81a1728c8,studenti.polito.it,-54.0,41.0,523724988.0,27630911,AP-BCI-05,Student
cf4c7c95302a716716c6ca1fccb67387d99ec1592e8eb46ab15904e37bce2a96,37e4da599fdaa8c67b61c19aeb40894660f09c229c845a7832f8320806d3bd4e,polito.it,-66.0,26.0,2685157.0,542299,AP-CIT-DAUIN3-08,Staff
e2a4fc52b9b347b0a9cc076bfb316de27aacf392e6c80e1861a505a9b3974dc2,bfb4f3bdc9661972a2b9ba67a8ac94bfcd9c498452b7283bfa80665f82e6f001,studenti.polito.it,-45.0,46.0,136051131.0,4162659,AP-LING-AULA309,Student
bf1c71cd58af0a39d98a43662b2a50abb70ebcc6be52ae5e1492dfc27e4aac8f,20ea5a887bd9078f16098d2aa392c3c45fea9e4d37d47686adb348cb91fc3ef5,studenti.polito.it,-46.0,49.0,21283042.0,39307909,AP-AULA05-04,Student
b0a01eaf0f9418434b81072f33a003f8f36fbd25c09ee336e069f061bd5533b7,c28acb1add478e93d8667c09f33cecb5a1fa20547f655b8081784438ef14dc4e,studenti.polito.it,-56.0,37.0,620652354.0,40095534,AP-LING-AULA305,Student
556d523c0731a5866f89f1d894ce95bacf8bec38ad0c863d19c4787571c84470,f7a27bde4c22ecb4c5ffdb7b40aedcb95fab05ec4532a5c7ee2a1fb260fd234c,polito.it,-52.0,42.0,268251121.0,2941744,AP-AULASTUDIO3-3,Staff
d4dbe35bb642e27bdb90246722145aee7ccd127df8ac53a04fc68d4d0ca5c333,3f0ef0e8e697e34de52f264a5ebe1b58a67361e6f2299800cedfe26a29ae6730,studenti.polito.it,-57.0,36.0,10533123.0,2400112,AP-INGCINEMA-03,Student
a9a5e31a3263782990b68dd316e54648a1089cf8e57c70d7efa721bbc181acd1,c38c6090efdc10900e63fa4222e371fa5fccbd62ae8496f8b9a11e551fd8d994,studenti.polito.it,-57.0,40.0,2712882.0,884762,AP-AULA10I-02,Student
4eafa5ea05306ecb0f272817c280ad32977250982faca6297fbb8fdc91760774,95056eb7bcff2f070e3950c79d1a8e0d43e3b734c06983909f05374098bd6350,studenti.polito.it,-81.0,15.0,187505587.0,4226665,AP-AMM-1N-XP01-04,Student
983eb5cfb2ef598764587a4cddae5dd30633535be7a295e39160120527c705d7,fdb99fb2b94c415886ff92b87e59fd171d60410dd64b7fcb76516b54ee74d534,studenti.polito.it,-48.0,46.0,1671874.0,1113669,AP-AULA6-04,Student
25387945fbdaef2d79ef2c7d491f8109929427dbe7079d9b5b00a8dac1351220,fc3e88e9a31fdc895f94c4323ffd66d0b367b57f90ed9c0612e1b43b5686d926,studenti.polito.it,-60.0,36.0,2411868.0,2385962,AP-AULA4-03,Student
e14ce4846de2edbb773d9465499ea959ee1a88d33c6334903f3929a9085aae23,74850efdf21fd39defe9c2fe6fb3b68f072829d7b539d56bbad977f01b7359ba,studenti.polito.it,-57.0,40.0,18516176.0,8646441,AP-AULA2-02,Student
223bedf279aaa5df117f89024ad78cde6fabd5dd23c064f47df2c5e44180581a,19cef6957159bafd91d18a05412c557ea0fa18b220fdad5cd8c390fad795a3d4,studenti.polito.it,-46.0,47.0,279324960.0,106793731,AP-BCI-TZ-01,Student
090d365fc1a3fb55b44d21c8c62daa61ce011d427f47b6e6d90a36b2be1ae502,26f777925e04bd6198cfebdc6105ea87845c7e8f2665da656209aae24baa5752,studenti.polito.it,-58.0,36.0,16558582.0,2781413,AP-AULA5M-01,Student
ea8b663a2fd86de0b208a748a1a3c0f01528e3db85ec66f14a9dc59409f804d7,4480a4362e86c5eb01f84da07c6a8634fbbb3840b97b1e5b0642d73f3e6e5758,fct.unl.pt,-60.0,32.0,3700834434.0,244167102,AP-DISMIC21,External
bcc2df0cf76d3d2def70f54971e07ba5549c59458395b5544212c4c33ff1c054,d189322a702d07cf2f6c8c8dc8926d93060c79c7983a2ad6c71ffcb97dca6972,studenti.polito.it,-63.0,30.0,4442993.0,5961335,AP-CIT-DET2-02,Student
642d047d2a9f60989edc7ad3aba065762d725d376460181a06deb22005f56197,73dccf466a4a1e8e57a872b062f647ed156f6713416b2de0d6463b3d62fc91f0,studenti.polito.it,-57.0,37.0,1764405.0,571350,AP-AULA4N-03,Student
0c98a2f93d55eca03fae2f3156b24d8db76f07ceaff797f5445e2f07ba2d6ae4,495a12cb8f6cb04f2a09b97b17a5e98988c814ef2df29cad5b900af6e8a3d390,polito.it,-55.0,39.0,29098864.0,55171002,AP-AULA08-03,Staff
03d107ef9072e121e504120edb23c9e10149d3772e321ce3ccdf7da225d6cbee,b06fdb3ef9445e79b22e069f1cb309f4e301fedd992366827be900471f8c069d,polito.it,-81.0,11.0,6580139.0,2169712,AP-AULA5S-02,Staff
c80fffd08f6b88f93899efa9e6bb83f56241df80da02be15f234bed61f8015a0,14d284a19cc311c3ee8bd5abb3248d87ec41ef1a9a707615895771c90ea3213a,studenti.polito.it,-83.0,9.0,5841274.0,57000145,AP-AULA11-13,Student
b128a5f34fbe5f5dac67860bdaa001b03452cac9bc34c59b3fb02c1b20594cba,cb6ea4cf81cfc5691156150b86f0a5fedbc474a20cfca45da22c70ad95e2f097,studenti.polito.it,-58.0,36.0,152743416.0,8553533,AP-AULAR1-01,Student
3a0cf7d943227652fdf5bc8ce95d5d872baa8741f6fae21246dfbc31635c764c,2446b32135192bb22438f0f43e29621553ef51baa04f53fb21fdf31ee405a8a7,studenti.polito.it,-49.0,41.0,12065433.0,3115331,AP-MIXTO-02,Student
42ad41908533266a9965bd285bd4a3cfbcd8aca9d39e92c875e8c37faa4b332a,d0148a2d573351eb3118ab65e9859271038cc93aff680a6833242dd3f63afff9,studenti.polito.it,-59.0,34.0,3526613.0,550621,AP-SETTE-AULA01AM,Student
4975bbc39e68c77f8d9f832f03e29c02a4adb672d15e1654e22ee8d1f15ae183,2ec7e4366bb4f41156529bbca092c64cc2eecf0986bd61d8955ad6738cd46ae9,polito.it,-68.0,25.0,141700035.0,15098294926,AP-AREAIT-2C-XP02-02,Staff
1f9251b5ef7fd31b69f0ce146f44262b7e3948ccf52f625eb28e7a86271cf2cb,301842a9b6da570afcdaa1de33b408004527cb2b6835517d8e2f993ec269c58d,studenti.polito.it,-62.0,32.0,524712557.0,23062242,AP-CIT-EXCELID,Student
f81b25b29ba8c0638186c1c2147288e006b50df8cbfbf059d094873d8ee0e906,483ce57b17e3bb5cf651ed808e8702cbcf68061507a0b660965b527f7ce8d91e,studenti.polito.it,-61.0,31.0,505937.0,351362,AP-AULA5B-01,Student
7b8207ae406df61f8f8fbe8f93f56b5ed3db748998cbcb0c58ac61b3d0594913,c00f46999c5cfb71f40f9b763a332088eda85dfbd4461aa6159e202a49dfc62b,studenti.polito.it,-57.0,37.0,2125897.0,2207679,AP-AULA4-02,Student
c5af8d5c30b04fbd7931ef4dc7697b9f03228ffef4371e4db7cac5c5da08bae9,69f2cc50772a16640c1ea2400e111fe591d289b24a13204f36065e55a11bc065,studenti.polito.it,-52.0,40.0,162518348.0,5133872,AP-AULA15A-02,Student
9db795f77100dffafcc9811d07d53d8f3134204cc825ff283b0fd387da035652,cd0d9f554f2a76aaec61a84c279c8d9a513dac27a0c4a4cf888a0900e71c1138,polito.it,-64.0,30.0,20763844.0,2793215,AP-AREAIT-2C-XP02-01,Staff
11383a9040a9e720590076b6c0c0fc35cbb34267a5a7f4d788c39e68260f74df,5fdc66b74972c1faef36cffe71ac00f4092e5c48c6960edd7af5e156ee256423,studenti.polito.it,-68.0,24.0,318348.0,187278,AP-CIT-DAUIN2-01,Student
37983db35471034327c2a7f33f44f5fb619402093fe5fe7132cf9ba66631f4c1,f098bcdba9b38c8e2ff09c7100bb8599293b78b0852fe96cc50c6c8a18b01324,studenti.polito.it,-63.0,29.0,7748923.0,1803106,AP-BCI-08,Student
9e91607a8d2adca50051a2fe39cd9906d6e7ec6c3199f55e16d5a98d9313df86,f97412488376fc10c491e598f23c325d88ec5f288c2e50beb7ac0a73bb1f4e71,studenti.polito.it,-57.0,40.0,228370261.0,8165562,AP-AULAR1-01,Student
34e9c538ff6ea42efacc207afb194d29f933ee8c493bc00a8f05e7e23fde06ab,195092fda1cf926a0f7346ab193b8226c9f806e739d773d04ed744c793acebfd,studenti.polito.it,-81.0,10.0,366649037.0,12253303,AP-BOGGIO-SALASTUDIO-0,Student
101a8698ec4a49a292695f9fd41c3723701195b737fd1f578fa9dfaf829655ea,0e69db09f5a26c805d87b016a514494aa5a1edcf781c83e32dd0b467d3034ed7,studenti.polito.it,-64.0,30.0,2488103.0,4879528,AP-BCI-ST-09,Student
e89c57352fb0cf6c60723c9f911673e6db77b2713c85c8572086094cafad8a8b,2055301a2ead3f4a31481fb4d94b51a256a47116f1a26be38d69409e11ff2f38,studenti.polito.it,-60.0,30.0,1283207.0,699667,AP-GESD2-02,Student
9abc56ee6d4d73211955ec83bef80a2cac29d1792a2de799bc88e2b50c6b2dcc,5e5910ea9127f5f490479151c69a366be4e678dd7aa8528837d08ae890cfa683,studenti.polito.it,-59.0,31.0,1170807.0,343357,AP-GESD2-02,Student
c93accd35d995040757520e9d9f006eddc1eee3ddd4204fba5edfbd0ed19ab7f,7d0953daeb5b719c1b9a994a3e7522d7b061ec9f4c60461840fac4f7e0d8b5ee,studenti.polito.it,-72.0,20.0,8852.0,3321,AP-DITIC03,Student
c4a122e789e014970f9a596577b8b8ba9d10e51d880181b593cd93beb22addf1,342782340382fe38c2999fcc8f33833640d5710db6c33fa31a98d13858a0f75b,studenti.polito.it,-46.0,46.0,84864053.0,12927195,AP-AULA05-01,Student
d73ab65c03781989309f9313a969783360fcf8700538a500296cf0b2aa49a87a,1e35074999d11a10510229a1f0f12ad8af8ab920844da47c4c13ea795665d8dd,studenti.polito.it,-65.0,28.0,96081015.0,6842516,AP-VALE-CHEVA04,Student
4f0acf8ce6499ba5dcb9a109916239ebd267cd2c5fde1534a869d5fc5d0620e4,0bc318509e47866fffc7f81238eaa3dd41569f8faa30f5c42078c1e2ac1fcb8d,studenti.polito.it,-50.0,38.0,54258055.0,16758554,AP-AULA5D-02,Student
d26b08758a51f7ababaa32396bfae7c974db3fb559804605135e1b60d8787c94,095d8131ea1258b492663b7d777c2a05d5615b39fdac1fe656db96e130fc0362,studenti.polito.it,-46.0,46.0,540723473.0,50084948,AP-AULA3P-03,Student
617b63605e77defe86ebb9108f7bef11c121cc864d2a0a382d819cf2960637d1,7e4b9a379c0ef2e7327e7a6eec920a81891c7663fd79ce9abdd3ba04a8d083b1,studenti.polito.it,-45.0,48.0,26775909.0,1712832,AP-AULA5M-01,Student
74b054b23ec179505aa4194386e1da930da2608e1cc24bc5f533fd7dfeb1959b,2e76114d41bd9cf225327efbb03a833087d4b1665c25e8923244ff615f30a1b1,studenti.polito.it,-47.0,47.0,6879360.0,2886976,AP-AULA23-TM-01,Student
72b9f6a6ff4494cf6c16e786fff887fcec9a08deb6fce12c54f560a40f9d028c,d6b94362754ed7c366ea965aaf375dbce720a7a463be692346be377a6a84543f,polito.it,-46.0,47.0,1792097.0,1900321,AP-LAB-ANGLESIO-01,Staff
793048da7e8397570bab78f925b0c2346860fba6398529ae3cfaceb6b5bdf2ad,930a503c5774523ec278b0f01b0ef1ad9f9e247eb2615fe222da99182a1238ac,studenti.polito.it,-47.0,48.0,12767471.0,1022762,AP-AULA1VM-01,Student
6127f575ed6de7d202d322503690134cd37683ee3b6a7f04d5455a9b9d991430,c2d25f57a84449fa77a70423ebcea47aa49aad166bec5b195f75255b5f4997a5,polito.it,-62.0,32.0,346975599.0,25945527,AP-CIT-DET3-02,Staff
5817c58c15463da1b2f6de55ed014a20e262e6a2ce4eba3cef795199f65b009d,3ce4b885518b9c73c7a0d914a522f61fd94c181e0759bb6908d9fe64c8a3c4f0,studenti.polito.it,-67.0,22.0,167654424.0,4381857,AP-CIT-DAUIN2-02,Student
5ebc0f1102dfceb28aca0db28bad792624829d4543979c3b7c8c9ebb7d9fc229,67ff5d86d0575852dc99a4e728c06fb93d44edaff2dcb028d2341cd0a95add88,studenti.polito.it,-61.0,34.0,15591866.0,1128179,AP-BCI-ST-08,Student
3c2824032b1c7bc887a3e5716ec9155a60b7c0a08d395713e3af60e8840cc6ba,fbbc3fad86e2ddd48902c37c7ba03ef6e578bd521cce1acf6e7ee88dc5ee6c6e,studenti.polito.it,-54.0,39.0,25245133.0,1081687,AP-SETTE-AULA04AM-2,Student
8bbb95618be32eeaae81ea76475dd19afa09fde70d3142fcdb66750c23475424,fed768204e02fa02a1308d0159759b1d6a035b040cd864bc4d97ad0b44845260,polito.it,-66.0,25.0,26186830.0,9959891,AP-CIT-DAUIN3-08,Staff
77039f6f1fff024fd0a7c4aa38c532f42ce0027e36acca20e816058c2ade0e47,5635a02b591f8f2679fce6733b0314f8959ac57f002a76bac5f2f95389de9e21,studenti.polito.it,-79.0,16.0,47587675.0,6160544,AP-LING-AULA201,Student
973a19862278ac92af1bb2a8190c09ca9036489748cb0f1bc8000b7ac94c6d69,d761148c5b5c3df1a3a7e21c7c449f73dfea2caafabc6891874c374f403c4d22,studenti.polito.it,-50.0,44.0,5719371.0,9993111,AP-AULASTUDIO3-3,Student
1efa40f1caa11f2c1eb8cafccaa920af695667db387bff136a46018f2936ae1a,a1dfa74c1ce99ac7e6b116baa47ef4e2825d2676f658818f52e3b44e20df97ab,polito.it,-86.0,7.0,16964273.0,4150220,AP-DELEN06,Staff
c35df42ba33a90967353616b442092d4ae8bb2225b40f882ce015816aa72d19e,f19b99ac7ab26154ac5a2a92d3eb9197e55426204cdb7431d890f63dc9fd4103,studenti.polito.it,-76.0,21.0,194304360.0,4033070,AP-ATRIOSCF-02,Student
fe61f690473f603645816d5bf962bf4d534c81bc6956d6234b8cb51ab04d7d42,dae7e3a25187aed1a9b2296e6b074fff2a37cf6a8169d742cff34ba8f03e8676,studenti.polito.it,-63.0,32.0,30924928.0,6351033,AP-AULA15A-01,Student
fa55f95379cf3f91edbf02620700a5a623da4f05a11f277bc9125ceafa593c1e,8761e821b1a576e96953faeff86e5aeb38b309ce2b3be7ce10acbd91c729faa6,polito.it,-70.0,21.0,4080300.0,2036380,AP-DAUIN03,Staff
a4a6063bfb418ccc43575c269c2619f26a0c50bb481e92041a3135d546464eaa,6ba9bf4b1617600fc4dd469821665d608717ebcf112e4e410654dd7f1eb34d6a,polito.it,-85.0,11.0,3995281.0,1826926,AP-DISMIC11,Staff
fba822765f817e860fd89507d554c6c6373512690354a3f4f2d035cb45d79104,01c413648a400bf7d15c5f68400e3d669d80dbb1b3d69537c40b6213d8595fe1,studenti.polito.it,-78.0,19.0,78360147.0,16647840,AP-CORTILE-06,Student
54d9839ceecc45e36a157710beaf2818436cdb3962bcc8c73ef62a8288c47e86,2409750a2908a46181b0bb9c6aa7d4f8a4c66fe06216edc351628b46a448edb9,studenti.polito.it,-49.0,42.0,94323.0,99134,AP-MIXTO-02,Student
6e5fa19710ce5f608ea4968553627a538013ae82e9aa11d0adf85e198bdf8763,aa2b7f65168e8a14fddf42d6c9ec69d464100780ca515e32a61bfe0dc5b1473b,studenti.polito.it,-58.0,37.0,8577.0,0,AP-AULA08-05,Student
c4ccf4f0626cde96954c4f7673ed20bf980060bdbc8b7d518d8eb24aa422e8bc,eb504db4e62c9d52685274c3b908f75e37fb7480a71434afd8f343729dce846b,studenti.polito.it,-51.0,42.0,4003623.0,654179,AP-LAB-ANGLESIO-01,Student
13fa54359460478db70b8416238c4e6e9a159336429ff89205055ad427fbc6a8,f1dbff1dd365cabb692476edd50e2ec56e4bd7101e1da42b6d36a552ac55e304,studenti.polito.it,-62.0,30.0,0.0,0,AP-DITAG01,Student
52163b22777e07a480af133f1a52b33e39b2c33140d28cd751bca815d5cccbf1,85ba53ef3d457ca0bff45fe52f918f3bab8aab446f810b3bf33a2f39b04d5f6e,studenti.polito.it,-51.0,40.0,560928392.0,8842223,AP-DITAG01,Student
2dce1ffa0ee234fe8b57157cb6d346f5c720d563c21081cc6ab05420b4e590f1,7da15fb0447f6206ce2f9a79c639e176b4afc0417471be0fa027c79525eb1099,studenti.polito.it,-83.0,5.0,270949.0,125108,AP-DITIC03,Student
9e415acef3a8bc5e140ea81747b540a1a58e04f8a853faf1ac229a4f7ee1d375,251a2a92927c6dcfcf530ffeef5f3d93f2d80ad4fd4e4c3cebf5fc705c7f5430,studenti.polito.it,-55.0,39.0,6626836.0,634754,AP-VALE-BCA-02,Student
d2ff4a3b32cdc7ed45cb52b84ca2f30a2b2058532b51d7f81432345df989948e,f6cde6ad3c5b59bf6d664e8720df7f548ebb4cc323c98144003bd391c1121387,studenti.polito.it,-84.0,11.0,575625197.0,319588188,AP-DISMIC18,Student
abc862fc979abbd08c200275614c0e041cc81de8e844c9567917cb75099b0613,58463f284f0b9ae69d975c1b34443473e6ce83f6de0b9b0a3bac66b93f9f0433,studenti.polito.it,-52.0,42.0,21657665.0,3285775,AP-AULA05-03,Student
75c6c364657785bf90a87d8545f90aab6c1c7194e71114df1267a16d1fdb2068,ddd7ff601dbbd6c006104bdab105ea9b7c5058c2e3d3d9231921b07f236c5786,studenti.polito.it,-59.0,26.0,181956.0,43790,AP-AULA8C-03,Student
ee20b3aab79c9adffdf116000d6cc058af3853a93a4ffcc3b3cda6277b7bb273,c69d2cb6d3229056576bebb3d0e700ac31465953b0a481f4931a3b217c3c6e26,studenti.polito.it,-55.0,37.0,205164032.0,7263611,AP-BOGGIO-SALASTUDIO-0,Student
6861ae676fc3beed7c3c57616442c47279c9fb42c489dcda0cb633061d97bfa6,61ce336d13535f84603abcb8ea12e40c22be7be7408a4adec6c5a800414c83c9,polito.it,-62.0,34.0,135972036.0,9100807,AP-DISPEA03,Staff
c84c5c7da2af3e7d49925feeb43efaf1da4ed2df1872d7a16668979e014d0fba,a2f053d6a5b0aad885f2e333bca352eaf00cd8280daf172c3a081eb6cf6c1fde,studenti.polito.it,-50.0,44.0,478604629.0,14424232,AP-AULA4-04,Student
23d0fec53785ae51f00e64463b7b78a51835b446ed63ea2739c78fc535523d81,68a55218b7cc451a036be2c4d6513681cffb4b7b09cc2d9d65b42a459f6b5bc2,studenti.polito.it,-51.0,42.0,8586421.0,489967,AP-MIXTO-01,Student
e93f11e3a24fad4a4135c9a8480e587129947d32a5d3d7cdd320b83b35b77ed9,2bbb6aa820a2c20029cd07cf0285c65d6d2e83d8710b4420cd1adbfa1af85d35,studenti.polito.it,-58.0,36.0,101969911.0,10698931,AP-CIT-EXCELID,Student
cf18b6e8c33c2cd46352b0ea3682ca8e8e666b907fe8d0aa0da9eb4164d56551,b914a489dd030484230dd4df13054b6e1759dcc986e560dd62cc56c9f967400f,studenti.polito.it,-62.0,35.0,9382043.0,6084940,AP-BCI-ST-09,Student
26c71e3c2711d625a379464ef0464425fef336c37310fee4307d5b2084eac53e,14baf1f16375ee4ad0abb8fd2141799902b38798f2d610e7e854baeb361deae0,studenti.polito.it,-53.0,40.0,10483.0,7285,AP-AULA08-02,Student
aeed689dce0d7803a108bf8979dea02fe48e2e221fe85ca37dcfbce89368c81e,a5a5a151d1004aebed4c03ee39d331975768bd41104c0fedbace08b0e7c0ae86,studenti.polito.it,-38.0,55.0,4644818.0,1320031,AP-AULA5S-03,Student
7c21db6c253c05256daf1a3d072a49ee41527144b281a4597663a455735536ae,d73f48c0c7e02894cdc01a42675c911a7ee1b0fa8c66102c05796b8a3d3ec360,studenti.polito.it,-46.0,48.0,211368637.0,15498087,AP-LING-AULA305,Student
0818e69f2ce1d85725a19d383baedd9a386bf16baa09abe77214950311498dfd,66919b26e275c659d2d29e3504bbaa514853d33cc1e4cb1101199a845717998c,studenti.polito.it,-61.0,35.0,57130574.0,190164523,AP-AULA2-01,Student
b8e2493108a582d089a9555c8d882dda0e7b062554614deab5f92cf426fd2e6f,,,,15.0,0.0,0,AP-AULA2T-03,Unknown
5965b9a6b3c584fbd4cfb8e577b9683660655ff9b1b6b72bf2f37bc68c0cfd7d,9660566b43bfa5561c5c7f445ab4e199cadc0ba3f681c22d2dfeb69ea312ebd2,studenti.polito.it,-59.0,38.0,99855376.0,8924472,AP-AULA03-03,Student
237286d6959e6d34986b8ac034da87a3f0d89ba4c3f5e4c59339e9810b16c4cd,,,,,0.0,0,AP-CED-DET-01,Unknown
5c70a1298627faa7762e64a75ab2ac9b1ed34d5030c996dc2c5572472c768469,3cd525bf9bf40f0eb135199082f9f698e60cc07da90ac8b1bc2a25f9cc1d218e,polito.it,-59.0,35.0,2373047.0,20632866,AP-DELET01,Staff
9c5341d36133b8bba01086cb6c746b23b625747cc597ef75c0c18deded179b4c,14b5130cec0b1f193e4818c3b7531d98f80605ae3bf064b788babd8a87019e54,studenti.polito.it,-49.0,47.0,149680367.0,6714529,AP-AULA11T-02,Student
f01b728b1a5f3a59c7499f5e16cf74df5647f23efe8a401aeb06d83e83eddf5e,47486ac95569894771bc9c14dd45051d3a2606c28b347160cbae1f97f428d9bc,unisi.it,-48.0,46.0,42978503.0,15726510,AP-AULA29-04,External
0b5cb759846bcc0ebf9fbbd3411d8dcc21310196c7bb64f1ad53d9465f580609,3585c272de2c1a9fb614694b13849c5bf59965d0a3d443bf04553457c6c3dccf,studenti.polito.it,-37.0,57.0,5890278.0,1996010,AP-AULA2-03,Student
b42056dfadcf8401da656e63c2857de664344133e212743bec61a4482567b7a1,06ccb282b5b6f1132c98be4dc97a13e1334735db62864fb30933f105d5f0cd56,studenti.polito.it,-51.0,42.0,825515.0,654340,AP-SALASTUDIO4-02,Student
a994f5a43b845d7765c624b71cc2f5066d652bd1bc54b4a7093a9f4481140911,c6b135192f9c06f211c0903e3a1e9432e4819f8bed335ee0de0dddb4b2260d97,studenti.polito.it,-82.0,9.0,42829889.0,6387536,AP-DISMIC04,Student
69843703199beb08f1ddf072b4462a05c1b5a96dfc4b65d867920a26b3a0566d,38797f1aaf906b46324043353b602c25b97aa95e2eb547a98444cda79db796d1,studenti.polito.it,-47.0,46.0,5508615.0,9831116,AP-GALFER-02,Student
e15c95d9f10d75441e3448bbff45a25a9978ce1acd358513497d7e95751da9d3,db80687d7263d52cebc42b5f7397523851c44043c05e6026de419d83344594ea,studenti.polito.it,-61.0,30.0,85775.0,22024,AP-COV-C3A-XP03-12,Student
41922f017f9c134f2101569ff84ee202453cbfdf1bc93c19b5b8a3d55cf56e35,99562a4b70e6746ce7a79d99f719f74e7132905f702e44dfa180790d13ac70b2,studenti.polito.it,-84.0,7.0,66161.0,74866,AP-MIND4LAB-SN-XS01-01,Student
e3f188c0fbbf61a61de4bdd2f9dd41819b91a59fd1fb422faac838179f347e6c,987b59e56dac69f69453077c8e4ab647fd1e699b1a99b372d8def4a370db4702,studenti.polito.it,-54.0,43.0,32310.0,25594,AP-AULA27-04,Student
4a0e71e881c0522d6013e1533be4f6be1d5a8ae1e21705dc4d6718e267a3fd52,49d40fb49910df4758eb25ecaa813e5fbc10649e8a6cc22910194caa611bc527,studenti.polito.it,-89.0,6.0,18592118.0,115362680,AP-VALE-LOGI-1,Student
e94cd922305a8fc24587f07e6d6a8a302f21d26ce56a3ecaf860a65f4955cdd0,370a570bc1cab2258d564468c917c825f522903b85ddc07321e840b3269efd59,studenti.polito.it,-45.0,48.0,16669805.0,3284855,AP-AULA4C-01,Student
c1622398a62c288deec89998704e368b7f2ada58509a588d25bf747fa3d67970,7527498cb6be475fe89c51c8a1a0fcc0cceb742dcd8794a7f703bf0d7929656f,studenti.polito.it,-60.0,34.0,22211844.0,1260032,AP-AULA1M-01,Student
5b739f5eea36ffabf591a81ac9f8468e838ef8ba1c718c6140fd8fb4e17fd3d1,a728b5180a0c13ae7bef2e3e844a46d549c7d680e4cefb6f35d24062c2ce337e,studenti.polito.it,-73.0,17.0,186368474.0,769398103,AP-LING-AULA207,Student
32da220264ad86d28f5b9b9745c3680f937743f9a0ff6eab5f952643ebdd6fc4,c80525e18ea0a29cde74c92073eccd9efc8ca0e5c1f14bc075c7fd414d226ddc,polito.it,-57.0,37.0,354712.0,252524,AP-COV-C3A-XP03-10,Staff
090e02df7315731d5becb12a1518281d885478d8d3e87a66770eeefa67879fd5,03b071608d95dfb5be07392382e6b4acae6dd7bdca70c7dd1e8b3368dc56fcbd,polito.it,-51.0,42.0,216590568.0,9453875,AP-AULA1VM-01,Staff
d403933119c2c464d53dcb2d9116c685eb03414dc00d0c0d3d56767a4d2c107f,274e09f9eb0d33df64b5725c91c1f6da500515fcb7dad31338188d1e863c8fa6,studenti.polito.it,-57.0,36.0,551822.0,1956328,AP-AULA12-03,Student
ab3d071b141cb45242d1e75636ec883597d181076e2d6beeefb4edca6cd9743c,7291ca91feefb915dd441b31c7c9a7ea6592e81bccf63e544eae51ddc5297729,studenti.polito.it,-51.0,46.0,266535460.0,10477255,AP-AULA16-03,Student
af2d93349c011473261b50bf5bc794cc279c933e7ab858543ac9f8ae0d8df380,941a096f47e692f80d9f2a1afba67de248b1ad5904e867c606c763a383b798d6,studenti.polito.it,-62.0,32.0,3895004.0,717439,AP-AULA8I-02,Student
a9fe0bd8902322ff974798e73bf9cac813a82d4ff164601268a8a0a3649d4c5f,ca02e815a9ee605e9664f54f5d36a55fbfb577101ef2bcda276f986333574475,studenti.polito.it,-69.0,22.0,4337123.0,2445676,AP-DIMAT01,Student
91b1092151cc24051c82a294a19858d121ba554124a53034c8642339174d7123,372dbfa109f6e76394f7112d2bd2887ca7c05297540c969ae75141737c44de07,studenti.polito.it,-53.0,44.0,1062129.0,770835,AP-AULA29-04,Student
0262cd6225dba7b54b75c7a121f75a38c648ef2a032378762c43b2d5c8ace211,e1a070955b76a42111b1e39c61ac07d94a08cb30c38ae6167f6657c023b0e50b,polito.it,-60.0,33.0,13897182114.0,232572189,AP-DIMAT-SALA-OSPITI,Staff
f70727d8e63a0a49d8c957c3b3131bb6f20c838a319b0ff9ee5b026a1079d213,d344d8d3be78313b204ee98d1bc7102ce7a10563fca86bf42e8550c2a4f77f2f,studenti.polito.it,-58.0,38.0,17939124.0,1325826,AP-AULAR4-04,Student
9621e7f560974942a1623690020d40d2f7067c25d298c9e0c786e9e84d50602a,ca148b97ecc54811f1f72590ee85ddff55c715477f48d11df432c715c5c49983,studenti.polito.it,-45.0,43.0,1239027.0,250298,AP-AULASTUDIOR1-01,Student
5af302f3d40cdc90ad0cb0787d96e5e824f7a8742f34e29459d635c392ab0d52,170e78e04bc04f9440dee04a02af310503767e2e9e9b4ed0a5c04dc126ae477d,studenti.polito.it,-56.0,37.0,191446693.0,10357113,AP-CIT-DET3-02,Student
0c520b5a690946aeca67180206497932b6a55d9cce727dd065d6c5a3d83eaa10,9d5f6fc75caf7d820f975e0234982434b95855d620910b68c08d5620119c9f6b,polito.guest,-47.0,47.0,13176536.0,1073429,AP-SETTE-VIRTUALLAB,Guest
82332d6989e7571bcc2f032abf40b2bd77a3365858089d8fe2a6b19f760ec224,7b43110e88ff71b67f6529e354e77c4e2ba24af353e25eb523dbd27c7e783159,studenti.polito.it,-54.0,40.0,345408716.0,6748543,AP-AULA8N-01,Student
8601b889b3fca8d7e9ecea64bed0677a2eaa6c929b25140500b4c75fcc713a80,50b709377dc3bb3ad9413ecb261ba585c6efd19513bfbd00ce583cd959c4c6ac,polito.it,-72.0,19.0,125180999.0,8261772,AP-VALE-DAD2,Staff
ea9c9b88d0626ce2b89cbac8a2bd99813a49f521f9dfb1407067fc81c2fe1817,18f0a0330b6653a27158f849d66925741beae16fb31535524ce6f5180ca14884,studenti.polito.it,-60.0,38.0,511657.0,886597,AP-PERUCCA-01,Student
e8c055010faf6c9f5c515133a39aca26e59056fa78641499efd085a0c8d844ad,139bf138286ab05de2c5cdf7d8a38cb76ce4a9d6f2a6cc5e82a02ca6b5cea9f8,studenti.polito.it,-67.0,26.0,15191062.0,12240108,AP-CIT-DET2-02,Student
dbad1c7f8516c6f442c43a954eeee7da4d079dbb5ff0c1dbaca92bcc8089d2a6,3cd28143fb566feb2c08c225b15f05ea70738b7bdca3ce6dc8e7637536deff76,polito.it,-77.0,15.0,754230444.0,74236282,AP-VALE-CHEVA19,Staff
293b6086d95f2cbd4a5db1f46d16ed6300e4cf2d4d663cef0a7d33ae23c2785c,b4ec026058fa337ddc14bf54e6514d8050ffeee34182a281930694a403219c21,studenti.polito.it,-54.0,32.0,11105257.0,1103794,AP-CIT-DET3-03,Student
78fce1e33765a2cfdf83b49e052711ee9d272ef5d9cb7361213dff64e54833f6,2b2c72f10f202c96c284a699e45c808d3588de003b44cdfb337dc4896d1f104f,polito.it,-68.0,25.0,969601860.0,421334018,AP-DIATI1-01,Staff
6054755dad3b77d609aa97c209030feb56fdcd9c5690b2f30bc42c9ab9461c2d,7fb811f8d0a3b446cbfa00a95ffce59863d845df9bf60219c6410a38111f30ce,polito.it,-61.0,31.0,126249511.0,125729973,AP-CALOS-01,Staff
ff5dab6d6f5dfc64edd55ae57ee78cc61a34bd5bac1016f9021ed840700a2fd2,d411d78692b4ff0f98f9f1875a7e0ebf5b35af1c3f55ace684b6e1e26c2ad843,studenti.polito.it,-56.0,38.0,34826785.0,6538899,AP-AULA4T-01,Student
c81d75e7ee1de05c651eb8d7ec6add446f23f7b022f51fdab1f6a6685d14a470,b5f86effb6151c2759a7d3d6daf7cb5323d8345f4d4bc582006127ad2ca73e55,polito.it,-54.0,39.0,1152653.0,254999,AP-LISIN01,Staff
0f008a0e48442773b02fb57b896e68dc38bffbb58cfdf0cc23dc744a7022a201,4411d60484ac8546adf3bb350f00cc437f2f3d7e746e3d9d760359aea047d0dd,studenti.polito.it,-46.0,47.0,25932019.0,3835256,AP-SETTE-AULA12AM,Student
9c2072ffa33de5c380307a2dd5b2499d5c1155645e74db620e3f734e9c26a410,6f910e76a9c58b2a30c7907e5361b35a5ee03e715ff4b346b4b425272feec217,polito.it,-63.0,34.0,623591.0,273265,AP-DIASP06,Staff
3b7ed310bf8246f96e0596cba9faa6ffdd51276d239a62f6a13813f484a86de0,02142efbc21643dcef235f488aaac866e7873519bbb76f727cb9434942e5ccdf,studenti.polito.it,-57.0,36.0,9221740.0,7093408,AP-SETTE-AULA01AM,Student
9eb2bfe4acbd1e3241b7db84b7d943d15a7bd35176ecdec11ed17153694478d0,43ec340085c9b063f17e8f54217c5a43ad767510fc5a92a96c65db4d7a9edaf0,polito.it,-46.0,49.0,6971678.0,2296978,AP-AULA12-01,Staff
5029bd2eaa6c8f27aa03f81c34f77b18ccab1568c834174a231cbeee34392904,61d10f023f9a2e6b2427355672b51a1a86d3c54e83ae5191335965b92f26e5ae,studenti.polito.it,-63.0,29.0,52966202.0,4527335,AP-DITAG01,Student
921a3f289bf65e8a20b732ff44e25ea2d0b4feb96325384c821b15255dcd5dd0,e4af4e37ec0aec0ec7be81f71b3c13280e945fdfc3eab073557333a55abe4925,studenti.polito.it,-44.0,52.0,79023673.0,6025037,AP-LING-AULA205,Student
a4760ddabb2bec17f38e200b53e90587f51b29378c1cb1e4cab1a2d27ec91f33,c5df071d1aab2d04005d14585cc00ba23d0e4385de12612f6d0be2ff14d1d3bd,studenti.polito.it,-72.0,21.0,2758844.0,1000291,AP-AULA2I-01,Student
5536065e5d950c1aa330a6083efdad23ffd5134f554324df7a92061b0dbed354,6757ce725ed818882848739770089db701e2c177bb7da95d758c6b26b9516368,studenti.polito.it,-71.0,18.0,1371526.0,1561852,AP-AULA5I-03,Student
efc7ba17ca8cb25ddae20b5486995b104191a95203a59c4fbab378de02b77200,1a7e5cf3e71726a5019d61532c792c3aa2089375b77e9ca6df76a5d5594d56ce,studenti.polito.it,-53.0,41.0,281819012.0,35457999,AP-AULA12-01,Student
783b6e3ec7197acd856e3b72b939b662432e18636d82edf69e38ecd891db80d5,e79dd830be4d092b79df518683394713dc204ae5f81656cc13e56d64b15fd4e5,studenti.polito.it,-53.0,41.0,14982661.0,1076637,AP-AULA03-02,Student
338d3cb0284d54970699cdf78d5045de85f6aee94dd6f0bd00238435ee24a38d,b06e6111f58bc54d41f75d8b048394c3dacb8430e16dd211455e3f3e7e92e3d2,studenti.polito.it,-54.0,38.0,11914036.0,544794701,AP-VALE-BCA-ST-02,Student
b2e02d8be558a17b83589e8a8d847a0fdb574a383b7546e65dd5f6b0ffa10e91,bf7b8bbde23aa6f0b11dd39c920be29e91419f8d557f16f196c4394622cd864a,polito.it,-65.0,29.0,291089.0,149526,AP-DICHI-3O-P3-01,Staff
b5e73c19e1c37713ff42f7531bb5bf95d79953cb86bdfd4e43a7661732294bc2,58c3ffcc65323d4917f276388041e20e715a4c52aee7f6020d7c3d2c1a3ade9f,studenti.polito.it,-60.0,31.0,2874691.0,651325,AP-CIT-DET3-03,Student
c679be6d80ef363e66b7fe86ff710344434e52665d9188808fe42f286c873e18,bb7c99d867027c3542b6bad05950c80485b866bc259e4b0bf79eca9937ffed23,studenti.polito.it,-73.0,23.0,53898737.0,4189844,AP-LING-RECEPTION,Student
498f09701f2e4af1d3b37ad13ae645cf9fbf249a36fb435b178d34dee23a0ef1,f0d7b56fc94957ceb282775fdbbf0aa40beeb47efd8e78d02b24aef4f7b13530,studenti.polito.it,-50.0,44.0,481526851.0,14090457,AP-GESD2-03,Student
1c8bf248243a06b67939d6de25b5b75dccf7912a98b12c21c13ab9e4e88a713e,9d186c4abe8ad77d93a98c6bc6cc45ecdc5981c651c7ee0acd7be7bfec30b941,studenti.polito.it,-58.0,34.0,5953242.0,1079140,AP-LISIN01,Student
f4114f0f19687e6a5dff83d01eddbf9d70cd7da74be6e49278f22c8d16977af1,d729021e98339fb9b780da49cc6f8161ec8b497478a06c7612e45d07cfeb594a,polito.it,-70.0,16.0,6923907.0,2778329,AP-DISMIC27,Staff
78a6b1109f0e8abe5e48f686915c7618c14dabd797240fcf1c24746f8b354755,c42362f85afc97b6fd77392c094a8201f326ad44a63b375b28fea743a3c1f8b6,studenti.polito.it,-64.0,28.0,49728812.0,3821717,AP-AULA7I-01,Student
9d2f0d595ff43c7e4acf4587c3f3b21308ad34c61996ee4d516fb886eeec9295,0619434865470108bed9a950229f7e576a022ebd17efffb18d7f28fde2d298c0,studenti.polito.it,-64.0,26.0,102260061.0,11845593,AP-INGCINEMA-03,Student
8f73ba3a0c8c49100be55ccbf46c7496b734a4655609fdcd9e144502c628ecef,,,,25.0,13624.0,1785,AP-LIV-LITA-01,Unknown
26c8cae32511571e301b51a7be96d610d67fd66281dafcb0e2b9e8d7862d314b,382449c30a9c77e5833a5426dfbc3b67afd3ac6b9d0f4c313b5ceda345073a37,studenti.polito.it,-64.0,30.0,186470196.0,12017007,AP-SETTE-SALASTUDIOA,Student
680889aed55dd7859fde5e54a423fb06fda5a64e904bb420a732830821b1857c,a4ca4d6a6cf2119d07ba250691579e2191cb8b7cc94f1a560dd9c71cd4552f4a,studenti.polito.it,-49.0,42.0,584940841.0,22512886,AP-AULAR3-01,Student
44b987e719f73f4889e295cf1e5a39ad89ac29e158af7b56e55e37e2d890c864,b5eb89057b1401ce452b6fc058d8683cb6110043751f11292723076f4734bc4c,studenti.polito.it,-54.0,36.0,314979.0,306586,AP-AULA4-01,Student
6fa757dd67d12afe864e236425d33f3657db3a2e2ddefe24dbf6cad8a7b9ba45,3bf1dce8deed81f00b5fbb37f7392efd00ad6b8c50f26578b07959944d8a8272,studenti.polito.it,-59.0,34.0,8629390.0,16029254,AP-AULA10C-01,Student
dcd0dce5d02c3b0fd4c5da39923c8f943656df4a03d9e5fdf842eecc521fdbc8,a03d614f13bf7cef036a2af53521589efaf55ccf43e8302339dfb35376b33e9b,studenti.polito.it,-64.0,30.0,91778240.0,3450242,AP-AULA10,Student
b545f60f98e93f3793f446d1ac13960aaf8b7d4d9606d4a57b41b8f30c67ee75,ccd3fba63fb0d6e5e247f6151781618508148a1a67c648dd7406b1bdc0699387,studenti.polito.it,-86.0,8.0,69843.0,16447,AP-AULA2T-02,Student
ed2875c7faf3c1bcc3daa2e0ba5291845c5ee7cdced29abe6a671708c6e6e954,3569ad69405e5e5bdb9053e7ca1061848de051c208c028864dc2326f6163dc6d,studenti.polito.it,-53.0,41.0,53359164.0,4356413,AP-AULA2-04,Student
197db9dfb8dbdce1270ff577560291507aaf9e72b7f423e6371bc018a9a9b355,baf3d6ac448ed2b4bfdfbadb323b462d2edbfcd58f9998d86c3e7fc2ff8fa4e3,polito.it,-44.0,49.0,39684.0,18223,AP-SPECIAL-NEEDS-02,Staff
1b370306f8c3d5d932babc0c90540038bc47545ad0d9d2b032bcbf005dc3b4f8,af83019491f30ac807a5877c3829393e96b0b40c54a668c898541d01aa0f58a9,studenti.polito.it,-84.0,5.0,1727927.0,753601,AP-CORRIDOIOAULER-05,Student
814813052dbd6de16bcdd6acb3b2843bf971e09e47bc46560807a924b1ff513a,be0900695feb6b0b80bfef76bff2bef6b9798f94beb3e27ffe785ce3de5ee420,studenti.polito.it,-49.0,46.0,1052917953.0,30279063,AP-CIT-EXCELID,Student
84faa25031eb901308c690e23d31428a301d949738fec6995c1f5ee2ca167d88,1b0919f5061bb05ffec241178fbcb93aec4f116777b08f5e1fad4b25d2689494,studenti.polito.it,-64.0,28.0,311748933.0,20778085,AP-DENERCT01,Student
2056c2b1599268d84e329280b64b3d5de1bf3dde1ab49d703906eb8767ce5301,1f19346e658cedfd6b3806da878dd22a1e5b5c7e7df7d84197a1d44bc5efcc53,studenti.polito.it,-55.0,41.0,6077590.0,703310,AP-LING-AULA206,Student
ff4ae6f8bde5839c6f08bbb9e70ae2f31234c3e2a5752291270ca4045e939469,6239e36af5477b2e4d9782a9c8a888b8ac5b115b78293be106a26e9c613c4f3a,studenti.polito.it,-75.0,19.0,58727131.0,4520753,AP-ATRIOSCF-02,Student
2cc84ae6944c93022bceacd5da0ce819d42554e5e9974b74f168c87c6376d26d,de226bb70ee00ec8683bf09cf406eb37e3f82b2bfc3a15f49755c58dcc24103c,studenti.polito.it,-47.0,47.0,303877681.0,15704575,AP-ASSTUD02,Student
c1131eb12084975fb72437736b9a47fc446ff26b299f35ba70628999a357e226,4b8a3ab92f93e0337c03c22de4b62cc1dc24cebaab3227af9d95b0f5aca69ba3,polito.it,-66.0,28.0,55415358.0,8198309,AP-GESD2-01,Staff
46384623bf70a0f1591b369a70cf9c6db8f7d73407925a42eb1243da3029b7d9,d10e4015a13886fda3c50ba3fec9cfe392242ac43b6dde3452e2a91c7eb7f37f,studenti.polito.it,-46.0,49.0,1028107.0,395557,AP-LAIB3D-02,Student
d48f5ebf87c9d15ff05bded25b10428fd754db7297784976c37243f1534914c6,f31ca105a13efe5f78423b1ea21b6a6574e67544c9723c011357fa4e0d5aefa9,polito.it,-54.0,41.0,94491680.0,1990731,AP-DITIC07,Staff
857496f8e27448ea391b05d23c2d81e05a94a399d66edd6c4c07d11719ed07c9,da1811b43d9070be94498898d91534ab51a3d8bcbd34a6a64459c6f12a7e7423,studenti.polito.it,-57.0,20.0,195580793.0,16310838,AP-CIT-LABINF-01,Student
50422a6d8fc3356a15da2ecc26f7d14ed8a090d1f3d89bf0953bcca2dfbcf66f,82a1aca039dff882ebeb2e98ef202cbbfee701f040373c339c0168aec92308c5,edu.unito.it,-49.0,46.0,24340939.0,1446300,AP-AULASTUDIOR2-02,External
441c7238dd1ae76b4f6c8d9e0b59626cec88018b433ee736bd8296ec0a427a85,0985ddcca2a94af9674acbad79a035aabb469e5e208a02675eb4da80c3259393,studenti.polito.it,-56.0,37.0,34408852.0,3631864,AP-AULA05-03,Student
984d4093cca5df1c898564c77725b47b48e5021d5aba85c7c30dce84962aef8e,da58bc93fe8ea45d5daab22fcb4f7897127b778ee8a23e401b0c18e1393a85a3,polito.guest,-52.0,40.0,21497746.0,5302428,AP-DICHI-3O-P3-03,Guest
598d0df2ee4417fce75e862f5abb8a2572b2c1528bd0c6f845ec19396a709859,b95f2b3f82b75af892ac9c5581d699f0de7417b960b19c0efa632e6e3b84ad58,studenti.polito.it,-50.0,43.0,272328418.0,4290469,AP-GESD-01,Student
c865113bd846571d646c0510c006921a6984b4719a0df77f4f511fc6af9c0c20,03083cc4a45aad5e63917cfd9de76f515a9af65c62299de19234d386632f6345,polito.it,-67.0,26.0,400092883.0,22683215,AP-CIT-DET2-03,Staff
13fff05bf3fcfc5ede0d213dcbce30b0634cc92ef3fd87a6b3fc9681f545cc6d,e85ff65521abdffe583c303ce8df77a8898646c60d834adae6cea80280a42fcb,studenti.polito.it,-86.0,9.0,79252.0,89031,AP-LING-RECEPTION,Student
5c198c173319c1a250657aa459d1c117dd6af075c8afcf1872d9558250f0e692,fa242f7066801153bb1375cb5f1d29e54b6fd4a1a9e328977217b27fa9964cff,studenti.polito.it,-39.0,54.0,21168642.0,864373,AP-VALE-AULA6V-02,Student
d5553b9249524591340231a445cba256c14632c95a1e9dd501ddce256dba7909,95925dc90500989c58d4c55aa95f0dfbf31206781aa6a7c1cd824a742819e83d,studenti.polito.it,-54.0,40.0,140641.0,86749,AP-ASSTUD01,Student
389817e027a7fc778d32d87417c9680b947524c666f2d8abb474eab311b71ff7,4f39484beba8f722b0bf989b26b0c922a8daefe216814266cc6595cb8ba788fc,studenti.polito.it,-53.0,40.0,16802437.0,183784929,AP-AULA3M-02,Student
644c02f415d2fc16cca9923f34801e38539442bc42477349284491552863e028,dd18dff1e44f54cdff50cf16b07e740da009a0bff5b678a32988ff1052737ba3,polito.it,-59.0,32.0,280360666.0,7012432,AP-DITIC07,Staff
a0197b2dc0cb1f0b83bd03b5b921a67902c4e0df007d64efaed68689d25c21c0,80b973c2d6c3b9dd5de13f7fe7afc1c28f2957ce341f9df34531b57588ef4fa0,studenti.polito.it,-56.0,39.0,40054131.0,54332638,AP-LING-AULA208,Student
ccf4f583bec06cd4dfab42fad1fded7af8ecb2bc0582f71ed5a945242d480767,1c5b4151a2399d8f3ef915c3f42b53e5b74d17da189ee9f9a2380bad6fc1d52d,studenti.polito.it,-53.0,41.0,417834363.0,405445132,AP-EXREALEMUTUA-R2A-P0,Student
5439f74a7ef8c71971838700ae47a51843ebfc3cb92e047048c37739db373dbe,7f74af9a2fed9d74ab65b2ef01fc7181646aa63cc0ffa3e08f73358e11c97d19,studenti.polito.it,-51.0,46.0,447680144.0,20131158,AP-AULA6-01,Student
39b17ea6995314a555e0ed0c1087ab903a217e9a71e79c2672351f0a677497bf,c856aefda920582b7cb848d448456ee537bb98ea75af9e2b551d3dc3322aff9c,studenti.polito.it,-51.0,42.0,32181920.0,4428639,AP-AULA11S-01,Student
09ff12aa631070f87395e100fbb310e163a4cf5b53b50fdf1d80f0115990902b,8cf027a594ee8eca7361dd2c56250cd376052c39500cb7c767fb988660f141ee,studenti.polito.it,-57.0,38.0,72893821.0,5040509,AP-AULA03-01,Student
7f1e768268798fcf08eabab6978e565a10dc770e30a84687f3dc72e5eeb23988,a8894e997534b49360c50b378d3a62bcf4f61b1bf5d4f6b191bfa0df59b72a8d,studenti.polito.it,-65.0,27.0,26745533.0,11560310,AP-CIT-DAUIN3-07,Student
cfa7d2801f3e60127faf4a4ba3bb109daee0ebb8002d5eee80cd33467db80f88,1db982a1df640ad97380beef32f37be2c6c6accab194158f607cc1a430f5d86b,polito.it,-58.0,37.0,235967076.0,8675831,AP-CORTILE-02,Staff
386c649d04d7c3b4623bfeb417ef9844b05575701e134fb70e3cf3997336861d,e09bc1b5b79d9a81329ec99886b61e8e5127ee455ecf20a58d1bdb1393abe213,studenti.polito.it,-56.0,37.0,181358570.0,12744239,AP-SETTE-LAIB2S,Student
accf8fa295bcdc6cfdbbb624b1949f89138c8a0ec18458b34f15bafdc0e81fc6,ce5b3f57ab045b34bd7efa3ee6008ac87ad5013fa06d8385c98b775677a7aa97,studenti.polito.it,-51.0,40.0,389823080.0,22182793,AP-BOGGIO-SALASTUDIO-0,Student
9deeba59786a1e986fe72721ae2747b0a1af41d563c290f6a9b4f74c74c90259,78ab6a145338ed153046e9fe8c8b981369c7e8e9ea8c602bccfddf372f7cfa31,polito.it,-56.0,34.0,4173091.0,555704,AP-CORPOZ-05,Staff
35b022cb69dce6d7ccaab413f558762a4687115399a9b5323b7a21d0161ee48e,ee7796845b04840b01f8f5f7ff3eaef682983bea002d4eddd903e9a724ee1a35,studenti.polito.it,-54.0,39.0,11368.0,5882,AP-AULA12I-01,Student
3de07b71ad60c7892875ad81716abe65237b0cad91abb0987a3220ccb0fdcb7c,d5f5229a4127d451f4890e6066558b6e808fd129b53908b5d532a34d25c37e17,studenti.polito.it,-59.0,33.0,720219.0,243729,AP-VALE-BCA-ST-01,Student
9b755e13b05b703d5085520f1f923542347dd3e13e84529f2ac1f67bd7a20e3a,2b7628ddcaa4ecaa723b5111afe1e0e19cbf10ea0f4166d7616f4c189e4f6807,studenti.polito.it,-55.0,27.0,288192159.0,6922204,AP-CORTILE-04,Student
6f09c453b607daf8ec3ba0b652af7c7f454d416df523ed4d549bcfda81bbdb58,15092234bf9412f85c3e5d91c62757be716aa0a609bb401749031a4ed5a05de3,studenti.polito.it,-51.0,45.0,174331337.0,11880702,AP-AULA4-03,Student
aa9e3e9d0a0f510f36da7b4f01c1aaab5d461c1153a35df8ebe68a50b48c97e0,e55c2581c856f39f2f25b9fd446968cdfedd95daa13ac7134dd0f009f5b2a86c,studenti.polito.it,-46.0,48.0,71421673.0,14319942,AP-AULA6-02,Student
811de0d221248a3534dba7cf427cb419308a33b868244160c02d3d820cfb637b,de226bb70ee00ec8683bf09cf406eb37e3f82b2bfc3a15f49755c58dcc24103c,studenti.polito.it,-45.0,47.0,95570744.0,14829221,AP-ASSTUD02,Student
3d643f40a2dd86f73248e044ea9b1576d24227f1b1ada69375cf89de9932f843,83147a654553ad704d2a33245e27a06068cd7477804b97061eeb51c96dc55daa,polito.it,-61.0,30.0,26732492.0,4329267,AP-DELEN03,Staff
e10126578c5bc24b3b071475ed38ea56266c32e70f9bef9a7919d8e3c5acd2fd,c701fbc225ad49f0d53b495442f4cbcb5f08979ab7c93525180c7a810430f031,studenti.polito.it,-65.0,31.0,25532016.0,1512743,AP-ASSTUD01,Student
75096e3f07f5ce2c246c88a17aee531fe745dca31cff9c165dc87622bef57d82,aca8123d3a08d08f5636a94ccf6b0ead82612621c5767ca1fbffbf61a2db612c,studenti.polito.it,-76.0,18.0,413306368.0,18648994,AP-LING-AULA304,Student
c8af190f0bf08b921f2e79f0558fdbb8ec5d3b246b7984a28ef11f6d5d8f0140,1f328c9f25a010ef60e9c86af66d4dbfe237490ab8368899007a6b7706ed9d15,studenti.polito.it,-50.0,43.0,11270907.0,3608957,AP-LAIB2B-02,Student
0e8ce8035ba51e5afa127c5c12c7a36e3950a102156239cc1e2c4aa5be72e18c,5a662011a402d353c049db7f5952e4643bc0065566b92d82d2efddbcc9b2db31,studenti.polito.it,-74.0,19.0,68344689.0,35805868,AP-ACQUARIO,Student
59637e8ce9f8afa02089fc541356d36b8903b5d41430e44332f5a6dcc8d5d51c,0b95b701dcfa94af3fa3f416ceaee0eb3d4fc2016197b0a7de518ff23b4c60dd,eur.nl,-87.0,7.0,16742.0,6956,AP-AULA2T-02,External
816f25bfa0638366681dbd2daf4efc2611f399cefe9fccd15beb1493a362187e,5869dc613d33866c839ed3d1187ec6e5c89600ce2c5030fb68effc6711da75d6,studenti.polito.it,-62.0,30.0,425770225.0,19113863,AP-EXREALEMUTUA-R2A-P0,Student
9739560b2c1137eb7c003d2147cba563c9dc4d03ce5c5657c7ed5c7ad14f6dd9,52f722412ed66a4ee21829f734bb93d659026476591b8fc031a34008e10339dc,studenti.polito.it,-66.0,24.0,726837.0,1273232,AP-AULA6I-01,Student
fb2dfbb420a8ac21f53d8c53d6b17e395d1af27320e6d7d9319f011c771c3997,109a1e343af371fcdc16464a2b6868e7a5eb21c02933fd8751e804c90b0c9606,studenti.polito.it,-68.0,24.0,22644151.0,8795110,AP-LING-AULA203,Student
69c1706541feb91c0628c0f91dc0ae763c2183ca25a864ddc2ac12297dbe4840,b0716eef305d6794b37782fbde9f4eed88a43836d06814dca425d6c1d021f256,studenti.polito.it,-50.0,44.0,465161693.0,377088591,AP-SETTE-AULA12AM,Student
76bb192e023b8cf79e9b72803b76c44512587d70091632dc8b841008a90511a8,91a930eb9e27a8ba79505c1be895f5dad8221f9fa50a625fc732d89286998642,studenti.polito.it,-63.0,30.0,93213932.0,4825651,AP-AULA3M-03,Student
13006b5f700044ed95cb495036d52536ddf7f884173b909caeaf77b27bd97269,58ae8844e1ecf0ff0299bbe27462c1e4eb2f1cd8a34daea92047879946588249,studenti.polito.it,-48.0,44.0,88125.0,170671,AP-AULA11S-01,Student
d3fb17d5991efe9bdd9c1c233f675a7aa8cf63da9c77cabe3b0c950471a49d97,7422da45da66db71794dc3810611dad0e29588d9ec125d5ee302fbedd8539e93,studenti.polito.it,-57.0,31.0,10201858.0,8558283,AP-AULA16-03,Student
76ba80993c9922434026e37a4258f8a07aa739f1e8f4c78c339a71b666971f23,3b6db04ab1f55a08e4943d5e741ebb42b639d60cdca9bdea1b32fac4e5ce3798,studenti.polito.it,-54.0,40.0,3385346.0,1496873,AP-AULA5S-02,Student
ff74b0919625f203f20ffc523c7bb6ca56d2608cdf8b0433e04c3139b5cb0651,8f8c073a149558cb03493b9cb83ec9849614c83ac0f4a33dca3f7b0bfd28e5fd,studenti.polito.it,-51.0,41.0,49059776.0,8023551,AP-AULA13S-01,Student
bffe0ab1f28ab868104d5778a87e2614da91f6a07c40d7c3edfa7e7ff45eba2b,e8055ccfa9956695dacc841129de54093488449e5e12cfc1532f2b0d3dce52e5,studenti.polito.it,-50.0,49.0,80400311.0,2931138,AP-AULA16-02,Student
4af6d2376a37f69aead47e145bfe332ec3d614825937eb000a7565b892001a75,16e54acb7133bcf59f5d74d2902bff766e7b2cec2071693e20bfdd30d2d7cb56,studenti.polito.it,-56.0,38.0,31875521.0,946876,AP-AULA4N-01,Student
b27ea7ce5a7026bfa28697c0a6d7039ffe1a3428fb423a9a217724b06faea6c8,17293ddfc17c0816d65d11c02ca546538a5ed7ab3f9f323d8fee5a10548c9a25,polito.it,-58.0,36.0,7732567.0,5301517,AP-DELET03,Staff
d790516f9cbb13cc415cc08a782bcb75b2210f5d134faaadbb81d8158ab0fec3,da991dd3b81423aa3f5d6d7004da7dd87e87b187cdd08b7da41458987370eb7c,studenti.polito.it,-40.0,56.0,6377216.0,3000475,AP-ENERGY-LAB01,Student
b789c6f9eea0d65f615bb10594443509b92278774d754bad22c9bc09f6c82d7c,773fbe87dab0595b3eed56bc322776b1300ce54971c2db834e0ac6f9515c6f74,polito.it,-58.0,39.0,253274925.0,25614737,AP-CIT-DET3-05,Staff
e6977dac7c3c681157207f6d32a0634d9509f2a181c2b0c9a7e34f9942e11256,c8da4ff2efeea3f04d9f87f2dbdbf59af99a826bdd6460863294f8ad830c823d,studenti.polito.it,-76.0,18.0,18402031.0,2233074,AP-LING-AULA208,Student
15a0129a92b58682399c1b4cf88c93a9689e3593e59199c95b220df7ad885f79,e85273f311baed55fb9d1a1c13de7b070c12d690ea44af50c62919e7fff208a0,studenti.polito.it,-47.0,47.0,5378683.0,404241,AP-VALE-AULA4V,Student
b1405aa32e01683bbc7426d4dcb1d360f5cc0bd2332f07d9a3375409efc679b0,8ec39d96d38b7ac93c191408a39a21f992fe73ce7a31c6095b60e772a5d26fa9,studenti.polito.it,-42.0,41.0,30380030.0,1189598,AP-AULA4-04,Student
e86193838e17e0dd4eea05ec061d2da42427db38dc319c65dea106d7f993fd96,b62bc3caf6657bf3aba36f27452cb11323f818ab2349c1f8e94a19d3a2ce73cc,polito.it,-52.0,26.0,147745976.0,10232271,AP-LAIB3B-01,Staff
490b63353dd2baa6042c8ce0409c029c15fb458f6e515ccbfd186e0a0d3cd673,ffc0a8a543ac3d286155eedb5f5c7b6ae9d48bc88f76e27d20e3b88803e996d2,polito.it,-56.0,35.0,308024184.0,43619048,AP-DET-P3-3,Staff
e413fc8b40924dc1ac8218302af65ef56f1f7426e3c5c7c61d3d2fd12efd0db5,9c1d1d24aadae29c9ac15e571cd446be6b4776e4416a23ce3c6893391729ff4c,studenti.polito.it,-66.0,31.0,351496570.0,73165253,AP-DISTR01,Student
45c5e174a35809a07b524a3e597861d7e85d369644ac286f1cf5e7405b7b8cba,25691bc5859949058fff445980f455f27844210d8ef5ffe1d4c2cba063ac10dd,studenti.polito.it,-55.0,35.0,1845318701.0,236226199,AP-GESD2-02,Student
d33cb823e7b50848c20594748a856acf1e11d3cd0ea82d69efff23f5407ed2ce,feba942f5a7be5d20aa7a32c0f70cbd14cf7b87989ec0f5dd4a38fb5a9065a40,studenti.polito.it,-52.0,41.0,104664606.0,3761139888,AP-AULA12-01,Student
d19efac1365c180f33e47486e62c6e7d8d8ec9c7397904d809063962c91bc1ab,3c68debe0416ddd7ed3733db6c9e0c640adb765f5f13514e1bbadb414a9171d6,studenti.polito.it,-52.0,39.0,45831465.0,10448168,AP-AULA9T-02,Student
436d5c76a1b6aa298a35340c7f44998433a3894a530c8daa3dc5a468ec093ad9,019a8b1f4e1f54581accabede6eece7225ae66538125ffab9daea10bd2110402,studenti.polito.it,-40.0,34.0,1459012.0,1407271,AP-BCI-08,Student
62a41f1707b7bd5a8e8fd793a424806ac01f2b7215ff3bbabdd30eb2e2e55437,c329a49d7192e69562202f26e049c6f54bd38eaccf5f44839ff36d19ef6177cb,studenti.polito.it,-52.0,37.0,330857724.0,20395081,AP-VALE-BCA-03,Student
f109d0884b98917f9993ed782895f5cac1c62b8a11e7f8d3f2cb7440d76468b1,406c89d88b1bf3ae941a1926c4ae9fc1abbf20439ce6299bafcb1f722ca2997c,studenti.polito.it,-57.0,31.0,367167483.0,40067504,AP-AULA8I-02,Student
51e547c2005ac8c4653841542ac67e4137dffcfd6d0974ce10df81da87e37db8,72b530f99c5af2ac7a97ceb4329b9bf25b452fa1ed5d9c494cb9062447a61c75,studenti.polito.it,-49.0,43.0,122981642.0,12407566,AP-AULA5M-02,Student
009e41c20f1247a3dca5c0b03a079874d489f03f75a34899ed0f3b7a48302ced,4aa8e39eda916d25658115cc0c068356453a7cfdcbbba0b014d208ddb1916860,studenti.polito.it,-68.0,15.0,320156760.0,20691050,AP-DIMEC14,Student
3c4c23d0677edf13e69371e113fcec3e716e4669039496e20b659c2de0e5a6dc,e91fbf47157ad5c519a67315c904c2f761fca53b3a7726f7449873397ed57a32,studenti.polito.it,-46.0,44.0,65794771.0,3177037,AP-LING-AULA207,Student
49bd66bbd46257e9df4ef532632e85ceb08b8ad87e4d3ea4ada792156d08ff24,8d9035dbace4e7bc067dc66312e46c4b335c51494cf2557e6c2a75d5631cad1e,studenti.polito.it,-55.0,36.0,1337266162.0,89811301,AP-LING-AULA309,Student
a744fa65edf244dfad4142222237231bbf8feb4fc2ae41b79e9a4aa43e23475a,3ce4b885518b9c73c7a0d914a522f61fd94c181e0759bb6908d9fe64c8a3c4f0,studenti.polito.it,-64.0,21.0,85353261.0,5114086,AP-CIT-DAUIN2-02,Student
0acc41640dca55bf67ffd05dcefb12326c2e063be753fa77657fd27565aa24ef,76044d381588863654c6c0143937c16d27ead3a0ab066ebb1a17a0e23adb43e4,studenti.polito.it,-55.0,37.0,57370013.0,2925608,AP-SALASTUDIO4-01,Student
8b8b1bdb3b592f8306cf28b618f3556c0cf5083f130e6c2c308f15e6471d6a8c,768cb44b76407151719ab560c83ceb511aedfd4d11af513283f37aab5ab3f687,studenti.polito.it,-53.0,40.0,255046268.0,80244366,AP-AULA7T-01,Student
9be1452011f4ac75c1d322033f4a24494c656f30ded229abef1af4ec4e2b6045,3dbb0d16deebadf3f8076ff535c46e9ee37e052c3018bad3116945e04575958a,studenti.polito.it,-56.0,42.0,7579584.0,4224217,AP-LING-AULA202,Student
bef0b3f831767592c0e6c5b395bad6f712b1cd973b755a4f9c3016cf7957e0f3,6e8459d87b2d04c40425d7fae3a8c2d79e4c76437f744fa87453eb2d84c946f3,studenti.polito.it,-66.0,16.0,13105115.0,1050292,AP-LING-AULA212,Student
c8c2695a2f6d2b900dd60664962c2cc9af8b5a3bf21d2de3168cfdef2c97143c,be79cfd59e950f7cca898b569efd5484c22788d59d4db0c34345a6ae81b263cb,studenti.polito.it,-41.0,46.0,14881215.0,2532768,AP-LING-AULA304,Student
6a9d666308a68c13183b12de936c7b30d3a7a6ad393e361c1a5018505464a754,,,,8.0,58491653.0,46778970,AP-CHIVASSO-01,Unknown
02239b7b3ed670f8469f4fddec87a73e10b0dd20e712fbb37f0988d87787398b,,,,42.0,342.0,578,AP-AULA1VM-01,Unknown
ae5c9f90c2b76437f08ae92ff5972c6a3b024cc027bcd7bfced552592070a039,6029f989e686e147d60cde3b64191737c1a0eb4c8755da4e10d5fc97c72d6121,studenti.polito.it,-45.0,50.0,29972566.0,1256615,AP-AULA2D-03,Student
fc3fdb7244e16bc6e530f8bd9543c356346cf1f5ec46ce0c9497e992923c2739,5d0bbb302c84f63469f1aea46f930ded1394b5d79fdb694fcfded75f01c7e9ef,studenti.polito.it,-53.0,44.0,154850598.0,14132045,AP-BCI-ST-09,Student
d95a091e63dd0bf85deaa1a6b3456826a406bd3fd3e4b05bbc03d085fbc01575,31eb8b735bce7d2ba26e8368161ffdeb297dac138a2d5cf632c37c1c1264fb76,studenti.polito.it,-57.0,35.0,281004911.0,30545407,AP-AULA13A-01,Student
4f302cb5c68e7f012e5dad50a1130d3a5bf44dfbaa808b15ddc2ec3538cd1057,e008e2fef7fcca81ec9561b954bb5cc96e76563327db5bb5aac883ad310c7618,polito.it,-61.0,34.0,76067481.0,161841407,AP-DIATI-1W-XP01-02,Staff
adf94a15660147802be547b936ecf775fba0c3da98abfbaeec8e13cd90d35666,ef04e9fd59aacb44cb8f7882d0131ad113fb29dbc84b18fa6c6b3ec278506175,polito.it,-52.0,31.0,20700801.0,12938048,AP-DIMEC14,Staff
502f0147a36120b779e12625bb9c3865f45b1b4d23cefbac66900afd13186a9c,053ab8831bac0e44cc9758e0b291a44c59f762ad7add26a0988a5f5b8c14db58,studenti.polito.it,-60.0,32.0,262125.0,209331,AP-VALE-BCA-04,Student
b7ab0d3bbeeb4c5df46198ba9bdbb7e9d8c764113aacdc1fea3acef50b85301b,804686c3656a2b105757f2320679f33ef72dfacd9d07a7d21ead1a2a83cd5303,studenti.polito.it,-50.0,36.0,79236340.0,10180826,AP-LING-AULA201,Student
fa784d4596d524bc85d85d60120cead0bf92b5b6974574aeb42f1dc2f5b67a31,,,,47.0,0.0,0,AP-DIMEC14,Unknown
b79f9088fad08c6d7eb351899d9d129259d9a4df5d747f60beca4cee91581b29,baec5bb73f687bcd9e5ed0e25be1cbe2ec8295e4ee916d4305dc35a2ca0ef5c3,uma.es,-61.0,32.0,40929862.0,4285358,AP-AULA5I-02,External
d80012309eadbcb0e54bedf8267bedf0cf651295e923800eb2b96cf56c424d10,644d8607be8416e8f42c442083f704f330ee2bebd9a63801a1ebe1f75249ed97,studenti.polito.it,-48.0,50.0,48932635.0,5587799,AP-BCI-ST-08,Student
5df15af06301610e5e0f8d470cc32e3964337133f098acd032f3d0aee848aa8a,3016b434b162946aa3c13dfa06adecf8cace8089fdcebc6ca1e37382091ceda5,studenti.polito.it,-51.0,44.0,1841160.0,319495,AP-LISIN01,Student
e9e1e056f4f3a0ca5b78d0b5f71dd52476575d71235ce4f8210bc1b378afff25,68e902efb7dd58e46aaad64afad125ae7bae94a537872318f702f0a1331c93d6,studenti.polito.it,-49.0,43.0,491353999.0,45721684,AP-GESD1-03,Student
fb1c2a44b3f914ec7c68b12cd4551f4688b7620f4a0b71938984ece864f57ece,67864896e63157700e9fdf08fc2f907d0c7a1be4495e74b2b51f403cf16d2565,studenti.polito.it,-52.0,38.0,19990189.0,11438853,AP-INGCINEMA-02,Student
c43e3f516e48f92afa38a5ba7bb67b3b93ac32a7ef43295622c7948841eee4a7,1a2018a0fe39c03368a95e8feb1c6a1f319d7e34b638abcfe6cbce81336d113f,studenti.polito.it,-44.0,52.0,11370389.0,3079315,AP-BCI-ST-08,Student
f4fb62c3314069ad9a4e4c039c7371195f7a71836562a20215733fedeaa197d1,019ab689bb177dd9c45c8640f321ea6b3ab34d70f7f1c0b713bf3dbb6895fcae,studenti.polito.it,-60.0,31.0,855496257.0,68140410,AP-VALE-BCA-ST-01,Student
3c5dd0a693e090235bdcb35114fa88b275720c90b537d84eefd6d124512d669e,85ac8ff73cda2f3a58b40288ea18732d5f8d1f93b250db115fdee7b45c00f590,studenti.polito.it,-71.0,22.0,1090442877.0,214401084,AP-SETTE-AULA11AM-2,Student
9ed38a9d6c10886542cbe72c960f75a787aece65af31e3b1f4557f4257f61b0b,d555cab51bf1117dd32892b0417a04232d36b4253843ee349c939b10f08bd530,studenti.polito.it,-65.0,29.0,15614212.0,1070472,AP-DIFIS08,Student
4c67c929ce9cd3dc69181cbdd669904be440f057794047863d8a96c1f11eec0a,,,,36.0,0.0,0,AP-CIT-EXCELID,Unknown
7fa8df03513915f0a57a70c9353d914bf3aad5b258404884919715c95c5e7293,1712680dcae6ad7a3b6b71712f1f34b763d05bae481967d79cc13a032c2eff65,studenti.polito.it,-56.0,37.0,81060925.0,5822511,AP-AULA4T-03,Student
1b8db7f5ce92ea1f491baccfef5e4b15be66d4d916caa3d02f4eeec7d1e79262,b9f2e1cb09b29f289fa72955f046186d6744a65a7ce070c12377771a8bb08a53,studenti.polito.it,-60.0,31.0,7184281.0,1255144,AP-AULA9T-01,Student
2984e239fb7dcd7af8ab8802990d206ac544f25ef49f68cd9a4384be4b700a90,6f698565937b6baf626d81f1f6abfa2db7cdcd86d94a76d8a9853287fc335521,studenti.polito.it,-81.0,9.0,110100756.0,103733185,AP-DENER-DSF-02,Student
50942b14a8f08e59eb999721c6703dfaba0e639258213d1089fb218f6cd2bb58,34fce3a0574b2641f9d06a82194d9e0b0add40ac280e15524ff1ab1c0e6a82a0,studenti.polito.it,-58.0,35.0,6093506.0,1433535,AP-AULA7T-01,Student
560a2a7f0f198b0af3401cb87cc2d1f471406ac75086eae518c6ef5aa1842d6e,8be3f47f8e55e3ab0a4041307bf174daa808cbda2f9dd6cfe8e80cce2c79bc38,studenti.polito.it,-63.0,32.0,167097465.0,10243758,AP-AULA08-04,Student
036d0d7641155a810dd7e70739e4ab4189befb943e637090e37fc76e33c35559,0b96b763d9f7469bece748ef2f1b4775ce21999313f929ab9c20d61e7378e336,studenti.polito.it,-59.0,33.0,568150206.0,33173584,AP-AULA6I-01,Student
e8654d67c006d80990f7115750dd8e79691475f722ab83bad4b725baa99574df,b319fd684d4390c34071530c2c9e9a4aa5a0d9c98a95a2e46236c5dd2ae75de3,studenti.polito.it,-77.0,13.0,3695839106.0,70122046,AP-CIT-DAUIN1-01,Student
0e50ffe9f609fcd91ebd68939c4a829ea5a6d4142e1ab80e7c7a413acbc555d7,0a899a2eca5c64f673238acc4e9a9cd8643c6eba274edb283f60a10787ae76f9,polito.it,-73.0,22.0,8947549.0,4670378,AP-VALE-MOLLINO-02,Staff
ebdc2f9d902177f8d4a0cee93ea97f7f29244dd555e5cf21c0143ef073c9f247,cb2d3e6497735aeaaba0b1acccf51f91d4ac8d2eb32470c39fd0568d1d83209e,studenti.polito.it,-59.0,32.0,1204324900.0,36469642,AP-INGCINEMA-01,Student
776e8b96cdde278bebf900fa5181bfab09adbdfff58d97ac98a7914f4d63ebe2,1bf5a9dfd8e626080080fd796633a7dd9b8d79fb503c1c29eb4e3903c106a6b9,studenti.polito.it,-56.0,38.0,276680840.0,5036593,AP-AULA6N-02,Student
74a87ed2380011958312d5ca39683f4871c9b36efdebabcadf8cb43c85189944,0a77b5ad969ca2011e9ea2787ad22397f87465ed19f2266875211bc00f3a2e94,studenti.polito.it,-76.0,17.0,16877529.0,523357,AP-LING-AULA305,Student
b08af3d6f83e820412cec496439a95cbd73c3b45ef17f2ef0b5abec07887bbca,e2734a1a3e6d9e0c903a9e9dfd909bc35c14e6601b430b9acf02b22a9ddfb4e0,studenti.polito.it,-62.0,32.0,15756584.0,4639578,AP-AULA7-01,Student
37acb309eb72c7a6d68f36bc1394bd01c662a76c10bb01114f5151f9c7df0fe2,be9e4f01db0af5bbd77b79dee23f503fe5248b194d9dc3171f37cd7589cd1f78,studenti.polito.it,-58.0,35.0,44410027.0,3979244,AP-MVI-AULAMAGNA-01,Student
05532e1952e110d6b5aac0c47dc2818d645f193d9d78125873b1537c7fccafd2,,,,37.0,91.0,44,AP-AULA1S-03,Unknown
6579d82f2bc897be9d58f3d2fe32acaf26ccb4a630331db91921ce38471e3d34,6d6a7fd233f845dcc31b5d4fadc48a22aff0b9e4b028e8456040bbbf1b96efa8,studenti.polito.it,-39.0,54.0,70732405.0,330686554,AP-BCI-TZ-01,Student
366d79f0521dfab97032cdb6556a1a594897902807685464321f6750f9800c81,5e134d1f887f144b654b9cdc59d969a5ceac25bb07ead1bea091911816612776,studenti.polito.it,-57.0,35.0,466658.0,230191,AP-INGCINEMA-02,Student
e22494f6283fad55859a6217912dd7b3b18860071d30695dbf8cd4cd4582722d,c3578eac39194a987157c9989e3de77aed1a871e0991d051ddaa710a731e7581,studenti.polito.it,-62.0,34.0,7801424.0,1502007,AP-AULA2M-04,Student
d2a391bc3e191bab6a7322ee0dfb88f6cc64b97d932b530ad073889ecfb7c8ff,3c641789fb796733cce90607cfd202312bb26f8a50c4abbaa0c244c27cb93cb6,studenti.polito.it,-46.0,43.0,1477260499.0,16550038,AP-GESD2-02,Student
edafea2d06ac17ee587b9f004fb2851f6ecca720b6b63b3f6ae0e0c17b221011,8adc7574c22a3a6488358df11db96e30ae386b08ff0bb5f87be83e8a02c1b75f,studenti.polito.it,-54.0,39.0,11554758.0,1688504,AP-SALASTUDIO4-01,Student
e0337a15a7e200b5439b6e35fcc6fcda161921a59c4268e7d316eece83c26bb9,8acb5d6df23706baa6e7e5877b2e09ca0732201ef94b0af4e61c8bd7bcfb905f,studenti.polito.it,-80.0,13.0,23768184.0,2777726,AP-CED-DET-01,Student
78203311c9d414270884b49a34b4a0328480684c68bcd46b3da6564e1be2ea56,f901ce327626f30f97c94bdc0632cef7d0cba0d75368688b91946701e5af1d07,polito.it,-55.0,37.0,1089869.0,533824,AP-LAB-ANGLESIO-04,Staff
ce04c5c3542729d69f7e205e638ba58d005c07cc38fadea8306e60d7f05130dc,2e8983059240f03f4cf16bbc6f4cfaf8c72781a18278bb4b5b2466bd0ef1b582,polito.it,-41.0,52.0,46178216.0,5871945,AP-VALE-DIST-02,Staff
0f3d0884a7bd9b8bf106fbeae5c4ac6de264f970c36e2afce10578e26dbb92c6,0792be01f6e9a5ab1d3612af00afc12adf1d47c4a5135eb55ec19b4b70271de6,studenti.polito.it,-72.0,22.0,1487685.0,3539239,AP-AULA4I-01,Student
40926a5cde61de3898e43b6f6e5161484ff75d2efb13082163435a6f1d4269c6,20f1b83840bbf445482a3b3d101822df250856c7133f495df57925eaf1a39a1f,studenti.polito.it,-83.0,10.0,1413534.0,565483,AP-SETTE-LAIB2S,Student
8536e50c1478ba9e72418c59806f17a30441fc306f3a087d143e908fab80fd2a,4140f1cb93008b63a212e035d8dfecf9ee0f8e8bfcef2b2f1db8c7e494519bdd,studenti.polito.it,-54.0,36.0,3205391.0,1463739,AP-AULA12A-01,Student
4982e9dcaedc3633daabe4e5a50caa6a9172fa2742b77af34d66048970b6bbe2,c9051873e1b3a492bf6affb8bd50a139ee03b0ba0ebad89a811fe8a0e6a8a6bc,studenti.polito.it,-46.0,37.0,0.0,0,AP-MIXTO-02,Student
b00a3c0bc993694b5dc510674a202b63124442c3fb927af4996ca70ada0e1a72,1ae3ae532062cb9d5cf87042d7c6860eded678b085b35ee30582d6903d1e18c4,polito.it,-75.0,17.0,54006.0,37697,AP-DISET-1E-03,Staff
cb799012b47137e693e957d1ded524b0ec9d0508566ae38292dddd82e1f59faa,f7cbd8b70628e05a2517083e18560ad55b08477c61637101dab65ff2aea0a798,studenti.polito.it,-77.0,19.0,9419345.0,1296303,AP-LING-RECEPTION,Student
9749c8de7cdcf5594ce03f25e6d55019c1a0f3d314296e02e5cc2e4c65e2cb50,5533ce560db0ec3a09b4ee9251f9e28efecbce6e0be4995161d43719742b91fd,studenti.polito.it,-49.0,43.0,203966116.0,8959516,AP-VALE-AULA10V,Student
5468d39e30cbaba35c8b3de4ff8e92625f15b1adf9b9b2a0a1bd58c75b0af586,ebdd6a0df16a7006112111c674b73b65cde4ae2de8d0a194fac86a71f50e57e3,polito.it,-69.0,24.0,418611311.0,19875790,AP-VALE-CHEVA19,Staff
b017b9b9f6216fa204a11985f8af7ee21bfe36e83969a3248014247ee2f12f35,d1acae0e247c8b4e4a7aad23232bb882f26d66e11c96951ada2c2d94280b4ec3,polito.it,-56.0,29.0,112270509.0,4915074,AP-ENERGY-04,Staff
c21744542ac29ba3f0a6f26896b966817b7f396601ac7eae11bb558e156a0fcf,d188c9be54fb244e44e27dfa214a8c11d8afc7c3310c64fa8d5ad2285fe28a6e,studenti.polito.it,-50.0,44.0,32203838.0,1994758,AP-AULA13-01,Student
4b7613d5150d73f8f292228ab4af9f68dc48472cbb9333e00299f89a155058c6,140810839dd127e673687be34dd547704454c53ce274fe598cb036c0c9826a12,studenti.polito.it,-50.0,42.0,76362669.0,1710555,AP-MIXTO-02,Student
51fe7fe7fa573b6952a781b3004049b3ca091b11b77954ec810aedc4a1a32046,fa929ea11d3a025d81b4c988f07a52e75824e237ae1e8cb31bdcd5e4a2a43871,studenti.polito.it,-70.0,20.0,149457.0,68861,AP-AULA12-02,Student
97f9944af4bb0ebad0604024cfc19528c2b28397818e6e836259b737bfd63300,5aa95165a61ac04335e378e18ddb6f61ed39a32ba55e3eff45a54e60c001d06e,studenti.polito.it,-62.0,32.0,28386473.0,20891129,AP-AULA4I-01,Student
b71e54ff8721579d52c8395225a5d3df0556c9b7469a5118fd13e8853478306a,4b5f3818404887a34125be64b913c75aa92ec6388c4d5c25c2ac635e650490ef,studenti.polito.it,-53.0,42.0,144670521.0,29130242,AP-AULA12-01,Student
601a7984dc349629a31fd0345a77cb4297f8c4790cc0edc4fff44a184653e9f2,09105de6cf67485df9a6029524e053d3f4b9c02b195fc78d8c4e8107cad0a455,studenti.polito.it,-56.0,37.0,468439783.0,25861151,AP-SETTE-AULA14AM,Student
1006e5dbc70cc0904d121afb8b52191311ca1feb38189f4ad4e7b7560bbabc70,41747dc08d32d4fa3a6351a7053e938fafc743ba0c4145007589175678e9b296,studenti.polito.it,-63.0,35.0,130702.0,84632,AP-CORTILE-05,Student
9fa9db9ff0715bae46c5661b339b689ae7fa5154801c80709da9ddc12413bc27,4ba4da8c833a96e754b7df594326afc30274ea727759ba9e7022d23dd11a1956,studenti.polito.it,-51.0,40.0,19195003.0,2567053,AP-AULA11S-01,Student
d7f1735dc3db6fa5d972fe7a070e0068022a4a5725437d0a9c2a469f8972212b,92fd44fca5c1db3b42aee3afa77ec0954da72bed902491ad2ee625108b84d901,studenti.polito.it,-70.0,24.0,12325737.0,1021136,AP-LIFE-03,Student
99dfbe5ce7f25692e399b38111b9e06fee38f10af3518fce5f36944a5e9539c7,300101ea74d8a98807a1d4f5a803d2b05c095064dd1c26853d2cb6924337e035,studenti.polito.it,-51.0,17.0,32128963.0,2101557,AP-MIXTO-02,Student
360c28b5c382ef6ff6af4cd533e3cdbdc143a550542ff1e8f1c79eb6452df6d2,ede18646e3f9447bbed7c691497e59d20fbc5957fe4bf789932a3c731bcf7884,studenti.polito.it,-48.0,42.0,10106086706.0,12608210494,AP-BCI-TZ-01,Student
7e1b8c8cfd1ac5a45950f9bdbcf35ef6970f892627289fff1790095a6c27764a,1de29d1cbc2ede5ffb5d4ec7514083610cc684e8cb5571adcfaa3da55b1d2eda,studenti.polito.it,-80.0,13.0,24392296.0,2821350,AP-LING-AULA305,Student
94a3c145c4406a87ceb038ab7d647661588dc2d06b526c3258f3d5003ab550fa,42a7571c6bb329d02aa99ceb0f9b398731450fb5a7a99651fb822f33a296f059,studenti.polito.it,-69.0,24.0,13029658.0,1858943,AP-LING-AULA305,Student
08d373e4454a194846aed06495e5ebad4ba14615b655fcb40efb87c1e84bb3fe,e30b79e6a23b58b2c10ed7d0b6703205de0d96ae8c0c6020f7baadf17230833a,studenti.polito.it,-65.0,32.0,128809703.0,24106823,AP-AULA08-02,Student
7b3b30d7fa043cfa9c505f1607f884b6455cfc79852a072f93f7d04a6bddb770,c1d3aee1b64fdb895dbf392a574e1c71a49100220dcb068f095024cac66aa025,polito.it,-83.0,12.0,34346982.0,3830940,AP-ALESSANDRIA01,Staff
8872853276517eeee72938d9e51e22cec280535e884bca678cf8b78ecb3d2712,d03f18124bd1605a157c2b668e65e6ce5b10c9bd984945a1b2b3a04a08e07bab,studenti.polito.it,-40.0,55.0,163133851.0,4629619,AP-AULA2D-02,Student
fd21444909e148999e753b5c40aa9ac7420b7e676da6b3079ed927d369fb0fcc,1e7ee1f4567ebb755617e491d64eb94773ebe6451e9e23151458113b77fb3aaa,studenti.polito.it,-49.0,43.0,161020260.0,7992032,AP-AULA4-02,Student
06ef53e0d3a4b3dbcec2043c27f52b162760c502de1ed7ea4809587fe9886cc6,4c06afe17ffac7d62bd441ccfb309694fcc3419708e27c4df71e173b6350f198,studenti.polito.it,-57.0,37.0,742405.0,236398,AP-BCI-08,Student
ab11a1208c3dd3015127a7a08ad1b18c0f37d6ebd799429f903a95f71870abad,46e7d22ba1865e0741486438eb0ccfff52b208fcaa35a11845ed90c6bdfe68c9,studenti.polito.it,-58.0,26.0,11839277.0,1566923,AP-LING-AULA300-2,Student
6d3d10bdf89fc17c791eac34414b694a8b7ff31271a89a1f6b91b3691f88f2f2,c026433ea743f29670885b56a68d1f2f4b950bbca50e6585e458bec0902a2816,studenti.polito.it,-50.0,38.0,834010057.0,38078530,AP-AULA5D-02,Student
eb860349dba76e499379f003bc584c61500e8418f4120515acb73dac55cb2608,7add0bb6d8650e2f159d0e5000d7d8dd8527fc90afaeb3cc48486377d6c4b0f0,studenti.polito.it,-86.0,5.0,67107.0,19034,AP-AULA1T-02,Student
86a699c1f42dc5c4c57a9fe4fe8de8a6ecd4ec91af51fc53a26673daac9e2397,acfed21ca5594462d25951d47db61f27cd1b9910307588020498538f7e17b434,studenti.polito.it,-54.0,35.0,147879770.0,9585126,AP-AULA6C-01,Student
cc55144e468a41b2401bb8d16d72f79116710037e97317b8cba99bca12fc4b95,238fbd8ead5baae2090841211a1b87aaa87fcc2c397736b192c7a65a6d9348ad,polito.it,-64.0,28.0,2481604.0,642798,AP-DENER04,Staff
2cf6490b9f6f58b213fdd649b7b3e032513cfc17d6e08d61ed8df39c32d50a79,391b2912c0392e170a94b8124dda93a754f8dd9d445e3a0fa5e778f7293e694a,polito.it,-74.0,22.0,101723652.0,30368817,AP-DITAG04,Staff
f5f541484989508b02c28326c68d1d5b386eb0db22e103232e384de2c2b9ef89,e4c8ce9db26bf5a334a6f072ecb55c46fb5d569fa1327de407f5cfd5853a9110,studenti.polito.it,-58.0,38.0,15846856.0,14896339,AP-AULA4-04,Student
30815acbe7a604f6737cd8af55f746dce44aa0c54510d8aa0d8f2ebd5e6c5f1e,55b77ff61259a065f5dd3dca67cc646be7e86228f3d02f5dc8691bfc9df325b7,polito.it,-69.0,23.0,15652.0,9725,AP-AULA10C-01,Staff
3e253773ea8e759541ef3031e0e17abd6d2944e5b30918f218603a4e7900a257,b2fbf713075314b770221c5c10122c13fc57f1112057b596efe2f92659bdd569,studenti.polito.it,-53.0,41.0,75556924.0,3744248,AP-AULAR1-01,Student
92867219dc9e683d0c2f797649da347c252b7c9bb4aab18bef8f56f8ca03cf05,d91b4f51927e8330cd3d7737f171c349a42f05873e65d356495082e3f9d65def,studenti.polito.it,-55.0,37.0,53636738.0,68484194,AP-SETTE-LAIB1S,Student
f456cae3557afa3e4badb0c9433166cfaf5c65c4bcdcd440f421090f41153331,1eaec00d17c22247a08afc614767947d9693c9e1e75b585d33976a0653805377,polito.guest,-66.0,28.0,25698.0,18477,AP-DITAG01,Guest
35333a21588464971f24e389ba226d43871d131034cbcf6c597906cb56884df2,4aa8e39eda916d25658115cc0c068356453a7cfdcbbba0b014d208ddb1916860,studenti.polito.it,-71.0,23.0,95531612.0,9890357,AP-DIMEC13,Student
af71338c1b8b10a5462e1cc6f9deecb78669f32cd135b65d621f036ba6eb28ba,4f6e7daebd625c0c116882791e2be0540196ab725cea40993466153c7d1b8147,studenti.polito.it,-57.0,35.0,21234314.0,3837796,AP-BCI-ST-09,Student
390960d0aa4ff56506261fad1f88574af7ee6100f704d9392a7751b0e5d53843,bda865533ff8ca93e31c181cc6f44456a76d614a654c20856e5b7ddc1075a0ac,studenti.polito.it,-51.0,38.0,22410536.0,2417443,AP-CIT-DAUIN2-02,Student
d610860575bc1a6afdc466eb4ffd5c7f56b0160ae21dd345712c92168986c94b,4c775f9efee9418f413e1559ee1326d886af189663ab57a6b012da369a134634,studenti.polito.it,-58.0,37.0,593310726.0,11081619,AP-AULA08-04,Student
6586998adba56c9a393f770a03afe3685521c3de3829f6dd1dc6913a443d2042,ae7287debcb8ea3f93a39ede8a4490b11df8db9571207da220970ebdae51ab16,studenti.polito.it,-42.0,50.0,6661856.0,3447636,AP-AULA08-03,Student
fe1c6ad41d07ce8c9a5fa66fbba2edd724d1a12baaff2fe3f58ddb598e027dab,b5569bc23fca5f05993571d9f58f19ab62a7961deea15a7b27413f13f6716d96,studenti.polito.it,-56.0,36.0,343787510.0,19195786,AP-SETTE-LAIB1S,Student
e7de66ceee6dde83cc4c2bf9ebed3c5d7fee2a1404a4d63d1f4351e479e09362,f6aa46109bf1271fae8af01b878649fc28bacafe8d93f04aa8cb605e1415e170,studenti.polito.it,-57.0,33.0,187187927.0,10938278,AP-INGCINEMA-03,Student
04792ed57696f7d385c505626458316d1c71b570d5c1a226e686ff36b61af21a,291b9e6732c0fb1a516c63f655c334c56b4f9aa928d2fdb7a2859a8f6fa15bf0,studenti.polito.it,-51.0,42.0,3625185.0,778669,AP-INGCINEMA-02,Student
97cb88495469a06eabf3bfa55da4a231ce7d83c56970f8e082128f1c1ed99b3f,d9586d05ae48c7a8fa7b7007b78a1fa26d1a54f15b1c0970c1e4ba402bac49fa,studenti.polito.it,-73.0,18.0,3248473.0,1013120,AP-CORPOZ-01,Student
476d2057a03b7a441b05fc9409c6bf94cceaf35afa4f90c7b35266a6f6768903,773a70a1878733e702cb52f44a07c8c8e6b148a0de6f90664c27457e620d293c,studenti.polito.it,-75.0,19.0,91539363.0,27068093,AP-AULA4I-01,Student
0a820d9a865d8774b61d20c3f0a651a62a99bdb940699f826b2813ef4716d41b,142595447d2263608c97cd79242514ba2ae7476fa3b6bf6e389459a9373756c3,studenti.polito.it,-58.0,32.0,2738158.0,377983,AP-AULASTUDIO3-3,Student
d36caa67e64d1cae7715bf6080300a34e1e96f3f4fe8a78fc463b00dcf12fc52,4f384c901aa890cef85a7ab0c708a76440840477669f79ebde91e812bebfd8bc,polito.it,-46.0,51.0,3062154.0,553488,AP-AULA29-01,Staff
bfb3be12347cf695e72a9fb206af30f8c1da06b55a2f20b435cb3ae727e87fe0,5ae9133bfcadd7efdd2e0cf8b0caefccea491e8a5edc48bec7726ee446ffbced,studenti.polito.it,-48.0,42.0,4330968.0,3651260,AP-INGCINEMA-01,Student
5712ebf84dc881fc7982887d9bf874d4f7e1f2b3eab39f975396196d4bd43436,2b1cc80c38b11e9f6da093f7e5bb7528b47a1781de19f71c26af1112c09861ae,studenti.polito.it,-51.0,48.0,33338100.0,38290716,AP-AULA08-02,Student
092d1d4c74ae2e4612f2baeb230f6255bf980c51d349ee841fb8c4e3208fc0e2,5a121d93c015654c167cd1bc1ee25637ca302bdcd0f2e97697751a5659499ca6,studenti.polito.it,-45.0,50.0,88903025.0,4026257,AP-LING-AULA205,Student
fef7a0c41ab1de57ffd85f27041642967b7a40c5a823e968e2222dded29be4ac,6fd9cac508f9fe24d077f69dc37a0bebdb6e346ee20b806fbd31c018dd3e964b,studenti.polito.it,-52.0,43.0,775005861.0,26592917,AP-AULA4-03,Student
95aac0f77c9c915890f527753d4e33d3a864e54bf791d5aa7a1340a25aadb090,d97f3d0288227b457d60bd48c2f550a775fae054942677d5fcd768fbd33a8b95,polito.it,-63.0,28.0,735669.0,794854,AP-DIMAT05,Staff
acc4cf9332359e733ae8e21beca2444d08c66f6b0e42786006ada7fb342319b5,30cec7cc0d96b77a6e1e2d4385c7e7e8309b68ef99bd11b388b966352c810e6b,studenti.polito.it,-51.0,46.0,169158.0,126332,AP-AULA1T-01,Student
3da365d2ba1d25cd1339b3f75f7fd09a7ea9df7701fef7552bf76ec6584e24ed,824ba551efa06afabc47b17662f60476cacebf87f6e393ad321734e662f6a73c,studenti.polito.it,-60.0,34.0,3690647.0,1914380,AP-AULAR4-03,Student
456f63f3936914693c62f303ada7d1cc491c3f5721ffd23ca61dbf1b7614de2e,e1aca56b432cf372d42d889430d9e7647fabebaa30025d38ecc0c7676eee30ac,polito.it,-65.0,29.0,97871499.0,7454755,AP-DIASP03,Staff
653fe4ae267f7e08e8b55825f47cfea452056247dc5471cc37f0288f7da16202,3585c272de2c1a9fb614694b13849c5bf59965d0a3d443bf04553457c6c3dccf,studenti.polito.it,-54.0,40.0,291704561.0,31195638,AP-AULA2-03,Student
d358851016780214a434698d3ef4d6d40ed3eb06285d0c1f25a6d658eaab600e,765741e6b33327649f4f762724552b8821923c42f1a34f43f3182ae9803d9296,studenti.polito.it,-78.0,14.0,19382356.0,2758976,AP-OA,Student
8e91383fad72d0ae96060cceeaf164ab780c5b4eec29855979242a3353011bb1,acfc797571b55d4ca96f3d049c42b1ba4f9ddb3bbd54277fd773ce8a0b18896a,studenti.polito.it,-57.0,34.0,236500770.0,13639704,AP-LING-AULA210,Student
49b545e994480738c1d31e67262cf70bc7b3041aa54ea988c4fa184c5c5398bd,c498ab3e9cb379f2cc81540eeff301533cef7b1a7afff7223859e95026062e0b,studenti.polito.it,-56.0,32.0,7107981.0,1123566,AP-AULA1S-03,Student
c21ec9503292b7a54ce12c63a90741798815426d48aa13d4ed5ab6077f8b810c,eb10e2b5dc228617d490bd1452e8868583f539b013a1fde8b3a859e35fff64b0,studenti.polito.it,-65.0,27.0,50279985.0,2679946,AP-AULA13S-01,Student
ee8d8799cfe6ff347897b77864f73581fca9ec8dadb57c1ec721a1b98ec98f44,b27c3f59e74a2bd4845cc5bba44c6dbb598d0effb90649332d02c4a806a6e69b,studenti.polito.it,-53.0,42.0,22418007.0,40712754,AP-AULA11-01,Student
6d167dd2bc06fc8fd60fb643fccd5d528aa8aecbb9b19a6915a3d2e5211602c1,9746304cac82afe276c443ef11dea21cf02994f0b378c1bbf1d5e2dee1ea0810,studenti.polito.it,-60.0,34.0,47613532.0,27647010,AP-AULA4C-01,Student
13efaa67cd66c6036f90c24d8b476d2eee8d567fc415059cc80b7f6bf7eabdd4,ba962828a1bd330dfd7c8f4e592c5990dc9cbdeceb2b106529724c4a442dbdb2,studenti.polito.it,-50.0,45.0,18577514.0,2963735,AP-AULA01-02,Student
3ce46f699bcbd16078f638e3305a8bbe6c3656a22d60f747625e70a4d3451ed2,16a183cadbf972a87be036d6617ce00ef113c917242d22962b76849bbeee90c6,polito.it,-76.0,16.0,30899048.0,5935741,AP-VALE-DAD8,Staff
b0db7858cbc998aa98680d40a692f0df87d1e40c938a712b5707387559a81f23,795963b5880639ca617e662753d3ab603aa8288c5d98a6d6a70bcc8c5b92b3c8,studenti.polito.it,-85.0,8.0,157423.0,100783,AP-CIT-DET4-03,Student
7264cbcb274ebbf4121759f94e0efada19750f54d0aae279d2576f5a36f9b337,184352d76754b6104d03e54ee248e90c251fa71941c087975c560df4e4498fa1,studenti.polito.it,-47.0,46.0,26619085.0,2285641,AP-AULA2-03,Student
9b75249c08326d5c5d64d9f2ba6432b3e4f15cf94c31b9bcce19714bc2d4e57b,5a926d4ab16041a82bdfc71089e17b7f143aba63393ad1ec133da3787f88654a,studenti.polito.it,-74.0,18.0,18405905.0,1387321,AP-DITIC03,Student
a82df878f38f6d4af44fa50ecf48d135b1bf15aff5b9ae8e03f4e9a4e9451c63,02bf51d0f26a113c20710f0b8c347b0668ba83c96786d7128cf2a978d18e461c,studenti.polito.it,-45.0,43.0,770807203.0,14896655,AP-VALE-BCA-01,Student
71f302f7ea7cf30f7b745d8a61d97b7c0efed22ccb7017605710642585f6cc80,831b4a5534c8781c97b169c187d4aa9a9648698d8ca79f98c35bc799f91a3904,studenti.polito.it,-51.0,41.0,14472222.0,6852644,AP-AULA08-03,Student
bd73895ddaba3b3bfc45e2034b0682e9a7d01712a9672a1388f3296e316187b4,6e34f19bbbb5134f7fc09ff9dc64717f7c0e64b6c5844baa48aced23a6fcecad,polito.it,-74.0,20.0,16245950.0,4716418,AP-GESD2-01,Staff
6f1293553a9f6532a5a8ab6fb05c8537aa77c31b8f5fb087b13cc370e14acf9f,5e69013862157d05898fd558b1a5e07d1e2e8890d292b1b95ef1145a3a5a200a,studenti.polito.it,-65.0,31.0,343443.0,301156,AP-AULA2P-01,Student
8104ffd9f6e80ac44f7ccace525e35aa652fc1b18bc4e086b988d61a6dd836df,b55ed40842a54e427b187af2c9a4602c837973ceb783909b4b3c1dc2dcac4ea6,studenti.polito.it,-51.0,40.0,31133057.0,4629931,AP-BOGGIO-SALASTUDIO-0,Student
14ed79c30a47c63bf2648b605e6a8b79bad3eccbe5e5ad6d2bf6e6714100a4db,a74ba9bcad95630eb81e6d3bfc17a73270c46c5e83153d8cb82c89375c763127,studenti.polito.it,-49.0,44.0,3598212.0,2203363,AP-AULA4-04,Student
d01e772d3f5adb740273ac653464a72aecd3e3d42b0f64a917a8a6cc632d2c84,e0833f481053a899f5f23db8089716abd5a3dafc50cc0c92ffd4562ab3c96830,studenti.polito.it,-49.0,42.0,430985.0,1826143,AP-INGCINEMA-01,Student
7b2cda0a05fa467cb58e999d97166d6e951cf1a1668fe50d200b203a56636169,a2b1dc1138723f43e8950c8b473af66f2b330f52eeb39d1bc4160eb3f6da60c9,studenti.polito.it,-73.0,17.0,64733833.0,4386674,AP-AULA25-TM-01,Student
f04a2407f326bd0e3a9ad1c036142d20b99290beec5af453ca2f409cb88c3704,cc6c5f7fa99e6ea94f6d8c9dd1d9733de81c4a879c1e5a576159bc76a6720419,studenti.polito.it,-58.0,38.0,48086077.0,62668564,AP-AULA08-05,Student
366bed36a6722450e83978106e0d248b6558deacf8f15f32b53fd9288f73242d,64bde4a31615153cd798dc51769c0cca5d62ab635218897ff293ab7bb6aece74,studenti.polito.it,-67.0,28.0,1343039.0,548872,AP-BCI-ST-09,Student
8037e3da6995a2373c8bdeb2e2a3bd3e7337c9a0315a9e167a1a7347c318118f,eb504db4e62c9d52685274c3b908f75e37fb7480a71434afd8f343729dce846b,studenti.polito.it,-50.0,43.0,311661466.0,11313088,AP-LAB-ANGLESIO-01,Student
5841e5b1bb53c39925a08f1b37950f931d70cf8be8d669a914a748f4a80ce420,a733c36cd7da728830278dff019a411fe1dcadc3212f17a0ba4c00ac7983259b,studenti.polito.it,-48.0,44.0,12749.0,6836,AP-AULA2P-02,Student
38aaa5832d43c376532e3b8d6f6bc2cad181aae7186303edbba215083ffb6e20,47dffacb9310ee6501b17d102c5f097d574b389fbc94eb2c457cf93d3f95b8d2,studenti.polito.it,-53.0,37.0,28100630.0,2488122,AP-AULA6-02,Student
44407bf955b3616083c160143fa863fe0cf86e36f3e252a0dfa5f3f2e6f4f48b,ccd3fba63fb0d6e5e247f6151781618508148a1a67c648dd7406b1bdc0699387,studenti.polito.it,-87.0,7.0,54898.0,90531,AP-CIT-DET4-03,Student
47a20b762889318eba90a8133e865ff4e4fa601332c8e5fece683d78843d85aa,f147cc1ab8bf5e443a5f16fabbc3fa6602c9ad48443468574a837a64fd62c098,studenti.polito.it,-54.0,41.0,39631751.0,8189526,AP-LING-AULA208,Student
385180b1322fc9c06bc8514e4d74a67e72ff6bc3174bbea195a5f05a6ee309da,67775fd2d14a1aebae856edc22861f921da92d515f7d21c0fbd70ef8b338a2bf,studenti.polito.it,-57.0,36.0,38553437.0,10358142,AP-AULA10I-02,Student
c4aac215873c17d2d745e651d2379fad67c96184a80a5ee8ea85c56c993e7073,32ceec5e09d1408e5aa0ec51b25ce0fe225242b686049ce35823db059c3c40a8,studenti.polito.it,-76.0,13.0,37843674.0,7636824,AP-LING-AULA207,Student
56ea133c6598f2747422be854db4ecb5dfa91fe0e0ee58ba58d0d7a9ceebd295,b5dc0a401f516b7c78407c9f7dce963a32b50e5b256b3e59be4c02ea6e0500bb,mu.ie,-59.0,31.0,1146376671.0,1177734087,AP-ENERGY-EC3A-02,External
3c0994d73f7115520f35c6f03dbdccbabf357f7950455bf00d8de26b2eedc8cc,190a4f58733b93709f07e4dc85502de4046baad50d929daa1868569ba62e009b,studenti.polito.it,-63.0,33.0,45913410.0,8315498,AP-LING-AULA304,Student
7715bdd8dd1897de3f34cf9378640d1d935c112830aac1234e84e0b68407af67,4ec1de091111384bd259f8447a7bdde79ad53e9433b43eee27c216e8520ad755,studenti.polito.it,-51.0,42.0,110193810.0,26925130,AP-AULA7-02,Student
c1a353c1b69c19b5d2abf8743c20bf75b1035ae0e9f0a0bb6c910bed91b2f233,64420d928c2fc3f9c28a9f0c2784be39f5ae70a5d47efa87e524cdd58e05ab3e,polito.it,-58.0,36.0,619135.0,386998,AP-FISLAB3,Staff
8f8d62e6ac337467bdf89b52d3f247a3dec2bebb99e546311101916d83bb434d,ae5562b20bc989f5f6a422a4a55ef158d4e2854dd4d2c918dbc789c8d9a1f843,studenti.polito.it,-65.0,26.0,665626.0,418430,AP-CIT-LABINF-02,Student
d418a68f2b578c75b90d8342c8f3ac11ccfe36e66914cdec014131ba36cb4230,0474bc45fa33c8b684bc87d44b104a29faea1c06e44ba925ecaa6f8a49995905,studenti.polito.it,-71.0,20.0,32956921.0,107637530,AP-AULA6VM-01,Student
cdb96fb0b57840167785ee85189b56932befd75e681d8076a9f35612b63c30e3,106208723d709680db29f1399f8811213ee57c829ab5164b991ef5c6634ee58f,studenti.polito.it,-41.0,33.0,20331402.0,9959523,AP-EXREALEMUTUA-R2A-P0,Student
0a8c7dae23bc40f39e3eeb7f2fbad2cb98d6c3dc148e02309f9022546d2af71e,095c74c14d1250768d7b1094c77841ad76f9781e8e0ff75166050ad63a6ba1a3,studenti.polito.it,-43.0,50.0,518374209.0,12854856,AP-BCI-TZ-01,Student
e64a12def97418c13f603869be552d57fba2fbed9ad3ab467a61ebcfeaec5063,f590f686b14b37a274e6cd06f448c26b55410a1cd6e3960dfb4104148ace3d66,polito.it,-72.0,19.0,201094254.0,559005876,AP-VALE-AULA7V-02,Staff
b275828f9f89d91bc1531fb3a55807910e4f01e907374ce1d65af7ff953db301,8d91a0f840f943bac3aa357e82622e24efb22ae705db3daba24f0c3dd3cbacad,polito.it,-60.0,32.0,265324049.0,21338893,AP-ENERGY-04,Staff
5607eff169b7e0a9e1de32c1c6139c004325bdb97da12251fe3b71436e47f1b2,b159ce029fc1f0ea96d37c4978d325dcf8b52cba48c71b44f48d4a55d67bef43,studenti.polito.it,-36.0,48.0,474652903.0,155157005,AP-AULASTUDIOR1-01,Student
940a87866b8e10f9a8b96d717c040f1bfdc90428f6690eb82ba4bf98a1dfb807,94ff00b788148021df3725a047f08f5fb84d107d5433ed2866656e77e9f5b1ba,polito.it,-57.0,36.0,189849981.0,24516943,AP-SETTE-AULA04AM-2,Staff
ea7e66461658d18bbc8c601a34a3e7c24153308307b9fd3a2c76d531c8744fc2,ce14d00d8aef82b88ec305cda125c846ddc09dc37589dd51c5f6da0c29f61464,studenti.polito.it,-59.0,37.0,62684207.0,6503512,AP-LIFE-03,Student
bd7a49e78fe6fdd5e7698d95ebe08fd99f08b9a2b4f761b689d967248cfeea8d,,,,29.0,353735.0,30002,AP-TRENTO-TR1A-01,Unknown
b00316930fa18be1ecc82074d4196dedff88a579969ab0810c4449739c20f705,077d52dc2ec89b89425bdddb25a28af0fa8428eb569c39c8f5fc40e948a0619a,polito.it,-60.0,36.0,168172667.0,76792534,AP-RETTORATO-05,Staff
74bc559923a977731945616cf7d21be57cfcb91871dfc737b439980c2e3849c4,155220b8ed4fc5ee19e8cf5fd370b26c615b254622ab3223be9d87d5b262853e,studenti.polito.it,-67.0,24.0,130993207.0,8326353,AP-AULA10D-03,Student
f0f557df996a70c11269ff60032bc7b6faff0aed07ca6b065903dea5fe904b11,45c2dfe468fd90b7f03654d31196c5a8989bb4d908edd87ded584e1432051245,studenti.polito.it,-62.0,27.0,16324013.0,2079310,AP-AULA4C-02,Student
295685fac2e93edb17fda9be3a952f08184b9676ceb7fd9b880c1d0969f8f766,d68c4473404b96d15673103ea6fa60bca4a6b9b6bdfe5241a746cdd9d25ec233,studenti.polito.it,-87.0,5.0,23345165.0,4278940,AP-DITIC03,Student
16c6c2712ae8bfa60047f6194cd84a542c20b8f00246a2742d72972242f74cd0,1234e9538629369f48a059deb86eb0a55b5b0980fe2d613e8ea6ae2e1ecddcb5,studenti.polito.it,-47.0,45.0,301695662.0,171391346,AP-AULA4VM-01,Student
36edaf47bad7c576dee60b421e5e259877b7a62cb6863d26a646b9ee1748342c,076b23eb512ab61fa6a870c69348f67ff5dabc3cfbf66ad09d37d75866619c5f,studenti.polito.it,-76.0,16.0,1003421187.0,4292892945,AP-LING-AULA300-1,Student
ffc7ba26de3c2633dd32fa98fb205c48ebaecee827528b5b6e8b317ad9a60948,93ac807c50e82a8b8f1d5822fae3e79cceae9331813c7fc66448c15221861bd5,studenti.polito.it,-52.0,38.0,772067612.0,37374722,AP-SETTE-SALASTUDIOE,Student
9fe9b90817f4f2546c7c32230b3451c4b8353ac437dc998dbbcbc5ddb8fd2f5a,7184c00e640e2d592fae69f272a3a50a9212a8c0e5d4752da7145e47d7cc6904,studenti.polito.it,-56.0,25.0,438363058.0,14229008,AP-CIT-DET2-03,Student
cd81c6727154d2b7e86bb10817e4e613994e1b46671dfad063130620ac19484a,cd5f4d0e3186faef9a63f40409fd5570f9b88c405d00278c21c384c5dd6e98f1,studenti.polito.it,-45.0,47.0,9607281.0,5156537,AP-AULA3P-01,Student
4133eff0357b3f64e76c6751c8f4450292e163703af9074d08b4f2595e8c0b48,d36d9be030d5d5e0123b24963f36d3c9686101bba7a339f41407464d96eb4766,studenti.polito.it,-84.0,7.0,259195.0,117002,AP-AULA3S-01,Student
9137c011b8577541cd3249fa94517fac5efefc1f44e16e7bbb3604d1e0806352,ba1f71db93205bc3caf56396d8fe0899186392eb49a48e055499e883d26f57c9,studenti.polito.it,-49.0,47.0,11957541.0,3212786,AP-AULA29-01,Student
fdc467d264bc6d51669c832bdbff6c3b38d28b9a5938f454477b4a73b161a172,7cd786e0789d7e2a4f0bd16ec511d6dbbce79942ef9cc9b5814242f9c66c6f4b,polito.it,-59.0,35.0,846390587.0,173141420,AP-DISMIC03,Staff
a532e8e5c7388cab79f73379cc6429276bb0c5806fc2963d845019ee6e5062ea,acf0949a9ce11cec40f1ffe728312780eb64dcd1daaa276f54cb69f66a3b88d8,studenti.polito.it,-44.0,45.0,13361641.0,5133956,AP-AULA5D-02,Student
f2e73ccfc6b8a1406d0b6e6d06eeb574fc8003b50f6f64125f9036c9121ec187,2885c062952bc7afa3971cf26f207cda6af651474836b6980372f68567463bb3,studenti.polito.it,-51.0,41.0,1432265809.0,46783571,AP-INGCINEMA-02,Student
4877cd018b0cf32080729a46c3b6216245eae5338aa33a39296d004c3356a2eb,acfed21ca5594462d25951d47db61f27cd1b9910307588020498538f7e17b434,studenti.polito.it,-44.0,31.0,4402829.0,2141883,AP-AULA6C-01,Student
dc9df54ca28cc3bfc3acdd79b366355113a8f2e05bcc1bd0173e67051e26350d,0c22bea404ddb865456c653c8ebc698cbd0c8a618f8a242b9298b1c6b421e549,studenti.polito.it,-50.0,45.0,30425490.0,8545340,AP-AULA4-03,Student
d67232210d5a83a145e2b749fcf6dc49d95e91ef400913864a57b9c8e122fb13,e4e20d28846c626460df55edea25a77bcfcf3eca45583fd3f836c9800d3e0367,studenti.polito.it,-50.0,47.0,24701531.0,4076353,AP-AULA05-04,Student
b50b401c377c8681fd80ed06864a1e1f0b7e6267a42020c93330aaed4ddedd71,7edefb312c28a7383a3fc28a45127fe79a593a187ec3f640cffc3029a5031cd9,studenti.polito.it,-54.0,36.0,99258391.0,6086321,AP-AULA11T-02,Student
8aad2f89b140d18dca43ea9265b05008a66c79dc9d0b4f69cfb915066d7158f0,3501ef8f6511948057cf746b269a51508c7923eab74a5fc8df35bbd8ed33d843,studenti.polito.it,-46.0,45.0,99846015.0,12024626,AP-BCI-08,Student
74fb5facf1596ae4f4fbdd728fa57cd067620f2e4c83a66e55ac11771888a5be,3ecfccf9bbe440f03b425b8ae6a677459d4026453bdc309572e4420716587df3,studenti.polito.it,-59.0,32.0,632232.0,472890,AP-CIT-LABINF-02,Student
5540c3608049f95c8d1fc4a82772649654b7bb4779dca1a38be3833c92f7ff09,cd28ffff9c12cc34f9cbe516f79f6448c61aa75491e9b3fd94dcac39e854559e,studenti.polito.it,-51.0,43.0,132017490.0,43042694,AP-SETTE-AULA02AM-1,Student
e2f8f645409f1daddea23cf809ad78c274696596c35d6265a92e10b82e470d8c,0a7af882757f3aa590341a7f0a9080215f3f11be27b621b8d581bf8f5636c8b6,polito.it,-50.0,44.0,20984853.0,125847478,AP-ENERGY-EC1A-02,Staff
a0a140153887d7a80641b06068a6c5f91cdc89193bac0ff5d1bb23ff3a562111,9f3fd3793e57fc8802c931606f95e1c91d3d4a6a89c739c549f9b42ea528eb0b,polito.it,-44.0,49.0,4012891432.0,444784824,AP-ENERGY-EC1A-02,Staff
7c22c156c0da2df0b6998376d0f1bb6e3365162c4e98f7a8d9333fd247cc994f,cc74bfaeaab02e24b08e6c60e0c790cd687d29d7dea0751407bc4bcc5b2754da,studenti.polito.it,-48.0,45.0,53118728.0,10939208,AP-VALE-BCA-ST-01,Student
46f846d4e8507d183dbf86442a2d98c976be263688c6d07ecd4b2ec5b695db29,12644ff458f18eb9303ad5ae9e3fa191ee7f5292ce0c9f8ec2d6815fb4549e0b,studenti.polito.it,-68.0,23.0,75050612.0,21143872,AP-AULA10,Student
96e29cb25a7ee4e9b65a96fa35ed24dd2ec54145487aac0cf69cc33ab3a2ad36,93a0eb92a68614c2db01d2d78ddf5c48e6a09a5d2b0981506ac2e714e9a98029,studenti.polito.it,-56.0,36.0,760704.0,2172245,AP-LABDTTF,Student
37d4b599f41d0114933519bd456c84d17838792f40dd02fbe3bd28507d40ace2,7e90e8829ba0a88c963ab952be48879cdc29ce796dc49cfd72a48f12c5c9f1d3,studenti.polito.it,-56.0,35.0,4317085.0,1851977,AP-AULA6-03,Student
20e7a5b09371ee436f9c170365de50ba64c24ed5184a8910b449c9f5824ce9e4,9c902e37058ed57bea735231630a4d015902c8344ccb91b4b7fd1da5167833cb,studenti.polito.it,-60.0,32.0,1610366.0,479866,AP-DITIC07,Student
7af7d75a025ae8f338c6edea84ad426934eab6839af27b085ca90ac442c0e255,8443e1b5be263a8e5c923431589032ab6c325c2e83b7029e3a2eafbe703cb269,studenti.polito.it,-56.0,38.0,383568378.0,3808880,AP-AULA4T-03,Student
a4560a0c395714a775dcc0d2e7450a37f422ab252f8f3d051fdd2243d1a456cc,6f2339a376692da8d033b7155e7002bd923e94cb69c753163d93521d181b7b71,studenti.polito.it,-54.0,37.0,319565975.0,11965330,AP-AULA9T-02,Student
b32110fafccaeb60a6764158736be12956d54008d3ab42c2c9bd6597e8438291,a48eac9796a9bbb847f2c1ef9ab224ae8bedaf501347acc72738aeb527ca84bf,studenti.polito.it,-51.0,40.0,16533640.0,2944770,AP-SETTE-SALASTUDIOE,Student
346481fba482c650b11d78918edb103aa0943d4d941273f717c7e58d153065e4,d8e6f6403e16375f55799421ba842fd0c4f2378e2bb7b4558b4d26ebe049b022,studenti.polito.it,-64.0,31.0,221223097.0,7883272,AP-CIT-EXCELID,Student
bd1a53b5b3be5b50a9330ef31713768c452e71b0e42c5d2db165a90b3b397e24,bc8fdb92ddeed347a1ec3a1dccc3411ec4f406a15d114c3dbf2a4e61ef6a9bf5,studenti.polito.it,-55.0,46.0,14495857.0,5475124,AP-AULA4N-01,Student
0b45b249b9c655c4c4471d76628669a82970ffcadc95544e5e4e03f9e4464746,63bc8260483466b6be8804857a8f77781a0a34cdaa090127112adab1c7a77a51,studenti.polito.it,-61.0,32.0,198202.0,236008,AP-AULA4T-02,Student
14f0ff7f1f48d273dcabaf23a63a7e1a59571afc538815f989fb7d45a920fd94,56823d0cb8faeb7710c01c039bc65ee2cef8a810b0d38892aade43de78ae4c7f,studenti.polito.it,-58.0,35.0,147085.0,148563,AP-AULA16-01,Student
8343dc8af2900818925b551b9958c54643952a248f1a27ce6bea12fc75365035,c6a4983226d796cfed973cf4a936865688ee69b4b5a19bbf4f065aa509b4c40b,studenti.polito.it,-53.0,40.0,6790623.0,1750573,AP-AULA4C-01,Student
c60b019c920bb85dc0f1c471c42991efdb072e2695df055ad7d09dae6ffb579f,6e6dff534fe480d00c007ffca756703c088da13e057d861e6bc3b0cc8b3a1402,studenti.polito.it,-65.0,26.0,50159285.0,1566262,AP-LAIB3D-02,Student
d8e96caa08220d1b7eca17ac4e5684dbd6ae953d2b169eebe2194d04470051fe,970c2a5e00b5da2a0458470fc635c8ae02a88ff50e9891651648151fd8b12da7,studenti.polito.it,-54.0,41.0,23130467.0,10741001,AP-LING-AULA206,Student
d09af1fc106c2d014e8754ecf4367baefc3a121f033c30d70d373e261faad801,920e49fd5d433f3e1a476c36f1e9c36358e3a9a77f8403800ee5d0d041a427ae,studenti.polito.it,-82.0,13.0,5858289.0,55872245,AP-VALE-MOLLINO-02,Student
e61503138bc1fb1f4fbe33a23fc5ecdf1e788e88dc92268d3638bdfb2c88f6ef,60dc8df3f3e8dcf09b6af2f259bc2ac9a43bd44f7aeeee82d364b6f6373e8993,studenti.polito.it,-61.0,34.0,11588925.0,2346985,AP-VALE-AULA4V,Student
c2132201599e2682109f25b6e51f9189016c30d9a5a6ddceac0917f3ef519b34,604724c347b61a660998ee9777e665fe4493af6c0b613b3aaddd23375f4c05e9,polito.it,-75.0,21.0,395877915.0,77598686,AP-ALESSANDRIA06,Staff
4d4d50d068243b65cf30c423533ac8b07ca5734bfffa1483445333d6de11d446,bf33c7e0ea24a4de03ab158fd4adeaa00ecb1fbca7740a088ca12d67112706df,polito.it,-73.0,23.0,40255945.0,2536297,AP-VALE-MOLLINO-02,Staff
c45bff26f1e4fab724b28bddf2b0bddd6f24be47c4a09cf1872f80c3c262e139,,,,36.0,0.0,0,AP-AULA4I-02,Unknown
0e17591670ec88b7fedbe7ce05879776c7bb4b1d368152636d8a2f1e26566952,ebab54403e49c80c68db0925bc7460c1c46f600e8316d6e5931ad63d169a725c,studenti.polito.it,-62.0,31.0,7504287.0,600670,AP-GESD2-04,Student
caa219ec4971928167c15f0e4e00fcdba16fa457986d936c5804d3a014eea125,35ef7b535d6ffe25ca39a4c012f1abfcab620787404e29f524108573b0895a84,studenti.polito.it,-44.0,49.0,202242601.0,3838639,AP-AULA23-TM-01,Student
33c753896831934a94829b03297c57b9c8e39d60e1dd4a3dae3da350e720f8a6,22e13ac295867a7ec52b3e8f8f506918939d8a4a2dcebde7894c2209a77abbff,studenti.polito.it,-46.0,47.0,16703270.0,233478,AP-AULA7-01,Student
6796d436572ad8ed9859c5b2b55089cc2cfca94886570f73f1cc65e3339059e1,d2286d28d771326d9db2fe42d0a09d76ff2cd07fbb8ebf4261f96330da2f8306,studenti.polito.it,-58.0,39.0,138041071.0,4736151,AP-AULA29B-01,Student
ed7c5e94bd64de62dbb012edf0f2648960f01dea6b82373ba4ae7337aa84d458,517227d1db282f6faf6f26dfe501129fab870acb24a6089a208dafef642b62de,polito.it,-51.0,43.0,223157543.0,8716267,AP-DIMEAS02,Staff
def13d5f2718e2307eeeca63e7df87b754d4e4ddddd9fed3318ae3ebb32b3ba0,9d4aaa9931217adb2c18a9c4c6683f7b1dc71b9a4616de5f6dfbe36b1c0a4e79,polito.it,-48.0,45.0,371553703.0,44962207,AP-DICHI-3O-P3-01,Staff
3e515a130bf36b04e0b2c6c55ee464b02dfaba8602f05d18dc748e73a8709503,814678cf7b770c100b4bd6a52f5f6e54d9a1bc00b44b6646d79910c2b461fbca,studenti.polito.it,-41.0,50.0,1652647.0,2506985,AP-CORPOZ-11,Student
369aa0c4ae14d7c6ab67705dc582292a80e06adc6c5acc7a1ed46d19f61e04cc,be79cfd59e950f7cca898b569efd5484c22788d59d4db0c34345a6ae81b263cb,studenti.polito.it,-54.0,40.0,5287675.0,699250,AP-LING-AULA304,Student
ce538956c0513e1b38fa63f02dc1eb8a26da35173ecbc926cb72cd76547e7f27,c915821e39a848bb1a76c71e6d9040d2cce243ce0fa67814abe4b0e873167c4c,studenti.polito.it,-57.0,36.0,157283838.0,8899077,AP-INGCINEMA-02,Student
c3c2a5214a7aca142b58460ef6079c4a9ad530537d19abaebfe2d17916834ca3,02b74be288a16175b9dcab95077da27ca53de29649bf1c71c6927340e3c8f13f,studenti.polito.it,-52.0,41.0,54198488.0,2291014,AP-AULA5M-01,Student
84050e50c7988e141f886a7bfc8f30738e035470b1c7f15376ecd535e1337167,,,,23.0,38804.0,4714,AP-DIMEC07,Unknown
842e47c4797c64c72e6e813aee7af94dd5950116e504b421ccfd4b5c994de2a9,0f5a4256f8918ed90c7a93ded7fbda139bb89526adc3a580e0a34c289f56be48,polito.it,-88.0,6.0,41220833.0,12397233,AP-DELEN02,Staff
08e9117dc53170ef2311cc44ae2261bb77bc5c8f6058cf123524eeece7793322,564e2a2585809e81a9c758d4cebe0ecfd7091ab6a25dd236d52f73615d028ab0,studenti.polito.it,-71.0,22.0,53296117.0,6515955,AP-CIT-DET2-03,Student
444722ae685fedd9cf9ec538d044fca866ccf7797cd25140ae8763e727fdc7b2,2ff55a040c3dcf5485c00d1928eb256e294a1b07f3cfc42204e667df7663ccac,polito.it,-59.0,32.0,253924576.0,69500997,AP-AULA13S-01,Staff
d22264267314df2bb56db200f4c90aba612093d734b7e65f2fda16517c3dd3f3,4e07ffdee761d6276673324b20ec09d6d5009d7ec3f3d0dba355af7240645179,studenti.polito.it,-67.0,24.0,121875126.0,7306296,AP-DITAG01,Student
a9b6f8cb540414aeae24b9a255261019acb2d4f8bdd3ed4c859377fd3af47966,17cc2fcfc06cccc7147beb7cc7e466d258b1816700d6aa61f8a9358e8b554aa5,studenti.polito.it,-61.0,34.0,134999164.0,3878673,AP-AULAR4B-02,Student
ced05420f6b391bcdc2d5b714f839297b4965568d5eea91bdd259f228c69e310,b2abf7b656f128e2a12684013ec3dee3ed0217786e9085361f6b6c77e476a552,polito.it,-55.0,34.0,12840446.0,1639890,AP-CIT-DAUIN2-02,Staff
b60c5b09d4c565ac73797fbf9531cfbd1388c6869a175b5de9cbe52540d4f7ea,82af16f8ff4929d43cb08d056ed099b46b377645cd4bf3abe0bcf623bbb38ee3,studenti.polito.it,-58.0,36.0,839787.0,461266,AP-AULA2T-03,Student
7cf23fde29c2bb0a3b40e965d2a372b3fce2c235161d289684423d4795e3312c,e755489b4e1aa8f1dfe65addd35378bdf25bd1943f29da25d890c31bf81f80cd,studenti.polito.it,-56.0,34.0,5059618.0,2956986,AP-BOGGIO-SALASTUDIO-0,Student
4e89d63aaeabf991020e8ada772467086bf0c344f22f4c25732b23c8f17e62c3,39043ee3cb60beedf97e2d3e499a7d95ea9a06b7b87925e9971e25201e62e191,studenti.polito.it,-56.0,37.0,283367842.0,9358067,AP-AULA12-03,Student
ecb84db14bb26342615ef8b71e69aadb4d16496135ef2b5b0a459634a013d62c,08d04f13a4981e727aee2a6595aa88820de198ccb6b19212532a5a4d86b5c338,studenti.polito.it,-57.0,38.0,239244917.0,10064135,AP-BCI-06,Student
379817237f81d3b5b087c71243c3825ae5846e5a271e9447b6a9ddeb560f65c8,868a5d09a2188c75c12426ac28dcea14c2a857a36d0afad14cdab86fceda00ae,studenti.polito.it,-61.0,33.0,88365214.0,7386953,AP-AULA7I-02,Student
ddbd6ea20c5ecf1b55814ce161bc7b8c28c69ebf8dcc5e8132b5c5ac626c8476,bb89455c606ddac685be6950f9c5f036a35d271457ab77f82c16e0bafbaabbe0,studenti.polito.it,-49.0,45.0,110892133.0,6598957,AP-AULA27B-04,Student
2e908fd331cab687a4e430a12ccb5db7c361c8feca8eb675bb39a7bf57aff8e8,a0f7ca7f91a7778ab8b5e1740ed05abfc56d02a585e8ac8f893d49a50c45989a,studenti.polito.it,-52.0,39.0,505909660.0,32472230,AP-GESD2-05,Student
fc8563da691daf7de192d0fa06ea267890a0a154e78fe770438b267daa30e11b,f1ece022a75a90e3bacc26011daefbb0804b06dedb936175ac9d6f55c5fdd723,studenti.polito.it,-64.0,29.0,28310893.0,1359075,AP-INGCINEMA-02,Student
862e084dca0e31849e1d7a7ea7f1230ed763beb3aa1262bb107bda22eaec7edb,ac16db864d12a53540d082f996809988ee9db0cfab57b7a1f19bf6d1eb9e4767,studenti.polito.it,-44.0,49.0,1109722.0,720863,AP-ENERGY-AU03,Student
a5a088a017efaf69ca813a351cca4a9bb2eae1abafd9ce8a7e3e619e37372e97,d70b66ecee1ff3b3d02d18beceed9347f3485020b13c6f5d3656ec6478729a91,studenti.polito.it,-51.0,43.0,52784437.0,96878235,AP-AULA4-02,Student
351bfcd93149a4ab6c06d0479aebb768d45645dd53e9e195fec92bd14ab15dab,ab1761c638eab9c557489a49a646cf7b3e05b923f139b564d5b072f731736a8a,studenti.polito.it,-55.0,40.0,183285761.0,7500933,AP-LING-AULA201,Student
b200fd3956debb8338ad415bd62e6a7fc9a09c66dd23c1fe3990998c6e1dfc1d,d66742100911e224c5579faab79ab4626078c8425f48a95c17f1f1205dad2f9f,studenti.polito.it,-51.0,41.0,1095235401.0,13253453,AP-AULA13S-01,Student
30db76898c219467b92b284543f105a646303333c389b7991994e5a81bc24d5d,162d48bd936c3b57a0b56cff072cdc4292115592206020e243f79b81e5c68130,studenti.polito.it,-49.0,45.0,4541447792.0,36558367,AP-LING-AULA201,Student
443c51925876404dc761b3ed7db4e6f46107dd910d422d0833fb7b359a3447f1,c8e6afc888831f9c3787a9dde29fcbc9e4e5ed77c0d749846c95d0cb1c077869,studenti.polito.it,-49.0,45.0,9563296.0,8271481,AP-AULA15A-01,Student
ed8c6a5ed683378545f28455eb9cad121d07928ae536e7a5550ecce4eb231954,821e16104532136f13d8ba55f4c3fd872f565386963c98c5cf5118f2bfc714de,studenti.polito.it,-53.0,35.0,238457313.0,11875867,AP-AULA5D-02,Student
07fccf4da339b14535b827b9604544f03c41cfcde69c5f132c0c8af512feac7a,c9051873e1b3a492bf6affb8bd50a139ee03b0ba0ebad89a811fe8a0e6a8a6bc,studenti.polito.it,-56.0,33.0,114511.0,79313,AP-MIXTO-03,Student
3dc184f472d45f1c0443a22ccd384c007891b329a47c99495c6839006aba409e,74a408dfba89ebd04c7e3a1d5114efaceef2244d294dd1b5b0dcd77335ac1ed7,studenti.polito.it,-57.0,35.0,89725774.0,7556202,AP-MIXTO-01,Student
40f0efe84e0fc4c76caf5036f91630fcc94bdeb15fa59dade4bb5d28eeee2222,08b71bb293d77b1c133b6e547fadeac1d0cb64939b751f3d4458281445c92b92,studenti.polito.it,-45.0,45.0,19373426.0,2625902,AP-AULA4N-02,Student
7666c6d7b89d798e1cf7b872658ae7d3281f86361ce8d349ee7782a78b936f3c,f02e4a29c02770774d08a6adfbc4fd5ae6a7b162336b64b953c85bd588e4a8b0,studenti.polito.it,-61.0,32.0,9878.0,5019,AP-CIT-DET2-03,Student
6d65023cd5e58e2f23491b4c61e95eb65f140cdce45cb8021650da9128335d68,8748125b857dea08f2d3eeed761f254c44cf14e544dd54453d7883139c43ecfb,studenti.polito.it,-49.0,45.0,168280902.0,13325972,AP-SPECIAL-NEEDS-02,Student
b0c17b60fb558e4260283481735b0ae1b6e337616b3b770c542cd7680eafcfd6,68b1216b6df51c85b6a0c1faac4ce6081f1791a27b49b9f648fa43aff6605069,studenti.polito.it,-57.0,35.0,21393355.0,4472065,AP-AULA7T-01,Student
6cea024ff37c86a67ac03a7b774d3b07e155433f9d5a8951543f1876a6b67051,48f2ef87a2f35fff6b16ad4cc705d6c7ceb0e59d109feb1bae7098207430bfca,studenti.polito.it,-56.0,35.0,554686028.0,8175846,AP-AULA7N-01,Student
efe4ce2a801a94bd49847a4cc4dcfc5b13e9e216ca1fc6bdde640a77fb71d9c0,35316788565066566cfbbd416e65a23dce940cff846f16d751c427240ded5b8c,studenti.polito.it,-84.0,8.0,6948206.0,92668911,AP-BARDENISE-1E-01,Student
57f0e398c7c138bb73fbc57f577c41505b9e35cbb8ba4c359c862e64e920241e,f3554331b2f47fa1491d81f92c8ffacc78a88337ad5e8900a0b834212bbaffac,studenti.polito.it,-48.0,46.0,7870.0,2980,AP-AULA2-03,Student
901eda7c14cd53dcd7a436d18166ef6a385f899b94526ed01137e40362eda4d5,fc4b08cb69d176499cad80d8f0e41ad44674ee0601ee0c389b40ebb4d13eaa6c,studenti.polito.it,-47.0,45.0,1191501.0,428678,AP-AULA05-01,Student
b311b546fc6840fccca5bf83112c17447bfeaaa8a3dcac1d48ce8b9c2298bfb9,8ec5f72d125fb09aa262a317a6bba3c4b28c65e3fee59713349dbf2b65347ffa,polito.it,-59.0,29.0,39407347.0,18657317,AP-DIMEC16,Staff
09829013d4d1c64dd85a63f64717ac15ad8bd25df68cfa4e559ca6ded2123005,bff859e0f99cc727b4e3bcf309c9292b73a33b9aea4ec6ba5bfab6227fc69b06,studenti.polito.it,-49.0,46.0,517733.0,6864997,AP-AULA11-01,Student
3db6314c3b909c89dd482afcc514a4193e72379acc8f20812da629b1760f9f98,6cd7e14e8e2f77c9c1253432cd89a81e7de99afdabb7aeac26740c5b4b17f75a,studenti.polito.it,-61.0,36.0,25676219.0,6624062,AP-BCI-ST-09,Student
22f2d708bbae84e260f97ecc13253d21469700a357b2011b7bd841b1e5bef153,1c09b947fa31d1425d7ff937b5da689e6cfd7c2064b8d911c6110697aa64a79c,studenti.polito.it,-44.0,51.0,10744184.0,1061951,AP-AULA11-01,Student
122f71f8e6a5c27b2cc1e62d9799d423a32043a8779192ec445bc90bbe1c6907,e3eab65fbd5105bcf8a6945a8dd42068113e4aaa9f720e27d145b965480c0018,studenti.polito.it,-50.0,45.0,11712824.0,12931211,AP-AULA08-02,Student
b7de38ca9585ae31794a2b88e066c6dd63909e5c9cefd897bf7e8270d5c5bf34,b77213ed94d12b8ed3ef7d0c24907108f80260aea277c4bf0f70e87473a7f033,studenti.polito.it,-46.0,45.0,10738680.0,96197066,AP-AULA10A-03,Student
cabb88e2153c3247a84f5b2c660cae4bb5afb520eaa85ecead50a5a58e6313c5,9d5cb3d04be56d211cb8936d8d43478effc2a142795e90fe4287ea762901404c,polito.it,-62.0,28.0,47481585.0,7945256,AP-CIT-DAUIN2-02,Staff
9ee246883311defbcf9e5e3b553e729b376c37f8851dfb618d9fe0338bc2c23a,a0076abb9d5a056af26395c3263c48eb1aa19f7a9ce5fa6de7415eff509d5281,studenti.polito.it,-55.0,40.0,2603610.0,845358,AP-AULAR3-01,Student
95aa2eaed7f49c2f40a46b074e97e7db6acc7d0afbb8e66433fb8a9cb154796a,cc61b92c47ef8740b6ae633c8d49686b5cccd335fb02509f203b668a37cb9438,studenti.polito.it,-58.0,37.0,226799922.0,130364559,AP-BCI-ST-10,Student
c2d65d65aa0991256c662e276049de32b9de9b1e725e54e00ce3979e8913d678,ea5c605831e66f013515e3b4bbc4cf31c36472dc0c93763a0328f22209ce97d3,studenti.polito.it,-61.0,32.0,123489263.0,3534338,AP-LAIB2B-01,Student
4afb6ef91eaa3b067450141b09fb2388dd79e92f05b10b18465d1dc17946154c,6f22ed6df6e1ebf91ea81b43af61aecd2ca890763b32dc59a96a25bb56077759,studenti.polito.it,-56.0,40.0,292591.0,119458,AP-CORRIDOIO-AULEP,Student
836eb4d60e30e03340a9c634c54e59324fbc4c33974a259ddbd630aa3a128c2a,9330dc86783085299686864f1ec31a72ce7e1993a188797b5db524342ac85543,studenti.polito.it,-59.0,37.0,606141.0,229449,AP-AULA03-04,Student
b93f61c8daa39eb1dc6ea00572ccf481bc121f44bb5c0d1ce7194ec3f2dd5293,25667d47ee33d13760d9f4af0b1075dc92c576f09e9172e706549015ee14fb90,studenti.polito.it,-61.0,33.0,2728751.0,712155,AP-AULA10I-01,Student
b3f6e047095b89545426b4b1b67508d3fefbb366e81c6bf89d1bf683ca4ddbb0,3b73d5958b8d6af4ddd59aabe60e0cb2afdd54121bedbb0d985bf2fef55a8fa4,studenti.polito.it,-56.0,37.0,363005168.0,17758262,AP-EXREALEMUTUA-R2A-P0,Student
57fe7fa2ed8bf1ff50fb81a61b70293b0a61eb5a0ed039cd323890f2994e201f,2371d243c2a72e45a5711b8338347021a48e592c9ae4d091dfc6933eb6950a47,studenti.polito.it,-55.0,39.0,1031281.0,359511,AP-SETTE-AULA13AM,Student
2d3dba14793625f315ba0035e0eab456504dc4f811dc2a1d4cf77f0b70837fed,903f50001304c47f009f78c11ffccdaf2db6cb24291db4097c3298cbd4f8887a,studenti.polito.it,-53.0,39.0,1924700.0,1123636,AP-AULA19A-02,Student
3cc59c58c09542832f838cb6a3da6b867be875c1c5672e202100a58f7574af82,4b3dcfe275808e82715f02c6ca0d25b6cbc39188ddcbc5e801dde2a25434e8f3,studenti.polito.it,-36.0,55.0,39082578.0,3561304,AP-LISIN01,Student
018707dd52bb0bb97df318b57f0e4af364e4a313fef62419852c53c726f7f773,2f929edc747fbfc42195715abd3e85cf92b2275a6460a8caac8683d2b92e453a,studenti.polito.it,-54.0,39.0,9627110.0,33312403,AP-GESD2-03,Student
c420965a364fe2c23b8fd0121d3d213a658871678c6c5e5b1821999425ec41af,664a914015bd49553b42d7264aa1dc8fd78bb4d2f3ec690babca050904b93796,polito.it,-52.0,28.0,6240936.0,1594163,AP-CALOS-01,Staff
26f44678c4b476e796667222f2634df5be04b16e32508fa5a5f9fd2805f4bc5c,dac923b7def54073213718342c10ff1c9bd082950e31ffed9485f2a17c0079b2,studenti.polito.it,-55.0,37.0,1013877.0,496224,AP-AULA4N-03,Student
f5a1859f8c1df18ee98320a38c203a5f44f779e04af44e614579f8f96087a331,3dd5715ccaf4f68c3367ca9c7406663b6aeb9abddeade65904f4b3028a945b73,polito.it,-78.0,11.0,44940629.0,11359326,AP-AULA1T-02,Staff
56a2478bb6cf0c26e3b9e6bdfe34c672c7c4e81bf16e410b4dfcbf28f519ca2b,5a2ae36a7ed3dc00556a696d04c614b792c66c3fc043adc5174144e2ab57dc96,studenti.polito.it,-50.0,44.0,121828070.0,4835311,AP-LING-AULA208,Student
2c6555f1f5abc64104f379de80d599a95caeb7eae35d383b6f7ed0722f3e09e3,7e7180e76b4b635511e86b72bbd34f89ec4e92142b86ac08cd6468d2d0e03d70,studenti.polito.it,-48.0,43.0,1026317.0,234830,AP-AULA4N-02,Student
cc05f454672548ecb4fe705665d1525776d6b84df2a67b200cf4260c143e7ecf,1b18da76bd89a60c398976017bd77d4780d9a0a296299256866400201bc7c74f,studenti.polito.it,-70.0,21.0,51498137.0,1336100,AP-AULA2I-02,Student
3be61b7704839a45cf685d026fd0baad4c9b476a8529bbfa213c1d3b6a65773e,65acd861d807df138dcc8fa5799dd3e29a7d436e0db97fe6021371b6d690903e,studenti.polito.it,-78.0,16.0,1023474.0,484666,AP-LING-RECEPTION,Student
d529dd7b85a222a0d99f1b4994e1302460ece7824b42718f58cbdd14b4536289,0bc26e36d1930cd70b9dab39acfe3f280326099cbed2f0b9f7729a4727b5e7bd,polito.it,-60.0,31.0,4281605.0,2790499,AP-AULA2-04,Staff
259f9c7cfa997048ba9a22d47df34d7663b12683d0e3155887715fc403fe9d0a,7f454f20c66e27e496bb92217e5705f3f9635517f0d534a0cc76dbb04762e9f9,studenti.polito.it,-55.0,40.0,31121364.0,1151585,AP-AULA1S-03,Student
e71f5d9468232e7c58ed2284ee61e740b3e349fe0800e104a2e63105044b7782,35cbdfee49d67021d739c8e1bf4832e93ad9b29180deceb4a185cf21ae71526b,studenti.polito.it,-48.0,46.0,789415.0,820550,AP-AULA2C-01,Student
65f42ffbd338ffe7551037ed96429ee76aea6285c330edc3bf0c247d37448d98,,,,0.0,0.0,0,AP-RETTORATO-UFF-05,Unknown
8556e71437ca4dc2b1311460437dbb5b682de14d91de0a6365699df8f30dfd85,b43cc486f3c7278538ab8c716a1fa3e65b741f34965b4305845b7410e7bab6ba,polito.guest,-79.0,16.0,184879198.0,4830139,AP-VALE-AULA1V-2,Guest
124ba13016cc64c4d092da2f9a94a0a4970d441386feb8bff9dc2a947c565299,b95386ca0198c6c6f86bf2c59cc6606c4c32b9cb8fa97247d93fa70b6ccd24a9,studenti.polito.it,-75.0,23.0,7816.0,2151,AP-DISMIC18,Student
0cd9d4006fb9fcb1df8000b8e81c67d7bbb061f83a21c29accceb369d0127390,0cdd43f5a03cb94e13b8eb1f53b89ae892eb93131fca3f3cd568d939f1a0b560,studenti.polito.it,-74.0,13.0,2093770.0,753325,AP-DIMEC16,Student
bc3bcad8620bc9740783b7e0c83d8b50b8b50a281c20d71b5fc8260663f955de,3e29a28d4293c0bf677c92ec808423e5663f84f8523cf9222c529b2b2525533f,studenti.polito.it,-48.0,42.0,177534.0,113717,AP-AULA4N-03,Student
1804d12beec9eb3d0838a7529c18d137803d28d68af3ad27e82f781fc4635867,c9ccb9429ce3febd72fcbc7a6eff326c3d1e635de14624c494c188e1fb34eef5,studenti.polito.it,-50.0,44.0,22918834.0,4056050,AP-AULA01-04,Student
311f012b664807d57f7119dfac46ba1b559b430d1349cee80fd20ba8255cc8f1,86a89a3333fbd3eab9381549daed0cefbea6c11887d63e0ce2c5e49063d0a43a,studenti.polito.it,-58.0,30.0,25350558.0,4465957,AP-AULA6I-01,Student
d29851d096988390321e980c1db650999130241338673c12330a2b2e34b4c3b6,64316fa78266dd2d78666cee891ec58237dd2d0407cebb56484d79b082bb7d7e,polito.it,-51.0,39.0,352181.0,149315,AP-COV-C3B-XP03-14,Staff
b7af6c5c9cb9b86a0fa7000ba51890e78ed87265152ce6a90cc6698b559ed8ba,92771a85d7deff63dc032ef550227ce56b93acae3463b33df24d94235e29f4c8,studenti.polito.it,-56.0,36.0,6170081.0,993658,AP-AULA11S-01,Student
2ab4252f83a5d6f33dc7142e36a0605de86b77e774a394be901b069cc9baa0c6,782571d03d90679b956db886fc9fdfb723ddf2ccf8243a0fcbfc05abf39313d9,studenti.polito.it,-39.0,50.0,9770239.0,10815191,AP-MIXTO-02,Student
e681dd5531326b25c44ac37a35d6b87c3e92bd9c6898bae256b7af5ea566770f,4651a321da53459c2b6ecb7a642c188f69378c459c9a66bbd4c81106e055f501,studenti.polito.it,-52.0,43.0,2574872.0,785020,AP-AULAR2-04,Student
15b74511dd31a13cd509896da87fdfb1739a3f831afd95eca4e8cf232ccc0494,ca725405acc0a47f7e0fa17d8af045ae978ff9760aa138176e6507f908dc3ebb,studenti.polito.it,-65.0,28.0,552446.0,200600,AP-AULA11T-02,Student
e711a1a76676299cca247d0f398c6438edf2cbff4b5083c449d977c043659e55,422f075ac56c608b468dcdb8e9196305f4c61abfa6f2feea7991361d06a210a9,studenti.polito.it,-56.0,36.0,99368.0,137881,AP-AULA11T-02,Student
703624cdf6812662a1d223c0f4bb05b1ee0be3dfff218904ddea65c9ad9eb364,e503764e3bd310dec3710a3bf5be5983cc7ec9a42b4e7f34a8c8539262ade33a,studenti.polito.it,-61.0,33.0,11934643.0,1469944,AP-AULA4I-01,Student
91888770d163a432bb4c0824c646f4d074d9dfeebe61ee478a4deb75437130ef,84a2db9b63d3a3178bd7afef176749259c1159bdddef32417a907527c41612f3,studenti.polito.it,-60.0,34.0,33402247.0,2052291,AP-AULA05-01,Student
81cbe6e62c084cb44848e368954c2ebc2683d6d7d49255712fb5f40c2c26799e,9ff0e0ef110b6ab81529ff9ed133843215331da6f774c0913b0fca1e86f51fc3,studenti.polito.it,-57.0,34.0,160334657.0,50581886,AP-LAIB5D-01,Student
01ad81ac3ae27dd993aeeedc27fab52ebcbe08e1adcf4519d134fe04b16aacdf,d720341a2941e0a0c22dfcd780a4dff97ba0ab71a7018489c2a68764eaf1cdf4,studenti.polito.it,-57.0,36.0,229575405.0,6470342,AP-AULA8D-02,Student
2673d718ec5142969c32fa943edee57167e3ea1f1b1d777b9876cf23a816452d,d59b225fc51887e1ecf095be35e55c3f0e49c7bae17f7e69a0f1bc9d66b43f75,studenti.polito.it,-53.0,42.0,257740607.0,8851746,AP-LING-AULA203,Student
873a7efaada63b672b99856da4e1d6aad339a5f050ffc769ab5b6aadefcffc28,9490b3f81146327a3b0ee92e65147c2e598939b1a5d2d5b6f4efaf9a3e8ba326,studenti.polito.it,-68.0,23.0,90573529.0,3568385,AP-OA,Student
3d47b0d5c1225481ddc7b84c6a6b107dd50c8413219f2d960a0ffc924c8e40d3,0490ffb15e8db51b4d14157c8adf86fbbcf87883db1dbb154fa2ca3ca0e94112,polito.it,-68.0,24.0,458359597.0,15776147,AP-DISET-1E-03,Staff
7431e8f277af3fc034702aec2372b2f27028a1453ffce951147ca10498462b28,76896c1ebafa64fffeb3092e97e619b2a4b6bf2eae8d93297d621749c0acfcfe,studenti.polito.it,-64.0,30.0,201847568.0,11140855,AP-AULA7I-02,Student
fd38fa0b3085f1621ed6624f24434f6205e8efee5b995811363e6b7094eea542,6d9dbbbfad0b117d76679969897cce69ecb2d6a5fe6b17fda13b0ce7968d05bb,polito.it,-52.0,44.0,888670582.0,54041969,AP-AULA6-04,Staff
54a5adb83a7a58e76a2d7deca75cd6c2a8a208ed97de530115192cc2c1168cca,291a5355419a49ff7d565e5dd1057fb2c0f7b6b670522afc88b8a2820b2b8579,studenti.polito.it,-50.0,43.0,323341308.0,22229764,AP-AULA08-05,Student
a11153d478223edd2f42d7c3d96f806eca05d3d251d021f4589354778ff87406,9da6129c32d8a1c439ffcbebe9a5a78f20444bed4434fc562a8298c34878c8e9,edu.unito.it,-66.0,27.0,34859010.0,930741,AP-MIXTO-01,External
964f67cc74ffda08fda7ca7b331d957569c6bd0fe1828da558077c19d7ce797f,071f4361c6f5b593ed791748f1d581c8978a4212d3c38cb48051721f340fbbda,studenti.polito.it,-43.0,50.0,17636743.0,5229629,AP-CIT-LABINF-01,Student
db0cb16936a4c04f5c78397255046dd29b5ceddfe1e42b9205fda878de84cd71,d3d1ed8d9dfd730d6f4713dc7161972fe35e8bb11803dbc0537e96b52c0bde4d,studenti.polito.it,-63.0,25.0,21569354.0,2128402,AP-AULA10D-01,Student
2e0674beab68c4aea4609bdbc464d444bb5b936885f0cfd9db52a797969ad388,095ec997ab752b75e750d3cba57f95abc39fa9a5f3a1bf16afc042d5ac0fc3f2,polito.it,-42.0,39.0,1572744.0,723889,AP-AULASTUDIOR2-01,Staff
35c5f7bb55038f75309d0fcf5014aa766d4b9886baf0902286f85026776613b3,8ff0c67846bd0ecfc548c674809313e7b7a894e0aa3a85594b0beeebe45d4902,studenti.polito.it,-63.0,30.0,200511422.0,18961221,AP-AULA3M-01,Student
1a0e8c342a37c2fa6899f60699a8433223ec3ca797fbd080391cc9e796e803fb,1a997ccae8420144982b4d755fdf49b1bb6c8502ec178d0ac27b8d3ef330f210,studenti.polito.it,-53.0,44.0,11463921.0,4685310,AP-BCI-ST-10,Student
0ccd3aacaf75837f48137bf18e1c9c9ad834311dcc85b77d9241ca3a534f9d75,369281583cafc80e92a742b5d560b7a2a2f105409f022b70a4466891ca5e5728,polito.it,-69.0,28.0,13089.0,59219,AP-CIT-DAUIN3-01,Staff
e9be0ab747681fd219d4ca618210fb84a2cf02d2c989e6b80a32876e026ec28c,dd492aa88c70f2d0e3e1c7827378f833062c850d5897cd2d9979867f007888dc,studenti.polito.it,-57.0,34.0,1965245741.0,526805616,AP-COV-C3B-XP03-18,Student
c8f395179f6137a12e1ef910a5ed1cbdeea60c074395e833b75bfa0f4990a03b,d0c28ff2ce4ece9c204e6fbc56993f49f3e20a2e65d5b57c54ea3131c9e962bf,studenti.polito.it,-58.0,36.0,502577799.0,11272080,AP-MVI-BIBLIO-SDS-01,Student
e1847e8a2df3859561bd21faa68f57416fe14ca9d589be1d359a8afbba07560b,9da5d4660edeef5815a5a1747e24a9d1f1262cf28f7cab6e47d0b975fd1bbcf4,studenti.polito.it,-48.0,29.0,244326102.0,73903967,AP-CIT-LABINF-01,Student
485b6ef52589633c5d499a3b17b1e8aeaaa93f329d11e3d8a4aa28631ac21347,63de439c5efad47bc12b3918ae2f70f0a5ae1679cc5de2cd56519abaac027776,studenti.polito.it,-57.0,35.0,146844.0,258985,AP-LING-AULA207,Student
2f538018d1d680f27c8d46597d866394429e633e66b019e1b481dc7ddd0dd9d0,b168806ccfe528f2531d2c8c4ea783dcfda923df2e11dc0bdcd6cdaccd03e1a9,studenti.polito.it,-51.0,40.0,12870076.0,1174682,AP-AULASTUDIOR2-01,Student
5196f09203debe68ea7ee4954a6fad2bd061af772f610265be939f856953c0d2,ba6e3046b3f7033f8e70c788561ac5a4429e3f323e411fd1443781ccc25ffe7e,polito.it,-70.0,20.0,17237744.0,2523389,AP-VALE-CHEVA08,Staff
c664a6394557eb2b54d2d6df3c29b91e15bc6a0936c85eb6e0b495b396dec156,7c122ace86b576c3f298d773cdadbe09037ed37f1718f9c56feb85ec60da72df,studenti.polito.it,-52.0,41.0,561079980.0,37315841,AP-SETTE-AULA11AM-1,Student
ba664a18bf71191334863e45f456fd73b21583d59a72fc1ed63adb132516cf97,8716bdeeb9fe18647185035533ee8df86ec1fdf76809c37cb779db8b0fbc83d4,studenti.polito.it,-56.0,42.0,5183774.0,10234103,AP-AULA2P-04,Student
8c2c32fb318cb35ed37663424d21822ce12f0918445724af23ec1eb30f4fc8b1,5b2874ede0dc91e91f11eac732b859322c7383c20b53aa750fe199dfb5e7dc96,studenti.polito.it,-73.0,17.0,66028010.0,8100732,AP-AULA25-TM-01,Student
4243b580f03b000c79704c366b13088ec41bb0d46bc42954e71bcface7122c0b,ae68a54c6f09a9d0b6c8fc41e1a0baca3ade64dbb63705896f6281a2eeaf438a,studenti.polito.it,-55.0,37.0,6693880.0,2992730,AP-AULA4M-01,Student
b8e0c3eabf1342ee5b2d333789bb11d8fc7571f0f546b82b4820de3e3369e78b,a6d8153d4c80da8ffdee5eba240aeae24c85e916a9434319f779405b187b53dc,polito.it,-67.0,26.0,576897.0,424024,AP-DELEN06,Staff
f50b596fcca24c5edb58c58124a089f6ae6fdde7bbfc23b4b257bdc376925a6a,1815af67bf51534b5ec00b603f90f9e98124e8373052a4fe6c18c0684960117f,studenti.polito.it,-49.0,46.0,3218072.0,905992,AP-ENERGY-AU03,Student
f48f8d852e70c97e0bf4a04752cfc5173e64aa2404949dc5bc8ac52943c40909,15a549f59cba124ff87d8540f4bb0e7f0e87e19e717241b9a9b50dc50a300de1,polito.it,-69.0,25.0,344725032.0,14682967,AP-BIBLIOMAT-01,Staff
0b96adba6e8cbc23f140a4e6888d66d0d9df6ef28b765f30ba5ce96d8dd222fa,3a070996ffe6d902bcc61a78a142eee15b5b9404c176b2589780cddfc5509d38,polito.guest,-56.0,33.0,170148942.0,40134570,AP-AULA5B-01,Guest
e3934170407732f8d94f8ba56c4c2027ddfe3f22fb97fb2107b75805957f7876,c1c2e5a1a3f129c8540aadcfa162f09245f1e4f840cfd2216d660f4a64dbee9e,studenti.polito.it,-69.0,23.0,136030726.0,54023994,AP-VALE-AULA9V-01,Student
f0ed2fb0ebfd946429da9dd1022ffcb384cabab0a3cd2cf443df51bfce92a22e,166b4ae45b4c8692ae560c5b828ec5212fe2630cbe3d490a1b93a821fa69cd33,studenti.polito.it,-59.0,36.0,1425986505.0,38888023,AP-CIT-EXCELID,Student
43bc87745b19a81a6475c24ac13b7f888e006a7a42658c2d0f89f96ea7db1def,edeb29dcf4df5962f3737b08e4aae5f393d479e5b24433f98d9a97b29496d0dc,studenti.polito.it,-55.0,37.0,1568237175.0,34439431,AP-VALE-BCA-ST-01,Student
f63590154de1bb58a3308ddeece3bf74453d0ac8cd16b5e91e2ef346fe7509a9,64f350def292af24a0f0059049803f05b8648db54f30e0d2a1f91852b9e90ef4,studenti.polito.it,-69.0,26.0,89834508.0,29242942,AP-VALE-DIST-09,Student
2a963bf2ca6bc41e0adcdd53ed196524142ea86554804062ea75c2af9e2d43a9,8dba0709ea4222dce6a820c38b1a35d824c42e3b3991f0941bfdd238af56468a,studenti.polito.it,-50.0,44.0,204891170.0,17079308,AP-AULA03-02,Student
38002769670c1feccfe4a3fbaf3183dd909c58a985f4cd931276d453b0bc33c0,5a41d16a887ea2073667e06fd92515b448fec591e7aae50a12a38c58dd8404f8,studenti.polito.it,-46.0,39.0,140644082.0,20988080,AP-AULA6I-01,Student
3312fa6a37804865e220de542402492da63714d6d4f3c761ac1fb739ad4556d6,0603b56f697fe9c724c31788b7da3fc9d2c84e847534c8118db0712997934a67,studenti.polito.it,-54.0,40.0,66787363.0,7683745,AP-LING-AULA301-2,Student
6130a41ddcc7a6b0d0b8be342899de0bdbf6dd68abf5e05ccf7400e30d703e0a,f88279318b927b14046b65e9cde75d3660dd8f765ab1e47dcc00aea3dcf91c7b,studenti.polito.it,-70.0,24.0,289814938.0,11272921,AP-DELET01,Student
46b695c7cd843c33e329cb3460c38ae2a90d2016ec5ed129705aa155e2770a31,453d801a546cc2f3e81c157dfd1008310c031d23d0dbc17b105af28638774446,polito.it,-66.0,26.0,3131351868.0,181993734,AP-CIT-DET4-05,Staff
d63551bc957864250c0068bc4836308f1aa1e8d930cd372b50ed0e3921bbd496,4e00de06b0b5e47d816eeb539e77cfb037198569ae03a95cf4c5fb263b8fc7dd,studenti.polito.it,-47.0,46.0,532550588.0,29259951,AP-AULA5D-01,Student
5c8925f09d4c32eff0611a68cad68274d81ed1f8a83b4fc649a3ef87e013f79b,45fbcb3949ab10d9d39a799a898b0207fe53cc5388f701cbd6a8d9f031e2f7c3,studenti.polito.it,-38.0,55.0,41785169.0,602763724,AP-AULASTUDIOR2-01,Student
310c115963722024a81a0e41f25a07296d2c656a1ce831c99426a4d2e47abc31,3f0938936f65944147cce525703aabe3ad59d7c9105c9a12eee7dba227b20e41,polito.it,-55.0,39.0,83072975.0,6534695,AP-DISMIC10,Staff
c0b05afe2c90eb7220d881f81bb948b15e9b705d2d90f0e66b18652eef3f7f07,afe2fb54afad129417a66f98b39a148eb409ec37aa4c39f800b9699c4f4cdbc6,polito.it,-58.0,35.0,16223762.0,12533034,AP-DIFIS08,Staff
aa4affe14160013e02e32dada9f293c7963f4d90848911a737ef44ca901eb9d8,f45838c712d989ed7997f0dcdaf7bfe132da832f97c761150618eff8ae04ae41,studenti.polito.it,-57.0,35.0,167667093.0,37919830,AP-AULA7T-01,Student
62966926f87511907599176b0a23abfa9a80e40ed1cc275d1817ac004d2d899b,97e5fddd0c8d1b35cae8b28652c5c57675ef49f5a3296b909be6e2cb115f4e6d,studenti.polito.it,-34.0,23.0,129869130.0,61514094,AP-AULASTUDIO3-2,Student
c7fc5bdd39d5e64c224103749904bc7f3b19ae9deea87d17819adc740830e1f5,02e7e4f585842d67e5356beb19a30fce17cf464500ad7da30e6e5ff321f87a7d,polito.it,-65.0,24.0,580624971.0,26664131,AP-DIATI0-01,Staff
d0d6c066167b9b4d46f6b06f051bd64e44ac65ac6561cc57c966ebfcb5a58ba3,e46fdad4931a8baff0760b940be1c5fca3a45526b7581625dd2411638bea1422,studenti.polito.it,-55.0,40.0,9316.0,5554,AP-LAIB3B-01,Student
f0c682395e2778121f2ffb5b32dd1fbc4051e4a621fe16d8e6b4dca0ea9c4a26,5bc8e1bd8bd97b5ff7435c315ac8202e8b39c31c380dc01e06ad8deffeb61359,studenti.polito.it,-46.0,46.0,13512863.0,6101780,AP-AULA4N-01,Student
0bca346297b556fa3765f2ef5179fda2ce14de7305c3727c082077d3804e512f,56d688e2dd0ccb1295b30a84bf76631da34dfd06b961f9105372968d61de3340,studenti.polito.it,-67.0,27.0,1890458332.0,230372767,AP-DIMEC18,Student
f00a52eba793011ad8fb2f11a05d12817e0c8dbd0252f053a544687932db1777,c80871baa8fc84e879aa86026bce2e452502c30f3a307480d4da1bd3c3098669,polito.it,-74.0,9.0,511132482.0,351400574,AP-DIMEC14,Staff
7fe55cda5a28add9d7b2304b334f0fb7f80d787d8b7896ce81604d425ba120ef,234ebc7e896dddae590a4f4fe31c50629580e62cf11725cb94cf86ec4db05fbf,polito.it,-55.0,35.0,169722683.0,125228245,AP-CIT-DET4-04,Staff
89a291a2725624272100442be58dbc08e98ad1205131f7dd3d321d0a2a10905a,aa8c10de6c9bde7825865b3e7d0afe88a627bf1458ae19a4427e359b748e163f,studenti.polito.it,-61.0,31.0,78044656.0,15327124,AP-LAIB3B-02,Student
2042f55723f0b05b847c30610aef526b407c5712e14c10a1d9d498c8455676f8,17101b0d2d8317b08ad3222508c779b3e3ceff27141ca685c66e8ecde0e14d73,studenti.polito.it,-52.0,39.0,119101270.0,5143176,AP-AULA3P-03,Student
91d8e032a04b6d8c013aac7df7bfd34237078eb22d3c8f422b21ba2db6aa17ef,aa8bb7d24d75276189fcfbf344807b6227334b32be3da105a68de71fa9278f81,studenti.polito.it,-52.0,43.0,912725975.0,22041841,AP-AULA03-02,Student
c984b7fb079a50430bde2a23ce9a9aeffbb09303000eaec9534801fcfb92dfe0,90adcce863332f339530418ab1b4d30ffeb47b958706d1d5db4bf036473f6cd9,studenti.polito.it,-47.0,43.0,1182774603.0,220554372,AP-LING-AULA208,Student
4642716b859679648ae1221a35399a9cf3bea6fcd85c38272729254a07836b63,f1ab8b93f0ef6e12e69d70a693cd0189122f4d04ff4a5160a373ebc36410eec2,studenti.polito.it,-45.0,45.0,187621259.0,30164781,AP-LING-AULA210,Student
b5147af47dea4dad0f56784637be62ef81c3a42eede3a5e40d4df60092c52716,ec47fa2a3b7d37e956e8db7234d92f8908c2ba053d2ff850cbd53b3f07ebf4b7,studenti.polito.it,-54.0,39.0,107873455.0,6390136,AP-SETTE-AULA04AM-2,Student
4f2cebab0420bc7d70e4608ffb56d8cce8a0804f969298354ae75c349b0896ae,2f00d5d9adaa415a71885b420f203bd7241a204c93c2f62bee89482bf5381562,uwindsor.ca,-47.0,47.0,141516213.0,473587694,AP-SETTE-AULA11AM-1,External
00fdc3fb281af1fa515ba8eb2d99434c584ae7b8ff9f19b52b1f36260e84cdd1,3817e9c3533edad0c7df9aad401832fa025b54e9605fd90a233e897d7070e6f5,studenti.polito.it,-52.0,38.0,15395307.0,2051341,AP-AULASTUDIO3-3,Student
2bbc0d134dba671f0dff2b921569405cc255b11308ac0ad842aa179612de2f6e,54b9d8edfb940f0aff9146555c7c5bb7bd861ecebfe46b7f75a8d7cc68fa53ba,studenti.polito.it,-71.0,22.0,23511994.0,5399078,AP-LING-AULA305,Student
40aca1533b5bbaea12bca75a13ec255474359e54b86f0a4ae2342573c0e94e19,4810382f794a2043f827228dee114da7c50640fa40f02db670bc429315da4f89,studenti.polito.it,-40.0,55.0,126695177.0,1893883,AP-AULAR3-02,Student
e0703e4fe7ba166da2cfc76dbbea10205febcdb4525a8c7a0a62b8e31ec23270,14fa9b4a8be0acbdeb7b85793fd9f0ec1533e6d7c8a6fb13532f92e6a83b3549,polito.it,-52.0,40.0,295039615.0,13651767,AP-LAIB2B-02,Staff
01d733222c7a672fa1afdfe1653593d213c1f186b60c2d94170c117b6c568493,8198d299bc6e7a9877dc7e643b3afe2e050fd5651a55fabeddf3de18fcd244db,studenti.polito.it,-68.0,20.0,49836321.0,12536747,AP-CIT-DAUIN2-01,Student
5ca3203e7a015096ef34e0188e3d3dd2bc389695dd80cb84b25bc83f36884fc8,a0f7ca7f91a7778ab8b5e1740ed05abfc56d02a585e8ac8f893d49a50c45989a,studenti.polito.it,-53.0,40.0,119289429.0,15964707,AP-GESD2-05,Student
842f3226c599c2202ae9b54cb5ce394d777349249259f630fab4f8d66d4ca793,5ea86c451844e01aeb00a25067cb67e62c92864562efea1908211b341f3cda9b,studenti.polito.it,-50.0,43.0,1140331971.0,24325308,AP-EXREALEMUTUA-R2A-P0,Student
55cb818fa8b9ce3ee01f82aaa048742d06ffc7a5064f4c7cf8cf7c58186aac7e,4d3b1e13807064bdcd237f37bb4f2be593025135b2728537bbf6ed8c8611a7e4,studenti.polito.it,-63.0,32.0,1284972.0,453864,AP-FISLAB3,Student
25ac7180179e8337714fc894679ba9683d3b534ff3330d82791a6ae57ef203b9,ceeedd401a3f3e2cdf956faab945419adc9e5445b898c61affa9043146b9d1b5,studenti.polito.it,-45.0,44.0,127381363.0,8805850,AP-MIXTO-02,Student
eb3f028b99e343b727587f4a9992c2c4a97caacb275903c4545b8c42573fe7ab,61bc1fb36ec01a06d877888065e6e9882642afb1cde22d6b97cab41d84d059f5,studenti.polito.it,-53.0,42.0,39939327.0,6481030,AP-SETTE-LAIB2S,Student
b26ebf936370f77efc8175364ac434a35613fb455b3ed4a94a717fd37bc8e7e0,d98cb0e7ef97c140b3cc22fe769ce35b121e9581b839a7b8101143dd8a98f1a6,studenti.polito.it,-56.0,38.0,77439067.0,18358841,AP-SETTE-LAIB2S,Student
6adfedb736734e127a8ef6f47871419a4e4b92ef0d8668aeaf47b8f98744da30,89b647cfe561a527143367cba020cf9dfc483a900de1955d511d0a0d57400486,studenti.polito.it,-47.0,47.0,31360354.0,4041372,AP-AULA05-03,Student
0e6ff3e465434c3cc7e2f1aa29fd963cf796f06d0f876ef4f266aeaf49d5c46e,0b9a3cd0690cc03050a6f24800a5eda2df58876cc8742f5faa3926b0ab9854c4,studenti.polito.it,-54.0,38.0,122254019.0,7760042,AP-VALE-AULA4V,Student
6ee3b3a6c6d753aba0e76630f6b48e91af524d17e0ef35e6d24cac5a2bf8bfe4,e6925770002a19ebad60b756e9e8c3a0dac8b551699776cd4805ba45f3a7ca13,studenti.polito.it,-69.0,27.0,229945315.0,16564746,AP-AULA03-05,Student
eaecca19f0e47d58ce6e50e1d6af422341310409a3faee0e4cd8c316627de8d2,3619dca6b8568c891f5cc712ecfd3f3c66cc75573144181c1ba503cffa643d30,edu.unito.it,-63.0,30.0,10306994.0,596621,AP-LING-AULA212,External
6948fa258cc66f9707c257da356f9273cacae6bec48b3a5b03e8b079e2f6247a,16000ec6fc6374bf6997dc09590478bbbc26e36a02efdc018ffa8c07ee356c09,studenti.polito.it,-63.0,31.0,104226934.0,11546663,AP-AULA12-01,Student
494dee71d9be363250cedee1a2faab2e4f546e3e225fc13add235f9576721545,dae6f6ecd890c11ef5390416b564e748d0661a7db1e0bd691fb0b3fc6b70cf29,studenti.polito.it,-54.0,40.0,38371208.0,4272823,AP-AULA27-01,Student
866853c6630fbf24d7180c7bf852957bb858d072d7de4ba836a880c48e6953e3,26efc0b056b7e7e55249f8a1c1ff2aa641628d5f78761ce24f2c7118cf98763a,studenti.polito.it,-73.0,23.0,417953.0,262593,AP-CIT-DAUIN3-04,Student
87063afb2b78c03e137b6a456deebf2de4e1160eb3e99bc937c36af0cfafe9eb,eecc65969eca5224fcef1294a990f7bd4094e335e6c709ae68755170c38f25e7,studenti.polito.it,-53.0,54.0,4819942.0,3905385,AP-AULASTUDIOR2-02,Student
42542f7220bb1c014b6e30a02bdde2277b167e5a8324fd195af400b77fc63fda,afa3af7c4e652acb559a585bc26d60ed2f8efe3e2e30c1003997596b8408124e,studenti.polito.it,-60.0,29.0,119543069.0,20950144,AP-AULA03-01,Student
38efdc54959a9edb5d2e5b6e38f794afc028a420a471ab6795cea9c1af13bedf,cca7c2942f4f76bc551e740d50bb1983856e9afaf45010e8193bf670a16c275e,studenti.polito.it,-48.0,46.0,394977954.0,40336001,AP-DICHI-3O-P3-03,Student
1c3786b6b1047e12589c388893e8d3bd6ce2ea2d212e585d62b053421a9008fd,a9a8e760fa74144a319388fbe607f5e47d60ccbfadefb141aab7dbf5949b64f8,studenti.polito.it,-57.0,35.0,81750622.0,21284689,AP-GESD2-02,Student
63d35e50364c3880eefa755660cb010ee35f40b168597880fac707c453f35496,7e41d37190164c2f5b883646449fabdc61dbbf908c995bb57c36b243b1fe5350,studenti.polito.it,-55.0,38.0,22529371.0,2899458,AP-AULA4VM-02,Student
89663df92ae566bbfccefe0cb0dae1d2b4a394d4407e238ae61761b4fccb47a1,6c2f7c12306f6e9c811984c920aa84ef777bae41c2cad09f6079b1e2c6fb9742,studenti.polito.it,-56.0,33.0,30141565.0,3563896,AP-AULA4N-01,Student
a4f7812b703256eff7fcbe518e45dd2b7cf7b35dd37f43fb1c8a8ecd5f36c508,5dd0793ef3b8b5ff4721ffcc5b439b7ced280c4e4ffa1268752cbdb8c4e44a3d,studenti.polito.it,-50.0,44.0,128734785.0,18354679,AP-AULA27-02,Student
34f14c09e382411ac357238786ae05ddd9ddd003e00baafaeba46da7bd53842a,1203e208e393921b0cc70bb3ad38ea54c98779923991b0e598e24d4f02a94b2e,studenti.polito.it,-47.0,47.0,24028318.0,4610473,AP-AULA27-01,Student
6b48c1f3af374872021f43aa4fa2170b1351e822513fff1322685264182742c6,6e4c1112bb5e1841bad70c15c7971e41472ea796d98729b8f9d64a456244941d,studenti.polito.it,-61.0,34.0,180139410.0,82039468,AP-BCI-ST-10,Student
8b560758d60e6cedcb9ae8b756bdf11969cdb0ad719655283468e4204c81d439,002326730d469f1400d47b0a2c2deb16a872e8c66b604dec1013a61056846576,studenti.polito.it,-39.0,30.0,50828672.0,17302752,AP-SALASTUDIO4-01,Student
5018c6755a90214c9406c6f064397acf4e38958e24f8ccbac2c9358c3a10de96,2a8721015bae4b69188012d62dc8c329c6f89a5f3733de3bb8b5e0d3b268dbd6,studenti.polito.it,-55.0,27.0,92313156.0,8892038,AP-COV-C3B-XP03-07,Student
bec68cbbc84738026923a2650b94f211b46213a81ecbf0175744495f1aae5f8a,790d1e4f7e1bd75b7d01e66ae0fbefa9e29989ebb9b9d186c144975c1300592d,studenti.polito.it,-71.0,23.0,42900283.0,3444119,AP-CORTILE-03,Student
65f9419e335cc579fad43721d9c006f52b978dee7d292bfe09d65d5c4e6b0940,511880a0b9336062b62b3a126f2cc2432ee18105444717148c64af0ee0081b26,studenti.polito.it,-67.0,30.0,140938394.0,31156534,AP-BCI-ST-10,Student
ad7d2d7ef17b99bf63b573a4ddb1f84491ed4a3a44b5bed55bf55d9960fa89ab,980d33f68065d3ef06e55bda95944840186fc580e8b719f9d7b5708443c0125a,studenti.polito.it,-52.0,44.0,534656144.0,296046800,AP-AULA3P-02,Student
f9270af8c0dd2af42b8967741b7ce84079cf6608df12409cf38386c1d433508d,afc150195c83d94f5f2fb523f237c69983c3ad7dc453e311e233b0ca55c8832a,studenti.polito.it,-78.0,15.0,25694405.0,1203060,AP-INTE03,Student
01330dbdc782103adba4d99a56c0bd016a6e402d18f2aa041984c631c183aa0f,f473ed35472858a9ad5ab00e487228a46ca5ae8f8436e7008ca93a08e3b44d99,studenti.polito.it,-55.0,39.0,247959682.0,12648417,AP-AULASTUDIO3-2,Student
8fc6b48b9b0709ae363457b661f2d2e3286bc8f55a467254dd008671f57e428a,00b9ab4ddbb7a9c6a158737a853294c3eea3fb9a4e5a5fd8df11831d264f27bc,studenti.polito.it,-69.0,25.0,182638452.0,6264428,AP-LING-AULA201,Student
780cea566633aa4cf18b4bb51d5ee234894c98ed01b89b6a514ca642541ad298,9b371dbcc2717c36e810a525a77792be7694eb203addc69106505fd3820c15fa,studenti.polito.it,-44.0,34.0,6049447.0,4126693,AP-CIT-LABINF-01,Student
3241691460feb2c3f5e40411534ada4f2e14bc8182e2599fad441afac3f69eb4,059e61c8ccdd001135c53fb306b19446e601c042ad8d28904e20704694840b42,studenti.polito.it,-56.0,37.0,474756951.0,58089463,AP-DICHI-3O-P3-03,Student
b70fe714c2331128e970c83317d0967e84de47718a65ee8298e1d812475ff4fd,e7a1c76ef86cef4ad2d7451fd556d2093b7badae9cbff46e8b56b7f8446f1815,studenti.polito.it,-68.0,24.0,14801669.0,1351186,AP-A1-DISAT,Student
5d8dba10f16b74bd8a34b5ee475701c57c0021e54481e1f880192a2ba07412a4,942b7a9f1f6b0bbc609d6311509adb2e1001d4ce4ad7adcbf2298142b0114f60,studenti.polito.it,-84.0,11.0,14162113.0,3274205,AP-EXPO-107,Student
fba2fd41303bf0da36e5f8c922daa2ae8311685be2171f231e19e4f7ebc0ee55,52b39836f238709c4395a0c48d44f7f536c6f9cdb212b7918090290baf4d0444,studenti.polito.it,-69.0,28.0,274505459.0,48566150,AP-DISTR02,Student
a30164993b9574cca649dd7956ccbb375d5fb514302c159cf68b18da6950741c,7eeced3490e9aeff408b924b4d6075100b05c1bb1113e816a8a80846fda24f62,studenti.polito.it,-54.0,42.0,34483119.0,1754931,AP-AULA27B-04,Student
21e66c24cb7c2d22c5f248e6ae9a3c99dc5efa984ea872cf818a7a8b8960e77a,fd816269aea4b13a1cc0df15d18f2f04e391cf4b0d6d8d644620818b7d14dcad,studenti.polito.it,-62.0,21.0,34934830.0,6593366,AP-AULAR4-01,Student
c9c56841517143e81bd2f40ed0c806fc8539cf0332eb7925f1c75f3280c6d68d,5d9401605cf93160047308c3e5d94d4fed462bbfcca392a3b0e58545bd3faba4,studenti.polito.it,-80.0,13.0,170947942.0,148915163,AP-DISTR01,Student
454e7d3857545ad97493af24309d30820bb230173c2f0692c354b6bdb75a3789,b26d024f58045387908a353c72b5b0020705211437d80952f1a6dab4ab1ffe63,studenti.polito.it,-49.0,44.0,333425920.0,873494273,AP-LING-AULA301-2,Student
5317db436ab250794f5f60e6f03e22b9a92f69bb6c2dcc73ca7ece43e226d4e6,b842ecc5ee18f543c61d31831cb3b01b87f5ed6724a525a6f52b14c12d3dac6d,polito.it,-71.0,25.0,230660240.0,335258784,AP-DISPEA08,Staff
4913a4bf0e12a3669a0bf669fa8de64693446f078a5129c6c1e376eed355acf2,f6aa46109bf1271fae8af01b878649fc28bacafe8d93f04aa8cb605e1415e170,studenti.polito.it,-56.0,36.0,139993462.0,10521753,AP-INGCINEMA-03,Student
3a82700c0eb4659efe81819cfbc189f56a6e3cfa757ae20ed054ab761b4d0fc7,c1e2fbd622524531fc88ddd63ec2acaeaf8b9f4f396c6f878560e1812fd52f17,studenti.polito.it,-60.0,37.0,22681577.0,2197849,AP-BCI-ST-10,Student
0a7c719299e2d2b1f4035b3594c61cb9d8b1174690cdf5637cc352af6ff68eb0,69cb1a29972ddc47666d9aa42fbd7d79ce1550b96d9c60565252a8775ed906e4,polito.it,-63.0,31.0,627759866.0,31311190,AP-DIMAT01,Staff
2e012c80c35e919a3915e05169dc9cd1c567c8a53b8770753c1b2f5e2dec86e5,c1f3fd80f3f644ea3b7a91e9c435fe0dff936ea2a3c9d12a08511d330bb1afbd,studenti.polito.it,-64.0,26.0,307484986.0,11901684,AP-VALE-BCA-04,Student
59e323ea1c17a75c3d6957e081379588bbe593f45b6b7f460d0ddbfa51df642c,,,,17.0,0.0,0,AP-CIT-DAUIN2-02,Unknown
bc5855b4cb09856fa06cfe16117ea6752c2543a5ece844f26198262f0966b993,4d09126e7ef9ee7097fb5843e9bab4439cb062d5773f94cd59d3bada400d263d,student.dtu.dk,-60.0,33.0,359802476.0,50291300,AP-MIXTO-01,External
bbff1d669a23c509bf3540b17b884615c5678da95a1996f63659cdbb4100dbea,c3594981a7795a9a0cbd94d590e9a07339c96f37a8cb50b4551c29dbc3178b4d,studenti.polito.it,-52.0,37.0,1579842153.0,861572687,AP-AULASTUDIO3-3,Student
0538c953920ba316d7709a59713378d94daee06bbcc525ad089e0672137fccc9,a1102f555f9e7e5f427231b5c9d969d23cc29364ffc93f0e52bac7de33e462aa,studenti.polito.it,-65.0,29.0,710647019.0,517122811,AP-LING-AULA304,Student
4d69c53373f23fa0bc07a0c88bc085f517703c08efa5ba2c1c0912a1dfae3e4d,411176dd85b0f8c174323c64f3b7df513251fc5bbe4a82023645c49775cc9360,studenti.polito.it,-78.0,25.0,13973.0,2108,AP-DITAG01,Student
ed4b2bbf1de262dadc8fd34223b4aafa86bb4317180cebab35ff668e0fbc2c4a,8aa12a1185bed086f987620a01d40e26c131d0fd0256dc00587de916ea463806,studenti.polito.it,-53.0,41.0,451918370.0,34378569,AP-AULA4C-01,Student
ac4e3d05eabbeb675d4a77ac873ce7cf0ac8590105fd597d71ceee8d0414c48d,556a75b1f1e15fff06f8d926e45e479e6806fdc1fce67ad953c905019ee1ad85,studenti.polito.it,-49.0,45.0,3090662758.0,36766135,AP-SETTE-LAIB2S,Student
6a4c30b44c8f092cdcec3a1ee0b086318ba3cfdb447c3faf4f8ad204ebc9e099,8195d19955c13262e02e7005bd8fd0468ff8e1f07ccc31adcbf2e54ea4f13871,studenti.polito.it,-52.0,41.0,61513178.0,38442274,AP-EXREALEMUTUA-R2A-P0,Student
1a50ace11222c8387da19de81d8c97e04012800795cf657cc38192866d36eec6,3eb577770e5da4e7552def0315bb28eb63ed4c3215f115999350dad771401c61,studenti.polito.it,-42.0,50.0,176894839.0,4586398,AP-INGCINEMA-03,Student
edd38400d3ce80a51e1bf87da513c6c18db630c1b4c926bc55ee6dd9f63f6e86,56d65613836d268b426c12b7fc9de904085d7ce6122ce615e4a9f65035af561e,studenti.polito.it,-58.0,34.0,2386121688.0,16122097,AP-AULA4C-01,Student
25d1c90103e312329c3ee5de5fec091da4e24585fbcbb7112e4a577c9580a438,f204c8ad9de0389ee466ebf0b335e1a4f3adbfcbdab1f7ae971df6a346557932,studenti.polito.it,-51.0,40.0,33498068.0,8287841,AP-VALE-BCA-ST-01,Student
8182c69532f5bebbcb3764b7618a9d34d8fe8ae52a4d1196f8624fdd29273ce1,e7ebdb5667780769197d02184ce07acde1023a75692a3fb19428867be41e6c21,studenti.polito.it,-53.0,43.0,13162763.0,1197427,AP-BCI-ST-10,Student
714d28d392cb60df80aa08fc12beb84bd461e549fff76e636f18be8aaa44f3e6,3cd38034861639248c6723c48a15c4f042f2fee432420bfb54f55909fa50b32c,studenti.polito.it,-56.0,36.0,3576624.0,2507923,AP-INGCINEMA-02,Student
676d51ba79e9562061649ca68de4d597db4ef9a459f266725d6679a7e46eef8a,64c4cce74612e6f065147eaba68b035ed108d4b7fd8c505156393a7422cdcf26,polito.it,-49.0,45.0,4763083504.0,91150806,AP-SETTE-AULA14AM,Staff
5b4f5ced6c1f9a174d0dfa95d14cef92b82acfa566801ac7dbb1212902ea6dfd,ece933a21c590176f66646d3d1a42e5b7e3a52f96cbef7602340cb9aec1e9382,studenti.polito.it,-77.0,19.0,40474810.0,11650460,AP-DIFIS04,Student
6af762cd572591d4073899740bd00278e131e22521b796f219d6a67538358395,f3ca6d9c5bf752b69679f76aabf59bd596fe03eb61976c61bf6bce9ae6d8740a,studenti.polito.it,-53.0,37.0,29542400.0,5669016,AP-AULASTUDIO3-3,Student
693e6c1650cc01fc726cc8a1ff6b2680ae6431f67aed7e79d061cb615d2c76cd,3fe55b9a1953f2fb013fda945ebcdd6447522b25fdb11ea8110117e071b39925,polito.it,-56.0,37.0,0.0,0,AP-AULA1T-02,Staff
0405d43058399b979b2b90955162cee57ddb184be87f0b1c0a3375c6fdb84710,54790ee2cc365067ea7d148a0f434a7581ba3dedb650e822f0938979cf4a2de3,studenti.polito.it,-65.0,29.0,27420476.0,8822300,AP-SETTE-AULA13AM,Student
385f8a0c57f4d74a77e6cecd2864307caadf572e0661b4fa77b8ce058d43dd7b,2d03d9999a1cf1257b07cf3c3e1eb80a03d66f99702f903c178fe3fa7842c4c8,studenti.polito.it,-55.0,37.0,447896476.0,27489181,AP-SALASTUDIO4-02,Student
cd976b3a75d60ef6cb77f6bcc8941eb5a3673bffe3359122a91a5d0983c7fde1,bef9e1de71fa3ebdd16ac2535474ab62c3039d0f5473f1feceb7e0e9f2df0daa,polito.it,-66.0,33.0,0.0,5164682,AP-VALE-LOGI-1,Staff
41880144c6c91ae40d17a62574d0e2eec9bf67561d6013450dd0ec7778eb340b,a04bbf451b7f7511a0522ac9498d9a715115be7cd62df7774808f0c6f58a5f7b,studenti.polito.it,-48.0,29.0,263715447.0,38006294,AP-CIT-LABINF-01,Student
05420367a68fe7088254730c1e2f17e8507c1d407fb82e126bc94fea8fef53a5,15b5724b696600bf7bbf54698da38a639dc38328b88e88b2aba332d81211d2bf,polito.it,-54.0,39.0,66345.0,21261,AP-AULA15A-01,Staff
8bacc16e450be1c8cc1bae6ba8d2b048e321caf5618ba3beec8090f25d13a892,27aabe3ec93abdae9cf5a31757327724fadb4a32d1b341b7b09bd6c71213087f,studenti.polito.it,-74.0,21.0,7747638.0,3057245,AP-AULA10,Student
9d9856c27fda51a46076e49c109f45662cd661239a796e41fb1b75b81c25f223,e9a0529dab30ed634ff6f31590e4abc747eb09d5e05a344bcee3b182ff32c993,polito.it,-71.0,24.0,661317670.0,89340359,AP-RETTORATO-RETTORE,Staff
6318790b8b3a8beb224ce21d41775a1cd3f850407254f69809f5a3368ac5f79f,cd9ea49f2959e9ec28017a7ece488d3092545a71e6ab1c974bab3c23fe47e596,studenti.polito.it,-41.0,47.0,10988113.0,4589970,AP-AULA9B-02,Student
a5de559ab53a088af10bc0d4d8198a4e2603db7f3c0c644f15238e42826617d2,158b2fa335d83934ceebddf4f1283d2ddbc9590551e5a5c15bff3b0eee896bb6,studenti.polito.it,-45.0,47.0,1968917554.0,167034646,AP-AULASTUDIO3-3,Student
f03c2e3f2ca1ea1b781b8a0701801f96fe7df6ff9ee5ea59be6f9af27232ef2a,2202cf3bd381094b7773e1c512721ca3ef4b7010f3afb7f423a22cc374bad0a6,studenti.polito.it,-48.0,36.0,3916740.0,882367,AP-SETTE-LAIB2S,Student
1a6611153cdfb8141c58be47f7d275aa9d43931a0b625bfda1a5b2b2a7227c8d,19eda31041782015d63d7ec0cec5bac3fd1d0b63a479b4ff053f6ce1c53b0df3,studenti.polito.it,-57.0,33.0,43134238.0,189528799,AP-AULA9T-02,Student
32bf6a24cb3c54113889169800bc751b03ce412ed96865843a292c6ce1822e6b,aec3f3134a519ab4fea61ba839211d90c4cd0012ddae260e2ace1c8a0f200f3c,studenti.polito.it,-30.0,61.0,152015947.0,6670989,AP-BOGGIO-SALASTUDIO-0,Student
00f6e21dacda73cb62a1cb2653708eb2fce9e166f4b84ff9d329d2dc4d21147e,7cb551d9abd04c5763627f3d154cf36681fafcfd8defbfb2034827f2c48712df,studenti.polito.it,-54.0,40.0,2907436.0,1670139,AP-AULA2-02,Student
e30ef6631d556a58e24ad1943a0f0271849b5cd77e5654974069e10f9571e306,880011f6962ab997939ef5b0c2ecddf6602349feb5f2bf77a0d41f157f21d507,studenti.polito.it,-59.0,31.0,221722.0,103007,AP-INGCINEMA-03,Student
fd557882bcefb4354fb051eb2ca8bd748ce0e8ddcf2d9501f5d9fc9b986a7df8,411176dd85b0f8c174323c64f3b7df513251fc5bbe4a82023645c49775cc9360,studenti.polito.it,-60.0,31.0,1296094.0,191475,AP-AULA10,Student
44a2b1e6c2502d0f800cd9e676c83efee5b7f33604ee54273b608f47deb6c7bf,27156b45632872ffb783d04009736b9067e0ecd384448c282235b4af5b2be186,studenti.polito.it,-56.0,37.0,44647248.0,10178270,AP-GESD2-04,Student
35908f4ef27ab34dea5e2516f5153e0456eaf6428322febdd549e4469a4f27c2,40b5197545ccc4921ca28d5ab800fb36634707d4194b646f74185902b4e95004,studenti.polito.it,-61.0,31.0,2058696246.0,33625319,AP-AULA4I-02,Student
7340370d5a9006cef419219326be78a6da306fd2ae54d48faddc857ff8c7475b,f6b4d386b4cb70b78459bf5a54bcd4bb93aa078b2678419d86767127f7b68a79,studenti.polito.it,-87.0,3.0,930588459.0,4767837,AP-DENERCT02,Student
86721ef5a6c5003eb5c9d6141ccf3307fc90aa1197386253e76a898c690d694d,ca095801ae9d2010557fbe8e68aea44e81f25acbab32a929f3d4653493e943c0,studenti.polito.it,-62.0,32.0,248443463.0,36446083,AP-AULA6-01,Student
1124a1397087b258b25443a3823b7710d921f0f4dfaee7ad3235959bc20303a4,6fcceb2f8d9134a706b1c266b58c1fe81631fe562225b049a89d4f34a190ab22,polito.it,-59.0,33.0,216586058.0,21696354,AP-SETTE-AULA07AM,Staff
5a1ced53d196b1842a77f23bd7c2b504aab32a7734eb6b8bd091107c51464653,5afd3a02b6af65a26529b6a7208efd5c587d893b83ff4a6bbb3939770c4a487f,studenti.polito.it,-46.0,47.0,39090382.0,7047349,AP-CORRIDOIOAULER-09,Student
90756254568e4292407a1f9ec665f11a64552f1fdf92fff6201de920061d5ec7,f1916bde0601fb46d0ea07c3eadee5bb03ecb78c03166823d8021b8ebf1f2744,studenti.polito.it,-84.0,9.0,63321538.0,4597976,AP-VALE-AULAMULT-2,Student
e04c8d3ad964005d08eb40482dafa0848070b9469de2261bc4b1f8c64a8b2201,,,,27.0,9471.0,431,AP-DIMAT09,Unknown
49aa00954fad561507cde1e224a25b2832c4f3b16a94612bbb258e1dca487a37,03d802241121c6b96d735e58e6845a82b7d36f4fd3bea1b8c52f6c22a8e81b0f,studenti.polito.it,-85.0,5.0,469911915.0,9274721,AP-CORRIDOIOAULER-02,Student
f4dc7176fea70086954b3ca80d2837884578035873fb97b209cc2ed57cf60717,74cad99917e26fb8b1c26fc0a7eb358d5a1c5f5b46871c6f7ed67e48f57156a3,studenti.polito.it,-81.0,6.0,57151.0,24992,AP-CIT-LABINF-01,Student
30214766f9ae680ef377a4916ef37519bfc4bff5113ccfaa58a2640e5d636b71,6ce53006d45bcd6f1bbade65d48015d45564a9aace4db7d907694a0b025fc111,studenti.polito.it,-60.0,35.0,14303379.0,2184673,AP-CIT-EXCELID,Student
eb25cdd6eb1cb365312883a3e9af8e3ab4a826b3765cc87debc8f91471ea67c1,f25bc42abb25020d0f4bc7a7c0b57eb7c44dc2b3b637d03cbb299c5d8c47c56c,polito.it,-56.0,34.0,53111859.0,2337192,AP-DISMIC25,Staff
9588f65c4e9d3c20191b24ead512b1f3925ff3111cf23abc0cbc2570e023ffb3,d9bea6a9c4cd42b79e0c81a3e7c5841b41574519bdbd729ec097f25a4c181777,studenti.polito.it,-54.0,39.0,4534442.0,57965930,AP-AULA3I-02,Student
ce2b88094042881dd53ece338b9116b39bcdaf2d51b553188a5d8b35871640f8,43f15cd3c7a3eaec3a2024031259452f0c4fb7e15404adc0202cfa97a4c71471,edu.unito.it,-54.0,40.0,264820111.0,9273460,AP-SPECIAL-NEEDS-02,External
1804eb67917b910cddd759d654640aa4d6cdbbd9a1e53e28ab35d218f0264b4c,849d9cec75c411b654eb2d17c32c917e11cec41fd79180d5d2fe8ca4bf049369,studenti.polito.it,-60.0,33.0,11612750.0,741262,AP-AULA1M-01,Student
ab0fe97401574e9be95d352dc4a06ec7c7b394c2e52983ad59b5a9b8df56e489,52a251f8a68eb546b119d009955c594200e98c8b8b08efe4287d872a7ef207a2,studenti.polito.it,-53.0,42.0,141716773.0,16152029,AP-BCI-TZ-03,Student
687d24231854e431bed771fdea45f3ebd70928c91c4bb169a32a5adcee49b409,1f101861c1665c2ea3a9117327eefc4b7d4346648c8d6ebaf0ea899a8e64f0b3,studenti.polito.it,-45.0,44.0,14554761.0,2221827,AP-LAIB1B,Student
a6a6b2159e89baa937eca9da3a38b4b3d78790707acc56ccb7140dba5a2bb41d,09560464b43b6ddaff1386be0b31fc3dc5ef43dfef9eb740d207f93ba5c91773,studenti.polito.it,-50.0,43.0,102004604.0,5767062,AP-AULA4N-03,Student
b66916c6e4d349f999cd97a7efc4bae730dc1f07cb2809be10a8c1e014408a94,36c5d35520fb87e16fa8438539d39537426822a3b8678e56d077bc2761c7b71e,studenti.polito.it,-81.0,10.0,1540888.0,273214,AP-GESD1-03,Student
01185cc8270b6487e1cfa3b1d8e71740ec54de9eb7fc69f8fd7b7e8358090b1b,b5f4dbc75f391ea4d436f421ec0c1f936ec9169a41187216129fa633c5adf0dc,studenti.polito.it,-74.0,21.0,2646094.0,3705768,AP-DENER03,Student
06f88a450e96bcbbe778e43cefa7107f9e2af6d2ae534d5508825532057a4155,f2895daeec40dd7d16dbe3de85b18f7393c9cd1c9c7a527ce2db5b452ce9d883,studenti.polito.it,-43.0,45.0,3504457.0,40202106,AP-AULA1S-03,Student
4fb329b3ba3733823e11867598976d75dc2f97f3164f1b545d55d8d60a5339bd,c9c62901a2252fa6919f34474aa7ba4646dfd201eae06b4d19b4066a4556da3d,studenti.polito.it,-48.0,45.0,49720654.0,1479312,AP-AULA12A-01,Student
61b1d96041561fe8173577cc4eed08a9e031f81bc877adcb970c3770d1344528,a18b1bf27a038f40361f381111d5d7653c82b28aaa8245ef244a31d4b6251dd2,studenti.polito.it,-56.0,39.0,105612270.0,4428357,AP-BCI-05,Student
4f9b0a69232550494a07271d77159a8149bae0951d3784ff53784677fae21fe8,aa7ee7b7736f31cd9737eb2cfe3c7d86d4adfc1ce105814debdd0d22a4e29ee3,polito.it,-64.0,35.0,13529889.0,4541397,AP-AULA3P-01,Staff
c4daf12e07eb85a623987f7cb329277f2405e6eb45ee2bb62735ade10fc6c8a9,,,,51.0,0.0,0,AP-SETTE-AULA11AM-2,Unknown
2a66b935f706e252f92187c4fe8394e6f5dfe290ae5ec7ec863e2076b2720e2b,eb747a47e93b70552fa3ded9f3a71c9128a322d62b92c1c2d81218c651d62a8d,polito.it,-68.0,27.0,47780304.0,317477584,AP-DITIC07,Staff
769a85940f8845b632ce3d0ac491b33ead0f95a342c598e7f20c4191f84ff55e,a7436529f7cca1a69c2065a9bc9405fc1b98a96f25dec5225abff40f237f68dc,studenti.polito.it,-59.0,33.0,231543.0,85151,AP-LAIB5,Student
63f325fc27f8f273a1a759d61deb4433e6cf621dd523af52b83d702bbcf0f070,0474bc45fa33c8b684bc87d44b104a29faea1c06e44ba925ecaa6f8a49995905,studenti.polito.it,-73.0,20.0,194831.0,147764,AP-AULA6VM-01,Student
6b9ea04819c849cb29f907e6a995df963462ff3ecee64d3b5d9fe9f357b7455c,089ddf8e303d8bd5b1be6edbab52859b01174b8353c955194bc1024c291ef47e,studenti.polito.it,-62.0,32.0,194196.0,101959,AP-AULAR3-01,Student
335ebd1d983ad4057f465425d2de7440a3b3fce81bea4fa798aaf8d12dbcbc30,87ed7ddba1da5318d8cde63c2efb5114a0a3d4e18b173193530a45d0d014e7cc,polito.it,-74.0,16.0,123660466.0,7684355,AP-AMM-1N-XP01-03,Staff
a044ff53b3aaee47f6e38ac58ac5a5c8057585c8ecb898654161ba383cb4bacd,540b8513f0bb678b522d45819a5f5d112218a084e74a0b614c1fdcd9fc0f526b,polito.it,-62.0,31.0,666347.0,957708,AP-DAUIN04,Staff
59ca35f4642be94897ca194f220cee7107ca1666f9481c0b2ad28480fa3da646,f236cb9fc61b5d37a9e71692b59b17da669a09465558e5beb1fc7de6e7a3ceb1,studenti.polito.it,-69.0,20.0,260854502.0,18603512,AP-CORTILE-05,Student
002060c7bbff7ba81eaf4a3e58bfc3615b869f6d8d7d2011a8c8027929015929,b68ace7261c3a772632a3f3ea65216dcfd29ae4ccbf98f455be200daadd1deec,studenti.polito.it,-83.0,9.0,1262991.0,643509,AP-DITIC03,Student
267f3a246c2858e0ab588f7ca67c663d0358e4212d9fa78f62ba6f87c2e5d93d,27cbfd5719b7fba9ca1b0213a3e9e8459819487a301a4a0433390f390d8818be,polito.guest,-48.0,46.0,215491628.0,3936075,AP-ENERGY-AU04,Guest
3d33677894c0c392ef53ac595deb4b573c6c7876e9be189b4139c80283884f37,e03cc431dc2d695f2fcc6871f013475edd6cd494882d85a15a7ede5cb9e8f9b3,studenti.polito.it,-59.0,31.0,78286489.0,40521274,AP-AULA11S-01,Student
8e5d48a0a6655eccc96e7bd72d29f1c6f649833fb44d5461fd1d9ed27875869f,73360806b3afd1474d0ed83693f527446c043a9fdbdd208c34469488c234eda5,studenti.polito.it,-56.0,40.0,90730994.0,8150720,AP-AULA03-03,Student
4dbfa54d6ac4dd58add3b89d62e6686d970db4040f956df9db8f0e8412e88161,09566a949166c867ce25a304a73952ca5d9b29acddaf83b275a11bf8b5e58c0b,studenti.polito.it,-56.0,36.0,50968201.0,3868013,AP-CORTILE-02,Student
177909ad224de620d9f9d9f3be0ebe69f6ba2a6cdfb7dbb58d2bb80883cc8c9d,787560a28de99a0336010fa375d27da1118b37a316fa7211960d1d5615e1aaaf,studenti.polito.it,-52.0,43.0,28621443.0,3918577,AP-AULA01-03,Student
9f3d2ff368a4a17f3d92c03d5bc79863169ab1c727251426493a4b0bdab2cd57,bde291cd68fade689d39c5d1183206464883ebe9de86d27de4dafbc7aa00e945,studenti.polito.it,-54.0,40.0,103566480.0,6603289,AP-AULA12-03,Student
6f982a6ef477baf02c2dac31ac44428af06f74242327ba69e29b74cdd16a807d,4a6c98365b0dbfc2ee8181e460051a4f2c219d44890d68809d8f4ba60f9ee96e,studenti.polito.it,-38.0,55.0,9583478.0,3446860,AP-AULA12-02,Student
2574ed1c7b053ab96b32e1c9422af0bae4e415042a14678616a7a9adbae49438,44057692a0bf98d2e4cc5901922714c3d5e1f5989c062b943a11e1d6038aaa50,studenti.polito.it,-83.0,10.0,20115478.0,8082056,AP-CIT-DET4-04,Student
87bc74ca215f820e5d75d50e744710127d8a8f06170c2d24700b3bad5cbf0809,932a31a612787a5655dad5e4e4acabf236ecba18716309074646089b8a93125b,studenti.polito.it,-49.0,45.0,10813199.0,685952714,AP-BCI-ST-08,Student
5d223b0b2c1af18e0f555d907dce9d0b5a2583133de252c8514d72587902ac6d,98d2febc8257b96c224009b927915834d0b390fccd47cdf7f51036b705a742a7,studenti.polito.it,-41.0,48.0,178705959.0,13670764,AP-AULASTUDIOR2-02,Student
a897daf8481dc259fe7f3ed823da08af62a9de7ac83591ed0997b653a915378c,57aa87828e60a16606e648e02c782aa26b74e46ebd67186055d4134f3fc46384,inrim.it,-82.0,4.0,1475445.0,490376,AP-AULA6VM-01,External
7cd679093923317189163ac1fc72b2a9a82e66224be1819bb7205b751c5629a5,53a8c6aa2e072f3a3497440bec79dd142656fc008e97df91226f84eb8a8dfac5,studenti.polito.it,-37.0,57.0,17475634.0,100700672,AP-AULAR1-03,Student
a42a35dbf2f1f055c46c3356283f1e1f0d338b7dbf32430f23364e3e8834c1dc,2aa0f67a4e2b383a054cc0b3353e52923eda2f87cc6b9a956e2960bdb6e43f46,uma.es,-57.0,34.0,48368243.0,2677898,AP-AULA5I-02,External
3bf668d64a8696231a5788afc07f75077e2b4f469c70b6f0e553b0b4dd610a1b,cd3e9708dcbf1f37bfbdcc055db22411751390e1c780fef097a395b6c833dfed,polito.it,-81.0,13.0,360696026.0,10935328,AP-CIT-DET4-04,Staff
e55ca5a39e946586cfba030f97813b919bb5bf183ecef8c7418afccd8cb82f3c,b9050518ab77e44bbeae089fc2e83db5c896648566406662d424c461ce4d37c6,studenti.polito.it,-56.0,36.0,3017651.0,1347927,AP-AULA4N-03,Student
df7d1a57dfb6e44627bf62c6acc7097232b177c0e32e241383fa73971c9cc351,190926457a912d70722c50fe7ad28ebb99fce51bcaec44c8313278f88de2d30a,polito.it,-64.0,28.0,11271736978.0,325631465,AP-LAIB5,Staff
2434e780fc122cb376aa27f49da8d1d9d1f3c431059994eebe9a91fb9ac17ea0,8f6eddc14286e102dcd000bd304813ef288b431692a942cd6ab3eb87630e4f10,studenti.polito.it,-81.0,8.0,1761346.0,517411,AP-DENERCT02,Student
75bf5d2621fe486f87c22a492e92b334183779b9be9d82cd18e52c270a0f4b9a,65a40dcc03d497aeec36dff2583d4165909198387222c0ea628cd060809dc5d7,studenti.polito.it,-54.0,40.0,6346267.0,539147,AP-VALE-BCA-ST-02,Student
0a191256311fb95bbf1988ff4652c4eda068784a5c30cbb79730ad8741376aba,251a2a92927c6dcfcf530ffeef5f3d93f2d80ad4fd4e4c3cebf5fc705c7f5430,studenti.polito.it,-49.0,42.0,81204414.0,20598955,AP-VALE-BCA-02,Student
924294954d5c347c9e20f1fcb97ae0a2761ca117e22885e05e7ee3db0fa3e4b5,fe34b83ccb1f04c8f22fc1a1f1ed3375b7a6e52870ea2a86b00a2b8deef79e13,studenti.polito.it,-45.0,45.0,41740783.0,1826707,AP-INGCINEMA-03,Student
d60dabaf7b465a6340411d5ec80c8115bde4cb9cc1d7719dda5ac7e1d4ef863b,715d9150b1ac6de3a45c50f225b350e6b16171a880291c0a5605fe8d99e7de01,studenti.polito.it,-63.0,28.0,107065330.0,8670521,AP-AULA12I-02,Student
8601098746f827359bc21ce73cccaa797a6f7c83837d9d03eeef4c5e92e77b44,4c3ee8a905036372078325dd2f86dc012f72bd474a13ce04360bfc54c629c94d,studenti.polito.it,-92.0,3.0,195125401.0,7225137,AP-DISMIC18,Student
c0f1b8f7e5f5ee14cc0d017e417554592c61e94958a5919641fe5732150bf464,4f4d997dbcde7c2bde2f9592ff12f1cd1ca4cc407b4b45bf65aecac48d6fd495,studenti.polito.it,-63.0,31.0,122759260.0,3062048,AP-AULA2M-02,Student
c25ff3f0c47c1189b79a65ffcaf7ef742eea66b734c1b8ba055c477dbdb958bd,832cd574e6dd3289bb41eb34516dbd4e0079ec3239962737ffd1b98ddd757bc7,studenti.polito.it,-45.0,44.0,50236.0,71509,AP-MIXTO-02,Student
fd158a19100c7470aad64ea1578f6bc063b96b3c6ac5e599ebc4004712a4fb37,e2a512010d373c53791efbd47adb7206764961308719499b4c3b3968b4336520,grenoble-inp.fr,-72.0,20.0,119273.0,91026,AP-CIT-DET2-01,External
718a422e2a0022651efa4289b98a3999773b7036fbd9cc68b95d732253c8623f,e96440267ee38c0acbb6c996730dc04d4c4e36ec1b3fd0a117a548a927c6f388,studenti.polito.it,-61.0,32.0,47917436.0,2722316,AP-AULA12-01,Student
7814e3a26207b4484022c02838cb96922fe4dc814f632eb7a49e661efbeaf989,26e0deb0f5b9c5f4e151e05d85b794c12eefb2e44550310989a6da39aa39b744,studenti.polito.it,-62.0,24.0,518313107.0,21330867,AP-DELEN01,Student
e9583230a3d3fd5dbcc12d72e98d5be074728a1e39d4925cfce99154aeb65d11,b019269a267e599a8ab2cbddbbbf4307ec229f9c9780cb7ecba5458ad68e4b89,studenti.polito.it,-52.0,40.0,6311438.0,1455942,AP-AULA2N-02,Student
43e4aaa4787a8d7a99d605a3d599febfcf723feb2932ff5b7e1d205d78621def,6dc889f2fc3fe6fdc2855360de1129792f6bf3f43004d947be71c8edfa9498de,studenti.polito.it,-52.0,41.0,644199051.0,36083875,AP-VALE-BCA-ST-01,Student
f6120ecec50f9c18d266d55ac5257757899e765777b42b88e2f3841bf48b5978,34041ee85020483d8bc1159ed76db26d90038e16920cf1b1268b999b395a6632,studenti.polito.it,-57.0,35.0,525989492.0,14633092,AP-GESD2-03,Student
40e2020fa606fad94265e238229bf42043a269aa6addd171ce3706dfc99d3a45,439b4f362dfe185f04f443588d46e7aabcdc7f4dec0844364a369fcbfc005743,studenti.polito.it,-66.0,25.0,972283.0,116032,AP-MIXTO-04,Student
52e3774888c5e494f3c4f449611447575ae47eff33219ecdecf5b55de5c15a10,41207b23ab976e182de98b1da7e8476b03fb1323b57609cbea3656c0069f3f4b,studenti.polito.it,-50.0,42.0,41186238.0,2311398,AP-AULA25-TM-01,Student
e215a752c00585abed6f9127979cc443b70c1f42fb01acba43d18c4797c3fc8e,66037d9376eda98b5835afcbbc55fa06d07987137443f6ec7ad30d8180d065f0,polito.it,-66.0,28.0,276981997.0,9868208,AP-DISPEA06,Staff
5617215c47073577bb8daac5532d9b460d35b84e4420e0d3537c606749b1c3ef,a2d5361a09c91d1f06f35ea7749db26056e94e316b6de137b574c82b64dd68a5,studenti.polito.it,-66.0,26.0,7081580.0,1989965,AP-CIT-DAUIN3-08,Student
c94b680bb0cb2d95151f881251d234eac0a213232df4c4ea5c834ea4250c1f8a,1c183225968df99b0e5e4c2ea4552f5b40f0e14002d5215f2fc903cb237f60b7,studenti.polito.it,-66.0,23.0,39795548.0,2391842,AP-CIT-DAUIN2-02,Student
9e15a1741b2fe4d4b2fc585fd41a9d60d9b48a63399127915a8cb2455c1d938a,352067430faedc9282a0cc16ef9d175ddbc16cfaab2cdc1dd1795c6672ea3a8c,studenti.polito.it,-48.0,46.0,6818691.0,22821029,AP-AULA12-02,Student
58d702730cb0fa0589dc07585783901ddb64986b4c09bc52ce27497e5700faf0,00977d222c9a6bc66ae14c43c1b244958424b5ba98dbab52e73dbc3f38e61531,studenti.polito.it,-84.0,4.0,261068352.0,61835767,AP-GESD1-03,Student
fe9b83a3496c014aec756e1a70220f53f2c66f1b10b32ac3c394d24d3de192f7,8f41358b9b7e48a4478967c039771074cb88c2b60f51b3a5376e162f66faf30f,studenti.polito.it,-52.0,38.0,1680452.0,7818503,AP-VALE-MOLLINO-01,Student
032c662c06d447c62993c6be03571b4fe516c555df832b90f317d4c118c42ac4,2f42eead390e0ca77f4f54c92c5f7961a5cde7c4d729132274dc60067003507d,studenti.polito.it,-53.0,39.0,24873087.0,875170,AP-EXREALEMUTUA-R2A-P0,Student
e20c968dfcca9e74ddf0ea78c11caeafc423efb5c5642f3dbbd6910b095667fc,1fb3b9172a2297fc0652e359cac54174b11312eb2be5c81a5f2cbd3757fdfe8b,studenti.polito.it,-58.0,34.0,45499550.0,2251428,AP-AULA4I-02,Student
7b5fe3290d18f51072c22f8f3d5396d32aed8d241ecc3996ba74dcc8ba66a44b,307beb585f7b680707e7f00fc7af642cda3c2af6c50bd392ff8e7816ea66cb98,studenti.polito.it,-48.0,43.0,49502.0,30966,AP-AULA13S-01,Student
eb53ea5f72cc7d87a10847536e17295e8873283f902ea77ebba6acc9c0c0009f,b1ab33772e8f4c144342e011f373dbdb7f887d5686848b779c28b6f8b9cc8f1f,studenti.polito.it,-43.0,50.0,73812781.0,4374174,AP-VALE-BCA-ST-01,Student
4345168787e5398e9c69102e514befb887181c2647d005a15ed6504d59438859,023e93ab919b6c6420d6792e35f3124e09e5b319f4e79e435b90d3158a786f90,studenti.polito.it,-62.0,20.0,24395338.0,2475459,AP-CIT-DET2-01,Student
88eff73da7034574259d3e8e7379f82c0a80c6485cfd68c2ab18b11642b2f4f7,0053bd072d71239c1c914c37b43e630f96efdc63f6f1eea49c13afa5bf68441f,studenti.polito.it,-66.0,25.0,7406310.0,1571308,AP-AULA12-02,Student
f68c43b1ffb326e0e91fd808d04dcf628feec730e223aa3b13884474373a4eca,c98c65c3640a1da2542208bfa5eadfd06ae4b549878a8db6544bdecf0bf51c8a,studenti.polito.it,-74.0,18.0,170901688.0,5697215,AP-SETTE-BAR,Student
f58441c724e94758f71bce30ccef4ab23848d5a0d0389b661c650d43d882a287,139efc5a01eff107a5be7de3a0eff567b047772bf371bb2c7ebdd232962e6520,iscte-iul.pt,-48.0,41.0,109612656.0,2437564,AP-CORPOZ-16,External
db245fe4af170d9b52db36d267813385222add99dd63ae3f957a8d4fdad3863c,6e347f78689d5e687799eabf8e008d1bd51d9cfdf32a4dd27dd2310415ac9d29,studenti.polito.it,-79.0,12.0,28371.0,22461,AP-GALFER-06,Student
53af26992c0f11b5178986b16243356ee5f05fe279635229eeb186e81dd4f87c,0c39e2631bc2608748c40a85e1782734c25fa68d2425998a91873364cccbccd4,studenti.polito.it,-66.0,19.0,115785865.0,13503213,AP-AULA2-04,Student
eaf1df82cdc6446fdedcecea6e7468c4d8c1191d0400101cd11174afd0811c26,48195307a72d6bd88d76e9865c8492ac3e10b22efb122cfe54338785029ffe9a,studenti.polito.it,-66.0,30.0,204997.0,198105,AP-RETTORATO-RETTORE,Student
fcd0fc6a06256d4440e12e57844b3686df667ffdcfd1327c0eefc8785ad9fbf8,f725fd0bc937b94bc30b1513ba91263a25d18c42e9371d61c0a6568663bb5265,studenti.polito.it,-63.0,32.0,1016332.0,611795,AP-AULA12-01,Student
5cb81f5915db5587aa363e04de05f7f3edeb9bf6415e82de9bab13fd3fedb58b,5c12e8650cad983b5e9a9c32780f56737d6da35c3b4897f605ccc7627b4a8be4,studenti.polito.it,-49.0,45.0,107271638.0,17019296,AP-AULA29-05-OFF,Student
f5ab692ddbac20ba467d2006975f59078966bf18bf5b2e1b08278a5de6b81667,2c8b9dbc40c091d041483ffd2766269fd32460f6f9491596e9902911bf965d43,studenti.polito.it,-57.0,35.0,12763467.0,59937809,AP-VALE-AULA4V,Student
f7e88d93bfe7f90d34e6983b112f7fa0c1a25deb8b855c63d98a01134e00d5fe,10af003c81286f5b281e1b9af4fa857aecc3e6945e3b30d582276c186c324c1f,polito.it,-58.0,35.0,68859131.0,10582553,AP-DIMEC15,Staff
2738f65b16c54687c9585e2ac9f6970c035132e590ab219e4624acb5862def6f,,,,14.0,93.0,59,AP-CIT-DAUIN3-02,Unknown
007daa3ae01641c8a87f11aac3f31e7331b7c5e3a5fbd47fc87dc55b4e3e606f,108588f7be28641c219e5ac335e07b661906183b5ebfae7aa26cd25f1d8a0bca,studenti.polito.it,-66.0,27.0,51426788.0,2991716,AP-CORTILE-04,Student
ac772ed732414d37bb5a0c7a4c0ca791188ed95976974f777a53e27006fc9ead,227114029cc6c28c6bf858b7ae383a1b9d84d16349b3f81f987d6f52160e1bc1,studenti.polito.it,-49.0,43.0,424539.0,17328511,AP-GALFER-01,Student
9c847fa132378ef06b4ca9d0b9f587e7e82389a7d38d849c159e0089b8e78c5a,569148b4b66c2b1e0e13a089088d0254ab8b5777ed0a38e35be320aa3faf2a8a,studenti.polito.it,-50.0,7.0,295423.0,144392,AP-LAIB5,Student
7738a963e9a79a9d95270c30cad8730b46742b97e5b0bf9d5f3fe0d67fe17f5b,1a308f3d9c61634d22c3c03d4e440be42006e4b9af6d48ae38191928793afb74,polito.it,-44.0,51.0,243809644.0,10044682,AP-AULA11-01,Staff
f25270122817572bf3f3c1dbb25f5095701e4d062e6b00bdc278c46026d457a5,340d4e6d24961e37854d1dec0700e4c223b38e8b6e6bb625e8902f868bc0646c,studenti.polito.it,-57.0,36.0,358826.0,233652,AP-AULA3I-02,Student
a7067472eae6c37a26dd7e36d32bbf831b2ffa5683fb8b45c13b3a9f589b3206,fcb6ef0bb1905f478776beb253d9462a7480db58c22497436654c9e704676b36,studenti.polito.it,-57.0,38.0,4748077.0,1506947,AP-LING-AULA201,Student
b7d7ae03299e2578905244a831f6a9dc3847afc858d72c7a88c75f68f6fce37e,,,,16.0,0.0,0,AP-AULA12I-01,Unknown
81ff52a0279a0c3e661aa7db5261affebc86bd944ba9cd6f7097e52f1a28fcf4,47486ac95569894771bc9c14dd45051d3a2606c28b347160cbae1f97f428d9bc,alumnos.upm.es,-63.0,30.0,309935350.0,121291534,AP-VALE-AULA7V-02,External
d88fd2ab873a02e806280275b89673bda7aa88c19b9727961e8aaf8670f112e6,68132e4aa720c02056ea917cfaa7f045cf24e8322cfdae04ab1b4929eaaa1949,studenti.polito.it,-66.0,26.0,512024320.0,14183743,AP-AULA13S-02,Student
afaa7a77d0856218ad7cc8c5ce1280c90808f515504b79f0832384aedcdc94cc,06ccb282b5b6f1132c98be4dc97a13e1334735db62864fb30933f105d5f0cd56,studenti.polito.it,-43.0,48.0,116938342.0,24791373,AP-SALASTUDIO4-02,Student
029706bc74115060044833747626248e560d7837315e1d356fd9f42aef6496bb,076e62e3294d9b266f2c824f410c8faf3153ad7f5d5e7fac5500be0fc6b50595,studenti.polito.it,-51.0,46.0,2209299147.0,1605188470,AP-SETTE-AULA13AM,Student
f6570c98185367808ede5ab2d4b109e364e8dcb9bb30e6ec3a5709b7c267f4e4,cca3b2baf757c3287651e1cdeb9e20970ec4fb4d4c6423c182e8723819267e83,polito.it,-52.0,24.0,17917213.0,1866950,AP-MIXTO-04,Staff
62c5cc9d2bcb4961cbbe9b775c4d2e17f8a98f06fb10005fc3cbaffef3bb5f55,8b4aff6c8edf560fa5eed77a72a597540bdb09c1022512d77bec8427c7f661e6,polito.it,-58.0,35.0,214063708.0,30808527,AP-DIATI0-02,Staff
1dece1cb4efbc51ce1a116bcb854086f6113f1b928fd13e4fca69a1c9b709ad7,4dbc7fc1da67747b24a4bba4935c598aa8dc4accb770cdc43b3f3ad857d43a33,studenti.polito.it,-54.0,42.0,2990744552.0,66096844,AP-AULA1S-01,Student
2b76fb20d36e312a9d16205317c8a44b33f15797e3bf7b4fd62a4207e1ac9a67,5bea24104e26c31c49e9e6b47096374d1adcdc1e5ca5513fda70aeb3db637b68,polito.it,-68.0,25.0,514919277.0,501034087,AP-GESD2-01,Staff
7bc7199d2ed37a37c8baa2e5cfe7e318f8bbb60d69a2a85856cdb2c7096026db,f095aa66d398c4540415d0205609230fe2536e43d8e0bce938d5ee38436c4068,polito.it,-80.0,32.0,16326879.0,3819948,AP-DITAG12,Staff
5718f41eb9b6efe74a7446d56903c23ed4ccc1c6eadf6f42d13c9e2e9834c6fb,8a838c4f938e8bbc828af0058aeea017c904165ba5928f327578edfa5938b6f7,studenti.polito.it,-54.0,14.0,77245858.0,4147482,AP-BCI-ST-09,Student
c2fef4905768e46a0ffae9d96aef88c502021c377d4c302d404caa6966c47261,5f85e8193a6ae0b5e85567ffb8d9b01fa3ead1c915adc71a03335f7dd4f990d8,studenti.polito.it,-42.0,47.0,8230431.0,1240641,AP-LING-AULA210,Student
c77cb3af824f2937a79bc430c34bf0684d28b9962d226a542018a1080de1c14a,fd6bebaa7058deab8cc3b453d345874427f0e26394ae50d70f324cdc647024eb,polito.it,-43.0,49.0,15157360.0,4290696,AP-DIMEC09,Staff
e6a9bd597eb843c61612e5f1de47714ca6fb664e180341086dab3e8b6d85c499,3619dca6b8568c891f5cc712ecfd3f3c66cc75573144181c1ba503cffa643d30,edu.unito.it,-61.0,35.0,237677288.0,18884822,AP-LING-AULA212,External
a781ffce7ccc4ae0b72cb68c8bbdcf9cb725993cbc70756ed6b4f2870e7878fd,541b14957f243761b8158cf8c613a35f8ba136eeae5117ce33c8da81e44bae41,studenti.polito.it,-59.0,35.0,308813204.0,19004194,AP-VALE-MOLLINO-01,Student
08505cbaf797ec36b4cf4c1e1f0c7a0ef55a6eb3cb2e049381bfdf4787c9e092,098a481e21bcbdafab2c8639765c455d0dcc442dba8cffda6480b31f402e5c8f,studenti.polito.it,-54.0,42.0,192920.0,139668,AP-AULA27-01,Student
400e70c1969ef0ec8e6c9abc5e946ab15446ad45e8a790590c21eb7101670a26,ef04e9fd59aacb44cb8f7882d0131ad113fb29dbc84b18fa6c6b3ec278506175,polito.it,-49.0,39.0,110464805.0,9698319,AP-DIMEC13,Staff
6ddd902abd9ad6fdfd60816ceb4179256044f3f30d962b28af8aae726f80eddc,8953b1246ddc259d4d0786c4fd5863826728395436bc3e9b575af856fc6d489c,studenti.polito.it,-62.0,33.0,1993196782.0,36161455,AP-BCI-06,Student
ea218933b937332eec8fe551b04867578439df2407a05fb3c5b054d9ab1a9fb7,8662b1fdddd4bc734e552b10502649ed170ba561869a11550468f7a8aa5e2e47,studenti.polito.it,-53.0,40.0,1332869.0,1945446,AP-AULA05-03,Student
16f390b97bca36016df8335010f4ae5141ac3608d5a1798ab56f65d739a7d245,,,,40.0,19224.0,6906,AP-DIASP-CORRIDOIO,Unknown
a6b8dd9cbcaabc6362fada7765600a1f2070d458fa012527d034db51a35d70d4,e219e9d30d0c5d5206268465067404e2bd57e1e79c29adc66792539881340c03,polito.it,-68.0,23.0,1754084.0,1047873,AP-TRENTO-TR1A-01,Staff
6a3252eb5e2440d67e87fe335c4c8a507ad046e40769dbb663b01fff2b75437e,510a92ef855014ed9fe2b4358d038258741446af58569eb6a3579e1f9cf4b913,studenti.polito.it,-64.0,28.0,174456937.0,7777480,AP-DITAG01,Student
6fcd06e93038f49f823f5e9804b23b2b7eb18d85c63ba2024278bdedc50ae3db,41439814953f813762e5f660c6ca55cc7d58b93a2634ec95441e1cbd7ca67e92,studenti.polito.it,-61.0,34.0,50242452.0,57816868,AP-AULA6-01,Student
9a1c0733cce6776720a1dad701502bd99ad32f9b35d8aab3277fbeb90cce1326,4c3ee8a905036372078325dd2f86dc012f72bd474a13ce04360bfc54c629c94d,studenti.polito.it,-49.0,46.0,47914516.0,26300450,AP-AULA29-01,Student
cdd96a7bb46f390cc9c91d3c9d9cc3e19829d8a962427eb72cbe905414eebc1f,deb18f6b4e7029364d6482792135fd3036207b19767097041660c5c2ca38b59e,polito.it,-52.0,38.0,6940391.0,2112023,AP-AULA1S-03,Staff
4c02e44962dfca44b2880df8d4eb13aa6c5eec2dcc562cd16abeddb3cef40e79,de5243fc8e188291413aa30bf1b69a1beeb70090340e8ad14e98a3a00e2e2d75,studenti.polito.it,-49.0,43.0,54426.0,79235,AP-SETTE-AULA12AM,Student
4ef29dd4a8c6e850a790755e287e765bf95ffdc08d34fecd52b0ebafcdb5f396,d00444ae66d7e938c136b727796a26d549dc5b45e258145a9a1732b052a1c999,studenti.polito.it,-67.0,24.0,149415753.0,56056080,AP-CORRIDOIOAULER-03,Student
826d64487199d2db2a3a608eb4a0082a999834bf9df3c923ccada4d168992e47,7ff8c87481a743d7fee9a9da21f61389d4b874adf11b1f25981e6ce541a80d9d,polito.it,-42.0,50.0,5799426.0,206599547,AP-DIMAT04,Staff
365a4d5f753d5c9d9bad13e06a684f8235b0350776d7dae2b7f4393bcd8dd96a,4c819a4755ce14f0af15469835883be6373ddbe3324f85dca377ea31f2a49d2f,studenti.polito.it,-54.0,40.0,780675.0,366414,AP-LAIB2B-01,Student
4f5c253bc96d37e369433ec2b317dfd33accb888e760c694bae7d5f5ee316c4c,878b9a26145d1616e72a0c3e7d58b793afffffca2aba3d067ad3816c194e268e,polito.it,-60.0,31.0,7842191492.0,629860283,AP-UFFTEC02,Staff
f6f1a987f7835dfc50b2f508d9d97e3dde8e463e0f3b314045a4e3580f1890c2,d52bff4fcbac1de3b034637abccf8f66cf4c0cbd484bf576179b61d061a48923,studenti.polito.it,-53.0,39.0,1819597.0,316189,AP-SETTE-SALASTUDIOE,Student
84ed7c85e263b2015d8f9bc1e13a95caabcd6b47911d59508a12fe34c4ba3067,1c7d7c6b0bde8282b0c7aa33fcbd47aa75ac912e15d310104f9aba0966aae4a3,studenti.polito.it,-52.0,44.0,4227708.0,151622007,AP-LING-AULA203,Student
7a0878c411d06471318e46335aa4029567f4249d208ca2e4b85610298b4c15e2,683265acc3b2857ca8a7fe9592506a545f4926f295c8c6f6eb6ccd6495ae1825,studenti.polito.it,-53.0,44.0,1350019172.0,33055706,AP-AULA03-03,Student
ccab4d60ab4bdabe8c1430dd11d86b7cbe052623061fdf081b0ff5e093e9f24a,6bf67226ccb164318aa3bbf1eb82b0f81e50ef89d169e83487a32402216d92e7,studenti.polito.it,-50.0,43.0,15323678.0,873680,AP-AULA25-TM-01,Student
9b679203affe9feb50f67a6f778eafd10cd370c121a40fbe0b12003d21f3b6ff,a6a61e71ee098a3d47d3f686baa57f18557771556b37efd5c4b6442f6a9133dc,studenti.polito.it,-41.0,48.0,342737.0,129912,AP-MIXTO-02,Student
dd9f8354a54c7d9954835b9536f4dc1b4c50ac4d7443fdd0e07ebcd5aee49ecc,20def20fad140d871005b44bde68d5000592df982723716a68b06e568b036f75,polito.it,-82.0,7.0,152914321.0,17639762,AP-DIATI0-04,Staff
57cc086682982247c159039ca5abf0d84883d46d4e50750a992e32bbd2930224,cb5017ef83cf023fd065381054e6edf59d8ae0d8990ff5f11a40c5b98f779d81,studenti.polito.it,-51.0,41.0,2942318.0,9598949,AP-AULA15A-02,Student
5025e903d1908ebffc03ee144d63cb0ca794a632824aafc4ef1b87fb9e7e7170,a75c7485a5a3bbd98ba34ace48fe3c1c630322e4e4e85d74a060a94e0dfdd5fd,studenti.polito.it,-66.0,29.0,87874658.0,15345032,AP-AULA4I-01,Student
1ee8f67d442a69487df776980855a140f498a712a9b4b47c65a261677bd56cde,1acb156c028893d90562284e8f214d338d8ef5b5305d4a6b2c9738d2e867909b,studenti.polito.it,-65.0,27.0,6568742.0,86866459,AP-AULA12-02,Student
83ab82c2cd087bfc22df19cef4e33ba99d175b7e1e191e56f961399627b485f7,9c8f02627218d049398535c33a0a6fe2193448d56ee5dd3fabf5de05af84c5a5,studenti.polito.it,-47.0,45.0,8135.0,2888,AP-AULA23-TM-01,Student
540194ab9322bfd5fa41c41c82ece01ad19ee669d57cab935fdc6bea87741591,6173fd92000b978ffd0400dd6bc2c41bc65b67a8035ae0e8011ba65b8eabab03,polito.it,-83.0,10.0,14005639.0,1644922,AP-AULA2T-02,Staff
f29b0006a53030bce1c6ce7244169f39f5ac617f5f68a0e98e9c1124d884afa8,d0c67899e7943be48b943c54c4ed8f9c357a62a0ebe55e75d664050f8fe93763,studenti.polito.it,-52.0,41.0,2775717.0,1325083,AP-AULA2T-01,Student
43146b7c2f534f66283e4761e1b5fc585ed9ca482ecaa2c593254f5474182d7c,922b0734e4cc49c0060676d12e37728d177068e55e719b447a2bd0cb2d38d174,studenti.polito.it,-65.0,32.0,3053645.0,1454348,AP-AULA8C-01,Student
854bb3023a280fbbcb48303a3d9bea5d9804f3656c223631978e0540a4e060fd,effeaa3d45b95a2c8a244e811909271332dd2cd49eac0d78712a869b5b01b18d,studenti.polito.it,-41.0,48.0,17994868.0,580564981,AP-VALE-BCA-02,Student
445efbe0b762b2a09e96bbdaa53097c952575de879eadf6c6629438509c1ea51,74a73fea970fdf56f0fe2ffca24db8b02a654fa9fe693ee38fbe4c4aac9900ba,studenti.polito.it,-58.0,23.0,48304904.0,13913502,AP-CIT-LABINF-01,Student
4f6dd255339833622527f839fa35c17c3bc793ed8e4b2689888e90cf3eccfeaa,3ef583fd56032505af6cbd3e980a26cacc01ee00678c303336e0575ddfb4543c,studenti.polito.it,-47.0,48.0,22302319.0,2428450,AP-CIT-LABINF-01,Student
c134c5bb1379eea19ecb891eed07479aac0db45c83908623a6ecb3f76099cb18,78e2dfb2e93ed25f93f91fce700f7855eda09537f076ff8ad899d7664f7ca0e8,studenti.polito.it,-67.0,24.0,38355921.0,456468250,AP-LING-AULA304,Student
ab81b559224d649388388fbd635928178a8a5ff29c854663258a8124fa9d8e06,5bc48cb588a3942efce483f9ab2220f92ccd0433bf3fb8a00983521463b980a9,studenti.polito.it,-52.0,41.0,122749.0,66006,AP-AULA2P-04,Student
878dc1c8b515012ae24a00383dbdf0d80f9a4314b10bee766311245a0b58fbb6,4108bdf8b476a744c161f01659b7c1ce5221b994f501518f8908f050f2904363,studenti.polito.it,-65.0,22.0,109588185.0,5057440,AP-ENERGY-LAB01,Student
88a9d25694bb4d1f217c94c7758a678ebddf1cdc0c629dd0573c5363d6620f60,d21413df66646aae7d25f2765886c0a1d046e01e6a65af5550d59c7dc521bdb9,studenti.polito.it,-54.0,40.0,39501132.0,56902054,AP-AULASTUDIO3-3,Student
d39d5da03416ab1ec731a7d3975ea4e04abd379f44fd856d693611ba08a6c39a,1bacd27d225c854bdf2646084c9b0f137483851640890aa7f8a8522625f08696,studenti.polito.it,-61.0,32.0,291674.0,120575,AP-LING-AULA300-2,Student
b056c9528af9f8462b07f22e55d1b6c24dc6bea04e8dfc3be70129b3813667f9,ddc04817dfcd33d43650e618286fda01c12420456cd2c7f5d64789a7dfc27398,studenti.polito.it,-39.0,53.0,32148887.0,1603033,AP-LING-AULA301-1,Student
f514b9f504ff70d88f7d08a36abc95e8e96da8fd58dca4fa406a19874d86e0fe,42bf95dd0eb32cf195ed4d274ae5b70c8ab3079f06768d285676923e0e79beb3,polito.it,-51.0,41.0,22324939.0,20709005,AP-DISEG01,Staff
372badb38e2516a9c67ae4daf87e4da2f196bf181c2a1349b2ef76621b0f9efc,28fa1d74446a5dfaa13da0ba362738a943f83a1ff36a94693c3016b4b034937a,studenti.polito.it,-52.0,41.0,40983.0,33717,AP-VALE-AULA7V-01,Student
ebe0a82973e557a80942d9f2a4006e04e66d56f17eacf6dc1d3c3d1043b1c5af,78baba25669f462f229ab49ff6a951f2030b8782f6fbde3f331211b2a98a5eeb,studenti.polito.it,-73.0,19.0,40058927.0,265138415,AP-EXREALEMUTUA-R2A-P0,Student
474d62a3a4c34d8b337cd448ef4a928771c604e49b12819d55294b891e0f4949,a6b69fae17f24a9a55f2ba2a32732cac93d69a93b0fd6f602b1938d4cd8cf810,studenti.polito.it,-56.0,39.0,15574130.0,5316246,AP-LING-AULA208,Student
6c449533ae78ab7e81ae0e2012dc3a0e21737f9048397d552db7fa71bca25ab1,a3f9c1a69811e64bc3bbce617b8786fed9014a0de47e1f882a9b5e4f9a9951bc,studenti.polito.it,-49.0,45.0,197417708.0,41680436,AP-SETTE-LAIB2S,Student
b0b8db45539df0148d9a6ce213900f95c1a14ea530cb71948b8a30d9674b1348,a439ab23450f0ca1a5cc426f8a06f595c566fc642bb9d04ed43de4cecb5b0eec,studenti.polito.it,-57.0,33.0,67787605.0,67672817,AP-AULA6I-01,Student
ce3b0870deeb44065ba145c1057e1edfc1a5d00c80a0d670a9c73a2813167219,406f3a3ccd30b0a98bd7bfc3f4c783979f75f4fe6db71c176d69487309f2c997,polito.it,-54.0,39.0,37998495.0,4325662,AP-AMM-1N-XP01-02,Staff
e1232f3a6dcc0c481966dac22f86bff0da3c02b36b963b11b628ed1b5ead5e16,d666c8887a7ec7d226f77ad215f544c51d40627883a68f124348fec4cbce6706,polito.it,-49.0,45.0,7959786.0,2484450,AP-AULA15A-01,Staff
d685bd778765c0fbea100a52726e1684b9eda4a8b931b596f7905a04fbd11009,2600d54acdcdb1e9b290caa0eafc9370cd2d32288261d1becb029649929314f7,studenti.polito.it,-46.0,50.0,8834250.0,4722102,AP-AULA27-04,Student
ae693bb4d8a59a416199272a0f12cd12c4e0c08a62c46b8d1787f5795c198758,d040cdf927d878e0a142fada9032349d2598dc441bbddeb8d6ed900b23da5895,studenti.polito.it,-61.0,35.0,131957092.0,8017683,AP-AULA05-01,Student
7c4e50af868936b0269d4de999630f728d6010567b1b19ae8c208268ef9aa9e9,00442457291a6e7b67a0955b6bf9fc56d433dfcdf2384f09b14cac9551f67a1c,studenti.polito.it,-65.0,29.0,142749045.0,8272121,AP-LING-AULA305,Student
c5153f354974664b0a1e6d43ce2712ce2d67105ca1a0e48ef780fa7dce4b9c41,787560a28de99a0336010fa375d27da1118b37a316fa7211960d1d5615e1aaaf,studenti.polito.it,-49.0,46.0,15903684.0,5441331,AP-AULA01-03,Student
89f02f64b23acd3a3db749651976ddd71dc79532f99f90f76b74a430b75c3eef,2e8e113a629595cf608111621dffa8c28a25fddad727837cfb77ea770a986dc7,polito.it,-44.0,50.0,53532100.0,13166905,AP-GESD1-02,Staff
7613578a99b0c0605c11526e951230cc2e640336a727b26f86e04bcaffba2431,34fe1d45997f4ab6080762a27ee37bc95a6bfe5ac628a051d572e9ca8c03ba10,studenti.polito.it,-45.0,46.0,10629366.0,503046,AP-AULA17A-01,Student
271c922469ef640e554774de69a6de4fef6fb42c6ef3ec5bdaa7cbccfc4680b6,548e4f42530f0f94527265b6270afed96caf4f9723770be2bea94840b0ae39b4,polito.it,-58.0,38.0,5296829.0,2305045,AP-DISTR07,Staff
d5bda7058c90358d4c0ab2f25e97660599a7b53c1e570e4effe457f7185154ce,0ee615b716309446591da2ed4ce55119eeaac381d19b33dc19558aad0075c27a,studenti.polito.it,-50.0,34.0,5406375.0,4750148,AP-CIT-LABINF-01,Student
07579cd264956a3e9c80f0697e140e6cec4bb636d426301d180cd9592d67ff13,41747dc08d32d4fa3a6351a7053e938fafc743ba0c4145007589175678e9b296,studenti.polito.it,-70.0,16.0,17019.0,13875,AP-RETTORATO-RETTORE,Student
e001e0e4de1c0bb625c45e28a504008a5b424d70105d03904239fddc659a2ca8,5fc5d31609d1722dd7ffad0866cb2a7e746c566a08f604c4970589d61f293f00,studenti.polito.it,-74.0,22.0,45797329.0,3477156,AP-CORTILE-02,Student
dd7ab0a841efd41f78f15339af92475fa82d06b469fca338b91f91380d43035c,9e48c59478f15729d2598ea7590b434799673039a54c9724c71b370617836ef4,studenti.polito.it,-47.0,47.0,206483202.0,38773286,AP-GESD2-03,Student
86aad41784070497b4f4d189acb933d4303f51eed6bc6f1aa76203d1834c8f58,7e379909624248012e00ffe3ceb30f969cfb9396cf48dbc5c3b48752499637ed,studenti.polito.it,-62.0,32.0,2257279.0,904091,AP-VALE-BCA-ST-01,Student
53cc45029d63be33720e871cd7e819db68a26a887197682b61c7a73e084f7561,3dd9a116b3a4055814a809d25cc6981264e1af539476828914f51c64188570b7,polito.it,-44.0,46.0,115842319.0,11356117,AP-SETTE-DAD-01,Staff
52c45f5fe927eb0f9d9fe709809f4044ccce6e50ca8dc1aef95889348c0c8a8d,2e4f009cbfcb935a64195b4cfc259a26941dd1294104b648cdcb550aaf7e08a8,studenti.polito.it,-77.0,18.0,404002.0,213210,AP-LING-RECEPTION,Student
cbd3dc4dcc88bc63706f4ce1896c96167de613be29e44dbb970717e58557f57d,15092234bf9412f85c3e5d91c62757be716aa0a609bb401749031a4ed5a05de3,studenti.polito.it,-54.0,42.0,132860137.0,3180242,AP-AULA4-03,Student
680e40cbce33425b47485d95074053ab6bd59577330f5e93bfd90114a5826f99,39b1fa5a3ebb40e9a7f890f18b3ebc7d4b148e0e1ba18388eadc3bda7bfe2807,polito.it,-64.0,27.0,969135.0,438833,AP-DIMAT07,Staff
995cf0c7468d87d1a18f710b68197da34f5fa606bbf5f041f31b86a797384d8c,37382b387d6a27f075f450b8af52bcda76818f96793d763d0c5ab9bd47be4ee8,studenti.polito.it,-77.0,14.0,78490.0,75008,AP-OA,Student
316a39ab2d8c72dc61c29e521083095e0a326edacd7d5144a0a7eabd4d90e91c,5fdc66b74972c1faef36cffe71ac00f4092e5c48c6960edd7af5e156ee256423,studenti.polito.it,-72.0,18.0,212095129.0,6857782,AP-CIT-DAUIN2-01,Student
bde6505c6bee0ca2d0c487fd0200b8ee3717f1664a041c8fe8ad9620edf30fb8,694ec1b2690048cba405b9920806c62817c7d8b7adfaf2a8803ee52a907459dc,studenti.polito.it,-39.0,47.0,18993868.0,3464227,AP-AULA12-02,Student
1fa00bb6ffc40bdf265d76d9058f11ec53116270e82686c6eed6953ea176506b,5a662011a402d353c049db7f5952e4643bc0065566b92d82d2efddbcc9b2db31,studenti.polito.it,-54.0,37.0,303131069.0,18662376,AP-CIT-DAUIN4-04,Student
13b3d98d8cc587e68ff9859ada5bb0b5d43cb943cc329b53b57ee8c1b651d42f,dea65d4dad0c13cff3544f32d57fc8bd64bbe1a8fdf5c87525c97810870a89d2,studenti.polito.it,-50.0,43.0,85172878.0,878744,AP-AULA27-02,Student
8d0c2bfa25f106c4c813689b111bbe4c36e77fc398843107f29de2f43eef3ddc,6066ff3eb4a48027ce6c34e648b637b8c4e4a097feb0c49ba5d4428ddbf71b6d,studenti.polito.it,-55.0,38.0,283960078.0,6031338,AP-VALE-BCA-02,Student
18507ebe87d0c6d8ae7b080d373da298027fed46e19f678043e55a2aa1a7acb6,345818acc6c621dbf9641ca81958e9beb67442d52e6dc0c862664977cdc20a31,polito.it,-61.0,32.0,210518791.0,8671110,AP-DIASP03,Staff
8ee487290cadceb4bb89a530dc92091f5e33c74e8c79811a8309f0a17d83f224,45e201f44ca7ab975041f77a11e79654f478f675061d7b331724b0855ebb9b99,studenti.polito.it,-58.0,35.0,107484732.0,9776551,AP-CIT-EXCELID,Student
00dfd9181873fb79c9c8aede42be135f278be148505d5c1c35cb6397846978f8,36aa8480e8f58a90c550f69f5c6a2fb27eb2c83d1d5ed99f6fd6ca8e1924928e,studenti.unicz.it,-50.0,44.0,92275893.0,4952237,AP-AULA15A-01,External
f6a5cefc3ed1e706072d0b4c92fdf611fe66539e364df430df98b0ff14a21461,c5d5f4a6263577c64eb97c6d544a68e91934cbb5f9121d284221e50501ca89d5,studenti.polito.it,-77.0,17.0,5457258.0,1836645,AP-DELET02,Student
3906273dadb9ef51f23abbbced71a13a46ce152f3d332a4fb2fe5ac6c75ad44b,1afe7dae6ce2df488b23e956defefd2bfec0e804d4c42546310f912a1d05265c,studenti.polito.it,-57.0,36.0,2436456.0,4594492,AP-AULA5S-03,Student
b95b53e503d0f8e51a01e8b80b23e873feb763a9176596760ae53a71609bc913,59de576911d6b500219a26833d4deab89b3f02554192c42ddc44a333cefc6934,studenti.polito.it,-72.0,23.0,2193793.0,596126,AP-DISTR06,Student
6a1ac180927573fdebe00cb0799dfee2277b3e209c9b7045ca9802b709b72585,51364b9046127d4ac1f9de93d0620d4e832ab0b0f4597148204dd4fcf7458681,polito.guest,-51.0,40.0,15498802.0,1486357,AP-SETTE-AULA-CAMERANA,Guest
9d04c8ba542a2e21aa3d8e388e55c98728f41583d81b659c0cbbd2862c2b10d0,f2a28e83b198f7e07a51986c724d08975760b02fccc3e75304558688e1031eea,studenti.polito.it,-51.0,43.0,30917503.0,4468581,AP-AULA1T-02,Student
054d11187fc834509e2d3edd06ba399adce8616347e8ff48b8a248abedb96a88,7bbe28b127dd5b64a0c366a42cc2ea3c6d08c4a9629110214a7e998af99d1a68,studenti.polito.it,-48.0,44.0,177222.0,190802,AP-LAIB3D-02,Student
ab8f2ddfeef0affb21bcae017ab809ca00f372f84fceee7370be50cc836bb4dd,f78346055cadfa28df6fe94d1ebdcb0aa3172fb1d233233e2989bcb59b8bcb3b,studenti.polito.it,-66.0,28.0,59648805.0,39233699,AP-CIT-DET2-03,Student
07645f9cea46b7cf124ea612fdfcdac0b6cde765fdde8ecf7de47a4a93cd2438,,,,29.0,6090.0,1262,AP-CIT-DET2-03,Unknown
944812cc7088f9d2924ac78d1c6c9cb808c0a78cd933c1d02f33b2c3a00c6fff,840b59a1655cb00624a7947cb2ab494cfbab627bb64ded91c705b51f9fedf81f,studenti.polito.it,-60.0,29.0,856841.0,99316,AP-SETTE-SALASTUDIOE,Student
ab08e5368776f51a31ce1224ed0015217785c414ccdedeb23cb424d3f04a3f6d,34dc226c525665352474697d924db9a89f77831bee7ff79beaa2d4e5adb3d58f,studenti.polito.it,-71.0,24.0,19834279.0,1883070,AP-VALE-MOLLINO-02,Student
10cdd4c63bbcfc465c0641e70f9a24ffd6e9b65394a04242902ac980f224feb2,e996a3d3a182c3fb62204535bf0d7506aa53da930d50d540d8eb86190f4e2aee,studenti.polito.it,-73.0,18.0,25256122.0,4324687,AP-LING-AULA201,Student
c54e3537d16866dd5659a43ebc23d1330516447e3b33b1af8c936f7e70ed4b5a,ec1535ea1485908c1fca425eba15cbbc8a5969a2adfa3d55ff5e5b59d2719cc8,polito.it,-70.0,23.0,18340951.0,11239084,AP-INTE03,Staff
3f653d07362536d26eb0ba9386e38cc2b3cbb7aad852ea1e535b63d7de9cfb58,14c538159d65c9abf46d5791102acc226dc3e957f6f0df7d0f323c80920c00ff,studenti.polito.it,-70.0,24.0,59088715.0,83503376,AP-BCI-TZ-03,Student
f443c92aa6348718e2b86247754ec603462c109fdd90348b5ace1f35e638c122,36ddd5156e887a5fabc1a8616fb4b3c9d9b762504c5b455b478ecefb92eb25a3,polito.it,-63.0,30.0,168419566.0,11910004,AP-VALE-AULA8V-02,Staff
792714c342d10e6200b3f5812c574ee83db4e86932968986ac43983e3d1c5f6d,61df4332c010152c1dd27e868450afadae253bb03ad2c93b78afd596d3d9b0ee,studenti.polito.it,-57.0,39.0,532307577.0,11792567,AP-AULA01-03,Student
4c89e76e7b6c2ca3146ab81747596c8524846998c65b6a8abea0ee005ba643a8,eaf4e1312149b45ce57efa2c57cd9a7a1cb5564e24b14e98e831d343f3a9d827,studenti.polito.it,-56.0,36.0,209891687.0,13796734,AP-AULA08-02,Student
5f876d5e54949261301d811b8b3fd32c6e9edda5e0ce125feb4e3720a8a57b3a,098a481e21bcbdafab2c8639765c455d0dcc442dba8cffda6480b31f402e5c8f,studenti.polito.it,-54.0,40.0,28349746.0,2445881,AP-AULA27-02,Student
715bb482747ffd47fdaa715ffe21c223b50b36c392f9b7f898423d7e268beae9,b776c3862cadc74a2badb40b38b3264b14aadd72a41996d8cae159cfa315d884,polito.it,-62.0,29.0,32560024.0,30663764,AP-DIMEC18,Staff
0fb740dde88efa8446f066f09a8662cdb589952ae54f5f5d562244a4fa5dc08f,a721c5999a36a97f4eb63916f8d60f2ff240e6a4b2956412eb99ea10da3b4a6e,studenti.polito.it,-56.0,41.0,2387921.0,2015779,AP-BCI-ST-09,Student
df2eaae3128d98e56cae3649959c96c2ad7a045b2f962ca9c106d8f06998ede8,4f6e7daebd625c0c116882791e2be0540196ab725cea40993466153c7d1b8147,studenti.polito.it,-51.0,44.0,219401.0,252467,AP-BCI-ST-08,Student
afe07bd8387e5ce6f17d9cb220ce6d3c479cedc3c38e7f0ccb77a05bf6453a3c,3fa35177fd54d8bf7355633f2739d41071e9381a10f20157ed6c0af4d4984a2d,polito.it,-56.0,38.0,702949686.0,449112098,AP-SARTT,Staff
432145e78f088b850b115460002ebc8b3246b4194440a1cd9c1abac01a957cfb,2fb8b34c48ed2271c551065cb178bb9453f2b97f367430b223642c6a087135c8,polito.it,-55.0,38.0,277434.0,172666,AP-DENER06,Staff
7a36b8076ffe54762d61a05f2e263dc3ca6196df8dfb5723f018788814421ba1,bf74b7ae7ffd6c4922c37983d54c22f54e9cd4eae8ca5308c052413fad04a4d7,studenti.polito.it,-50.0,42.0,15496999.0,1962227,AP-VALE-AULA6V-02,Student
486dfd3a5608a8d65623ee64cee2dc234895c5aeed295dc5471e419706bd631f,09e258990be7258a87c2466c5b49abc98b319f9de167e696767c8b4c755611fc,studenti.polito.it,-52.0,41.0,20340153.0,3141815,AP-VALE-BCA-ST-02,Student
14d8d064dc00f046532c413382ecd4ea95f2aa69dd341bc2e95d2cc33e2d5c60,089ddf8e303d8bd5b1be6edbab52859b01174b8353c955194bc1024c291ef47e,studenti.polito.it,-49.0,46.0,20862727.0,42030162,AP-AULAR3-01,Student
6921f3e4df2575a8c32fdf62ff07d93403e3ecc0e018068afc115f7e0ce8e1f2,5a2ae36a7ed3dc00556a696d04c614b792c66c3fc043adc5174144e2ab57dc96,studenti.polito.it,-51.0,44.0,15603129.0,6188933,AP-LING-AULA208,Student
734ea62fb71746e97f62e9b22edbad69d41ce4cddb619250f9c453d8290ad9d5,c319006871f2c7c1f3e208c3caea959581eac6185dd2942f5bb44011be81c541,studenti.polito.it,-59.0,30.0,168280948.0,144789580,AP-CORPOZ-08,Student
59412fc8ffa948ff22b72998da057a78bc22ec623ecdf9fe4d5ffa71973feaf1,84a2db9b63d3a3178bd7afef176749259c1159bdddef32417a907527c41612f3,studenti.polito.it,-52.0,41.0,338485245.0,8866469,AP-AULA05-01,Student
c3491e95e3986f6020fcfd1bc6e4af47204f7e6a93ca5d32304ef72933a81740,185d458211a14b4939feceb3f2f70f7add7fcfdafa44d02e40a3dfd3039cd120,studenti.polito.it,-54.0,34.0,10341.0,11896,AP-ACQUARIO,Student
ce435faba9afda75ce2c936e39e39b15fa80a712aebc2b335c1835f46772bea3,34f215143bf16fcfef70f38d15d9d4c12b138ca523d4d98b253fd284c8e91f86,polito.it,-54.0,42.0,138171694.0,89080748,AP-AULA03-05,Staff
f066d2fb5e6862dba486142ebb07d013b36f4e7a79a6e0cd00e78d13934c63d8,128998d79da8add386aa330202b5419f918326e534bacd4c8e3813075118c169,studenti.polito.it,-63.0,32.0,282956288.0,30600183,AP-LING-AULA201,Student
ddad2df7e379f6649bfc1167e3a8fd17c6cba492f9af35f9127dfe5fbae41841,19d8b598c0346d5e018d0c9d8fa3d252e13685ac07892fde13a1e0b35efcb96a,polito.it,-49.0,39.0,69756456.0,6381040,AP-CIT-DAUIN2-02,Staff
6f40f7f81c80664aa6fe743d7acf84c4b615ace444317c7311646e392ad39e53,50895f8060a44776a15272085a388108a4f65d00dc5785674239f7f1a85a7783,polito.it,-47.0,46.0,109775978.0,14165402,AP-DET-P3-2,Staff
ab65998182c4cb3a8242f0450874011340774b82af07a081caf62210a6bdd60d,9909f8281d1c25b4f491205dda1386106ee568ce515182a34a13d5dc31d4152b,polito.it,-72.0,25.0,10772.0,21441,AP-VALE-EXCISDA,Staff
e8b7fe951532281b2925c114f327f28eff7c947c2a48cfe898004a9772859d4c,eccf66ee4606a47ba6f741d21ff9bb337951b88bcfc0584f759bbe291c92a4de,studenti.polito.it,-63.0,27.0,3104794529.0,641272569,AP-LING-AULA207,Student
c13e448379d07ba3a14bf581861ede3693537f51c4fa2bf64341a3769af027f4,cd91405d8aff4ea5e0ff0761de3f4a9cd200fd85aa21921aba2d858a576ff5ad,studenti.polito.it,-78.0,16.0,63953626.0,8816792,AP-LING-AULA208,Student
1bab415eb1c6cd25df052a4bdfae8df4a86f3d01537b3773a0a529109b0c1b88,29eae731d4a8b61fff4b4da38f4a9034eed1654ebf50e21ffefa557450fdd8a8,studenti.polito.it,-49.0,45.0,236009738.0,46022690,AP-SETTE-AULA06AM-01,Student
15f52f0b6e371030a6a9fda19a2fb921e2b5f8c0e18d0294d0586dcb814975f1,bb71be3ae76dad77a0415c18203fa2e24ff053b5acb8dc2bad789927e3c4a7d4,polito.guest,-52.0,37.0,36016756.0,11581378,AP-SETTE-LAIB3S,Guest
311d0fcfdda6b525e2663a3d144deed9a6502a31e389e1a05df7ee767855bfce,00977d222c9a6bc66ae14c43c1b244958424b5ba98dbab52e73dbc3f38e61531,studenti.polito.it,-61.0,35.0,1279889957.0,274739844,AP-BCI-ST-08,Student
e1c2211fb53d49d1a0015a25118d11f662c4e734489460ac8d3dbeaded2d4664,f3c14bcc27d45c55042c1be9701c6516f542887b42ba56ed87ebeae73f866d6c,studenti.polito.it,-53.0,39.0,350182808.0,17214648,AP-SETTE-AULA04AM-2,Student
2e6ca619255390e7de3f9c25aa30f0fc1b755f2f163288e007e4d6a3d01d89f2,777fa73e7b566daa8b5e7ef7b41d3b7374863a83bee507650148ed5a7ffdbd83,studenti.polito.it,-68.0,24.0,421821.0,192672,AP-AULA2M-02,Student
a293375e2ceb7d18bf510007a0aa03b2e958f09abb5867b44867286af7bb76da,4868229b6dfc57f2f92c42b0e012f355900a427f7fc65d6d33e3fc049d63f4e9,studenti.polito.it,-62.0,31.0,106492676.0,13573529,AP-LABDTTF,Student
fe996fcc62c6d8c0af1e0ab1d50e94737cb92abca75f1c72709d7b64e477706b,eb95ff0dda8cd3285209461baf5e61b0dcb1bbf29626147084e6703060e877ac,studenti.polito.it,-50.0,43.0,6636546.0,1130180,AP-AULAR3-01,Student
9db992d231ad533647df93239479b8150c653d0410705f32b56e3e5e8b507e1d,ac7329b65651590ebb7bb5e0343e9525511eab7cbfadff223a177e290f4d3e66,studenti.polito.it,-58.0,35.0,225617556.0,150990655,AP-INGCINEMA-01,Student
cbc8c448b50cc83e09429ed11aa989057890311463aaaca60c7574c435480db2,4ba1cc500e086cddd49fe11d717c6ca47048bfbb9c8bf44b6f78c0fae2d0dd8c,polito.it,-44.0,44.0,220360670.0,114881766,AP-DIMEC16,Staff
797d9fe53f907c93cd8b1ea89ffaf132ce1a2cac99320f08179b4b3ad5da4cf3,659fd1234b04605def35dcab34222afbebe8693701b67e2d42b77fe53e9490d0,studenti.polito.it,-58.0,36.0,192966171.0,7422448,AP-AULAR3-01,Student
9c22e7c5d18ee23c10ea7a45ee2357dad60fbfb82aead6b2278484d611ef4806,d695560e8b087282acb54d2f09282c2c9a1a237df092661d85181f6d44f9f210,studenti.polito.it,-58.0,35.0,763877678.0,22764618,AP-CIT-DET2-03,Student
784bb9bc7a5e36239be9c4e1fe291ab84b5b6cfdb27e634e71b5323f21a2cad7,8da613d68cf85d5662345471e742e611f5f19f0bb6593ddfd0fc30d04afdee0a,polito.guest,-49.0,47.0,24504836.0,5451982,AP-DIASP06,Guest
0fec350fd7c56ac2b8f8763ccbe0b622b50ca6773f4872d8ac24e88ccc451c92,d68ef0b848181abe16a5aefbbc94e4800c62d99e7a5359f3871c4c736cf6ed82,studenti.polito.it,-52.0,39.0,250865909.0,15745704,AP-GESD2-04,Student
aa5d19d1388c8caf15220ccf99b2bf80329418c3582e6545dc18fffca4ab2745,b7135b758761e2720c286fe27a793c97bc1cfaa8f776061beec4c6286f39f0e5,studenti.polito.it,-58.0,33.0,259220330.0,6799694,AP-AULASTUDIO3-3,Student
d95ed3f8cc4f75311dc2448e88314f38ac395ee1eb8c65a6115c46b576223659,8beffdecd32ed4f98d4a1a5d15e173c25e3c2c26e277211d19f1be841c19a508,studenti.polito.it,-67.0,25.0,45173.0,45073,AP-LAIB2B-02,Student
5b55ffe3947a61315442fdb947a6153cf068c588a853ac455d39169b82231ad0,9efed8767453843e03d1b0c8fcdc8f9a7ef65bc10d335dbe33234938c4c96532,studenti.polito.it,-71.0,22.0,1198886484.0,35561043,AP-LING-AULA208,Student
76a31fd2e2e34e68b475878bc5f6b907a3242912b96ccc7e1178f3cefea38c93,bb305d34c442ebb4cc7b678b37da67ed7fd7a7877d8f65e39fa1218852f2d3e6,studenti.polito.it,-82.0,11.0,85614576.0,44465986,AP-DIMAT-SALA-OSPITI,Student
52dca96a2a876f03f5b3118ff566b2b75d1d7116538ec4b3bb90118880360f8d,64b94133fcd6d71791d28162e87ce2f5695cba3f24a3c55e6a3372b7bbd5a969,studenti.polito.it,-61.0,31.0,3697599.0,188976,AP-AULA8I-02,Student
529363590aa509742cace4de6f02854a1a168d9feeffca21d756b166fcd626b3,31a410369e43175adf931109a5ff9e5dce377ed32d9a86a39f321102d3c30c1c,unito.it,-82.0,10.0,7740347.0,3139179,AP-VALE-MOLLINO-02,External
28fa565b8cc88a1f9b425dd901c8053d4a5cbd88ca1535579a44e7f22a283f3a,64a928037d459d9cb2788f60680b8448b9d626c2548fa8c554c428b3ed39abd1,studenti.polito.it,-72.0,18.0,285944311.0,8744758,AP-DITIC03,Student
cb523659389d30a8f9b7b78f793bd34337d325dcdebcabcde1c5b91bb8da1ca6,8d3f7e5db2e90012bff912d5c4a683a67afeffd6c1d40cfc5930d28c91285858,studenti.polito.it,-50.0,46.0,287858716.0,2164198,AP-AULA05-03,Student
0e3faa7b8154659155b7ed1b1df0eb594e72d3bf1ab86ee03bf2c4528284f556,d0ac3d1c5fb8d6c35e85efbe85f02152eb7fc2a205050cd3d0ea6979b47a52cf,studenti.polito.it,-42.0,54.0,29263466.0,9256334,AP-AULAR1-04,Student
c47ed064b77092629c8b508ceb14b4dc48821119a091f46e6f50b0915d348624,55381c912880174624e150f37b6237b1fb49561121e40097366d496ced61ddb3,studenti.polito.it,-70.0,16.0,2269246.0,1358935,AP-AULA8C-02,Student
e271dd53e2294fc390b7bc548f3cb743504da8fe7efd9da03e657e8543ea12d8,02d461aa6700cc18cd630010866025260aa7bf04798c21203ea5fa16c8bc871d,studenti.polito.it,-58.0,37.0,15021421.0,3907627,AP-SETTE-SALASTUDIOE,Student
b0d0e2782048557a45db419dcf4176573fa862d80bd7e7a3015c8f38898b7a7b,fb9d526fef7db199e5f36953008e904493d91c5da5b35979a40fbe5b46da284e,studenti.polito.it,-55.0,40.0,72020285.0,19103804,AP-CIT-EXCELID,Student
d9149e1567302d00a5bc71cfb0eeafda31d7c835ce05a9be28432e48c15bafd2,832cd574e6dd3289bb41eb34516dbd4e0079ec3239962737ffd1b98ddd757bc7,studenti.polito.it,-41.0,49.0,10953946.0,8482327,AP-MIXTO-02,Student
36c74fe6cbb25d32f8d8cbcf3fdd09fdedda0b026ff5c8a8f7939e2033262e5e,79b87c720668c1349e17bd9a40af12fe0add3f193f5c484d7dd4d3c12720cb4b,studenti.polito.it,-53.0,40.0,139552342.0,18762482,AP-AULA01-03,Student
ad60f83b7d7677fd95e44ef7ff4e5917ed0845e8bf94934975df9103bb30b0e7,b168806ccfe528f2531d2c8c4ea783dcfda923df2e11dc0bdcd6cdaccd03e1a9,studenti.polito.it,-57.0,34.0,157707203.0,70656910,AP-AULASTUDIOR2-01,Student
8a7845b6d2dfac58a13bd9b0169d77408c56026000fe3d496c5631f682377339,2b7eaafae163c7c802680bf652f4bd5376a297048b3def22847c985197554857,studenti.polito.it,-51.0,41.0,3218674.0,29139398,AP-LAIB3D-02,Student
2b125ecd6ea341624154151132a707d20093d7abe46722397789e7f7d0ed2e9e,082bf9aeec57e5571a5a62a3006a3418f819314407dfdaed09ec603dcedf84d4,studenti.polito.it,-53.0,40.0,17636326.0,1079177,AP-AULA12-01,Student
bc8bd50484f7aa3bb0735e35602f77b747c0217a4601791c653ea1fd06733c2f,,,,32.0,12879.0,1086,AP-AULA6-02,Unknown
b4f85795f39a9032ebf51b8bc5a0fc786f73f483316006ba667727a829630778,e3d2e9dc9db02779f7834a18fcbf467361f8f37fb0fc5767e3186b27fd6aca8c,studenti.polito.it,-46.0,44.0,24984430.0,836509,AP-LING-AULA300-1,Student
c81c58dd7b76f9bda9cd864301ba70a391b5fc172eca1fbc9feb9a73f2212137,ab8fa0e057492a1992fbfca9321a288f0f531da7f6f05b8ee03777d4b5bf78b3,studenti.polito.it,-58.0,37.0,28121593.0,13063647,AP-CIT-EXCELID,Student
1e76a7c018edbdf5bc86245ecaff53294739d342fb51e6b0ab21bab54e621494,22a5e0be5eefdd461a8eb52f412b66ed1ff44d69f39000c539d3c54985848515,studenti.polito.it,-59.0,34.0,3374370.0,677028,AP-AULA8N-01,Student
846d4dc8cdca6cf237c5de9e649cb0d368ba5eb9bdb15f0f05161746d7d1d0df,d411d78692b4ff0f98f9f1875a7e0ebf5b35af1c3f55ace684b6e1e26c2ad843,studenti.polito.it,-59.0,33.0,254229.0,174886,AP-AULA4T-01,Student
9480b101e7ea22d89946628ae644456cfe1e9fb046e523da0d48c566139aa451,28383304d0f1a7f1e1a6397ef28f14573f96c95b5664ecb6d0fa3a8feb2b9c73,studenti.polito.it,-45.0,46.0,46741695.0,1998553,AP-AULA4T-02,Student
824964de406e376e65bb054afa6ca06c5a23ac0ef6533d40f17018b598b45d62,a76a25bd4e697844661df8d3523a94692ae2953308e193e6f3adbc4d9bef08b7,studenti.polito.it,-68.0,25.0,124799.0,73603,AP-AULA8C-02,Student
28a9afa8c13f239b0c547a9f50fd00bb3e34cccb1f388794689391c595a7f5b4,5d95c5db2ae2e209d2d3ae13e961557efb334ee0a2dacbeaa002af01d330d755,studenti.polito.it,-53.0,40.0,4526659.0,181956731,AP-AULA01-04,Student
b31066f877a2fecb0d7f6aa4e9771e87e070226f6778e66920cd76d4400a3e2a,895b2cf299d70e8db8d0ed8162d44c5baef1cac7709f853671b7c86eea8ffc2c,studenti.polito.it,-61.0,31.0,4933803.0,1198245,AP-SETTE-LAIB2S,Student
62eb797c5b22ee547c965ebc9e84079f3811c088989813f1167a1eeb2acb5776,6a5c2fe5efef9a76a8a49a12adb1331734e2fb5ef71244ab2d72383357e9a289,studenti.polito.it,-57.0,39.0,579138758.0,12881573,AP-BCI-TZ-03,Student
2fe3be8f45ad19842ccb95cfd5ac43661f34594ee6ffbf17ae1042e7cbfb9fc2,c52b7f4b5bbb98f61fa46e565464bfc84588656b98c6b2dc814322a1a14333bc,studenti.polito.it,-58.0,33.0,451982.0,139702,AP-AULA12D-01,Student
d4a64848de3a7caa6a2691326146365d5af6fb489c2c819d5212afe505e733e2,e769a451d827d4077302272a591ce90cdb613d30271d2e4ef8b1798d12afc1c3,studenti.polito.it,-52.0,40.0,259900.0,187670,AP-SETTE-LAIB1S,Student
ddb3ebec7ecfb89e450dc12b6831ae76e3590f8679ef8411fd81fc624060308d,399541190303331c5537555dc69273bffac827170a1bcd59036108df5169213e,studenti.polito.it,-55.0,37.0,20578367.0,2060715,AP-AULA4C-01,Student
d202d8e6085d88e04103aca1d6d780117a642f93b7f33295184288f7f7c3c4a3,e2c539e6e290149a6a6fa994253b67222df4a3d517245450a9c5d13c8e31655b,studenti.polito.it,-51.0,44.0,99592936.0,8970031,AP-AULA3M-03,Student
ef007582bfec4706c40226421e738e4c7edad3b1c1d5d5999444eb830860c757,05f76036015e5677c2423b43f9f9f7b4b88770ffe0bc42a766d8d74994128740,studenti.polito.it,-40.0,51.0,22812321.0,608446,AP-MIXTO-04,Student
8424849a819aa00490550f3484e33ce37007fe097a9ced988816e2b2fc6585e6,f199e28b0fcc3b8ad335d55d28792205c6920028375109d20f3573bff5dab9f7,studenti.polito.it,-68.0,23.0,0.0,0,AP-LIV-LITA-01,Student
9b98848a227ad69fc65e3e6a4a99aa8d5f6894b08760d5edaf9c0477b28c0dc6,6166390c6d3f33ee4b5e6f98f504a70dc71af02962a7b28a43f356ecff9fd9a6,polito.it,-78.0,15.0,1923208968.0,64971751,AP-DISMIC01,Staff
13e4c24abec04dd57f5fbebb8ff5f991ddddcf0e7074ff3504836713b4582252,9982c5a963639944a81bd89386414d3a64fe302a4a2285b90e675a65df978a82,studenti.polito.it,-63.0,24.0,213941862.0,6895407,AP-CORTILE-06,Student
da8d2ad2f9c4602edac807fcb1f117d968746c128aa04d4abf96ac76a6a7a5e6,54d8f324d0ea3d897c15a2b4111f337035c4fe11800067b7a20aff7fba3e6d20,studenti.polito.it,-68.0,22.0,5014640.0,233428,AP-CIT-DET3-03,Student
a7d5ce4600dc7f1f20f46448cfe1e28d9adfcbd22cdb7b3c05bb88d7443cab1b,18333a9539b05477656cdfb5b7f80e193888af1ecc7e1ac70ae8dfde95b4b792,studenti.polito.it,-69.0,24.0,249793.0,137167,AP-AULA10C-01,Student
f1813000c72c29b6ae58ecc5816eeb262a19bfd2bcb1bddcecb57082b95d3b87,5a52422fae0ea65843ea4ee8a0c4bab4e973e3e00c3127ab5dee578585d7341f,studenti.polito.it,-42.0,49.0,96581716.0,5919358,AP-GESD2-04,Student
027ef450a365e9f7bbf82dc703ba0dc13123d690606586b0571b44069e7e1c24,737c93515aac4c1067d7e231bff2bd04c561bb42f54356e9b5bab8334fa9f56e,studenti.polito.it,-62.0,32.0,15313764.0,2754246,AP-GESD2-02,Student
57ff3360f6a43ae7669042985210589f9c509bd4f863f7dc65750dd1a76ef3ac,f1a7bad319417512a53b2cc4a28871c6276c8204b950ca586a0ecc7088024152,studenti.polito.it,-42.0,51.0,56550185.0,9374949,AP-SETTE-AULA11AM-2,Student
d82f0e4b05a2cbb173a0b4b5395ddf3e9f5386d1fc36fad3c5828a0a7705d37e,6abe05d1d607af22e30b737976a382d954fc136cbabd00db8c82ed66cdb924b6,studenti.polito.it,-64.0,24.0,7069130.0,526278,AP-LAIB3D-03,Student
b45d4d9663920c09b162fcb8567a83bda7ab0df6ac6acab92fce55c02392e1fb,2421f2e2e16fa0cd2c16434d56ec2de0bd7a2f1666fca63f9432896f42ffe859,studenti.polito.it,-54.0,41.0,2515353.0,620570,AP-PERUCCA-01,Student
1e80075f2cdebe75e467d0f83d1ef072596e97a2127b112b52dda88a7baf8dee,,,,43.0,0.0,0,AP-AULA11-01,Unknown
1d82b1af516d4f22e9975791be5578165e2f800cab6d2d5beb56d500bd8bafea,c23da199276e600bc69cfb5717e48be64ea8de58bd748587ca70041f29bee488,studenti.polito.it,-68.0,23.0,147037.0,118655,AP-LAIB4-01,Student
01e1f09c0a4784a1d7b8324c270085972f37b5e396eb9aed72de7e5e6a5768f2,0e31d7afebc7a319c1a7e8eb05eb5fbe6b0c058e1693d7fda8dc547d6c0e2606,studenti.polito.it,-54.0,40.0,67749198.0,7306727,AP-AULA29-05-OFF,Student
1e7ac415c6aada31b2159fe751403615940593977520230fd29a7116c53e3007,83c8e496fdc086f1434700d1de374cc4636bbcb0d17e1dd4633a388b018ce84c,studenti.polito.it,-48.0,45.0,1281299838.0,306499127,AP-LING-AULA300-2,Student
739188fa1cb20a6b41298d97cae5c6ae03f50208b00ea66de396651cbdac9948,d08fbbcd3d9f156b095b57aa848b485a8fb3d1cac56369f25785890b06019aa7,studenti.polito.it,-74.0,7.0,20538044.0,156945377,AP-BCI-08,Student
95c1354c06ee30b4cbb241744111dba60778e3643ba7dd8a339176c859e2ae05,38d7a254ebe4ab61f2bf047f2f29f0eec0fda6fbce7ec7f55b5ec4324ec5ad43,studenti.polito.it,-63.0,29.0,83091070.0,6670693,AP-AULA1B,Student
bfedd717c1014f10253291dd54779badb5cf39292397a7920cd7c658844e6adc,cca7c2942f4f76bc551e740d50bb1983856e9afaf45010e8193bf670a16c275e,studenti.polito.it,-88.0,5.0,177207225.0,9403669,AP-DICHI-3O-P3-04,Student
99c5fff54c0608607d5271b1fe372db0be1d2f44fe604bb65d52439b5dac2190,363fb54cc90f95a4a097efe0ffecc067170d6ac7265f0082bf9cd2d05f497a02,studenti.polito.it,-49.0,33.0,26502579.0,5419008,AP-AULA12A-01,Student
3a4d1169d37b9cae902635ec6d905532332f9011059d497a62539f8785e931a0,a1f668e019f7f649734d8a37bb62cebff2def529d11a30bc199cc3c548bc8b98,studenti.polito.it,-52.0,38.0,14730434.0,22031675,AP-LING-AULA203,Student
4088a8397e52edff61cfc276031c13487a38feb56b1c1da8e854fea4a347382d,32d959ca138e752ff31c75e20ff1df624a67abf78955f51e42f4064595765543,studenti.polito.it,-67.0,22.0,558789822.0,99242204,AP-DELEN01,Student
33ce8c1d9ad718d0ffee6970d09650ef97d0c66c7f98362fa0edbf037a7b02e1,a5f1b8f8a747ad282a3faf4d21972b22c41405a0542d939f3cf2de0690759546,studenti.polito.it,-62.0,32.0,472923.0,115675,AP-AULA11I-02,Student
736ebe59aaf709930c3dfcf37dce8bfd85bef9f3b3a63c4e8c17caa143fd7dac,7527498cb6be475fe89c51c8a1a0fcc0cceb742dcd8794a7f703bf0d7929656f,studenti.polito.it,-52.0,41.0,17738527.0,1165211,AP-AULA1M-02,Student
cee395a6c5e45a7de8500f89d246e6f0499fbbb92666de009efb568283739ed0,689e2a78734b3bb7c5afd060707bc64e404bfb30b36f873fb215107d96ae3aeb,studenti.polito.it,-48.0,47.0,29583520.0,2672065,AP-AULA01-03,Student
53b049ee210eb88cbe9d97d300e90ef2a5a930c5e10c1d542b2df3de192f3fe3,d8c65a782f1d558459ccc3574d40d181cb230c4f2cfa803f3f8a0f9d2ec2cd9f,studenti.polito.it,-47.0,43.0,307860332.0,303979048,AP-INGCINEMA-01,Student
7cafe4b1355bceef35a24b40acb8a35757b7263b42f9d821b675e2d61a1d8000,b33020907419379c4d06a4a86273ff5be1eac6e48c6d8b978610c7ae926bf4ee,studenti.polito.it,-57.0,37.0,12412197.0,2243620,AP-AULA11I-01,Student
f87deb8b25cfd4f3081b054b9938cdb5f721184237171716e5ac787a97e5cd55,11e609347fb0409b409cf208a04347feedef1191e6f2819ce344127fc92f230b,studenti.polito.it,-58.0,32.0,18308496.0,40866288,AP-AULA1I-02,Student
386d8e88a4274b19a0f484eba3ee6ce459c10dd02fda788c399e5a2964f9ff4e,707108e5576505f57331d6b06b13b1774e8750c59f02eac1948addff4fd4dc15,studenti.polito.it,-45.0,46.0,305835043.0,17861914,AP-EXREALEMUTUA-R2A-P0,Student
c0cfd0a9c9d5d2afe6019c6b86db509d4a6d4a00932127cf8117bc75e58f660d,e62c6d4abeca571655363407af3573bb65985788481a09884d7c0f370bba3930,studenti.polito.it,-50.0,46.0,128983646.0,6384958,AP-AULA4-04,Student
2ad651b52f40f1592fbb7a6b0211a6178802019fc5dd466e92ad688aed045cf4,824ed6ec37700a4036d92151b32a3ff2423a6f4d96db9c7a3d6166d6dd391f61,studenti.polito.it,-53.0,43.0,34420639.0,2333003,AP-LING-AULA205,Student
91c63a8d4713caa15f61a3cb5f64acbfb6478c4865318c777b815e6dadcc9d61,,,,5.0,0.0,0,AP-CIT-DET3-04,Unknown
0a364505254e5bac324e99995b4573eee63fe2de9925e179d8cd8a3d7f85a7cb,5d1cdbfe1a54739bff18ce98034800449bf7f02f33a68e6994d30cf8e714e04c,studenti.polito.it,-54.0,41.0,5826564.0,2028576,AP-AULA11-01,Student
50ac7325309d7cc9555c4dfae8acf2b7c4627a89ed789b859e09e22b67d67e67,c44525310697fcd2faf63c74e73d201a3d2766cc3b53214ec9795b6eca879188,studenti.polito.it,-56.0,34.0,43587309.0,2781114,AP-AULA11B-02,Student
fab8034d58f125c1ea4b59c6a494611b897ee0b9ff6ed0897e3dd565fad74215,1eaefdc74eca0e1043c06b9ca6c53156186adfaaac600c18b78d1293b376316d,polito.it,-45.0,43.0,779129980.0,12860087,AP-BCI-08,Staff
66a00b001af613db26e444943fa0967c0380b0988b6d363ef2f1d0c31e42bcfa,06b77c4c82501375406a3f00b6b600ee260addfc5367ae39b84350a68c5faecb,studenti.polito.it,-45.0,43.0,612627.0,381045,AP-AULA6-02,Student
cbf342ed0d06daac15a6e722d894be65891b60a73bbfb14a70aa61fb0217df2e,e419fdaa189d16c04986719a0b6ad7570cc815c1e86962db46136e51c16be11f,studenti.polito.it,-65.0,31.0,176978357.0,17182420,AP-LIFE-03,Student
c2af1b49023d1a1240b95717b8cc7d1d11989aae8eba49ab25049fe4789af100,00df1ffa0376318f521231d45b616ac455606ed3417fbf5d1a7f863570841d2e,studenti.polito.it,-67.0,25.0,66974955.0,2253862,AP-GESD2-02,Student
fa5510b231b73c2789b636154c9a4e72c58276869e58b7b05af65113fbae1b2a,17b58896e2a14e3e014405fb9c6930fdfe2ae616546029719b39313e8bd2de52,studenti.polito.it,-42.0,50.0,108408365.0,100237198,AP-SETTE-AULA11AM-1,Student
02b35eea1c528c43da707ece23f5c672574c1538305de449fd56e921331d0a50,89b647cfe561a527143367cba020cf9dfc483a900de1955d511d0a0d57400486,studenti.polito.it,-49.0,45.0,486875.0,311093,AP-AULA05-01,Student
d8d4925c1004b1b9e9cfdfd4a95ff86849a16cb394e17ab34922874def84b29a,68a55218b7cc451a036be2c4d6513681cffb4b7b09cc2d9d65b42a459f6b5bc2,studenti.polito.it,-47.0,45.0,10998386.0,2132107,AP-MIXTO-01,Student
f8a79cd8baf70223152e9218a626fc2c1e44ca95206f0e86d6a7216c8f54d699,72f2973aa274c502f02b8b12ac20e0697b47b46cd66d6ccbf2cf5a78b4532594,studenti.polito.it,-55.0,38.0,46161450.0,3165537,AP-BCI-TZ-01,Student
89d2ceeb7e7f7786d1ebbe0c1f6e8be7155bd6e56087f591faec9013fd2bfe69,8ea3c15abebee71c39710c19fae996f9e6291a3c6d213683d81f22479136e09d,studenti.polito.it,-67.0,23.0,168443010.0,11822937,AP-DELET02,Student
8e1fa8536a53170be3151c4a09795d6a3d243f31fdb61bd55bf7e4cca421dfcd,9cc83f02bcb0fb762a63030eb07d1dc8119ba010cfbabcf83418bb8fc40d359b,studenti.polito.it,-55.0,40.0,14436412.0,2124857,AP-AULA7N-02,Student
c25b2a33fce9f3b9e34fc485daf452b84533a262ad39b0e06e06608441695ad5,d8c65a782f1d558459ccc3574d40d181cb230c4f2cfa803f3f8a0f9d2ec2cd9f,studenti.polito.it,-52.0,38.0,527791117.0,15368763,AP-INGCINEMA-01,Student
515521fc00d8669bdc3479b1a04f9c4e6ae5d1843adfddc383af3bf0d99e819a,567c85a690ac9077833cb806e8bcdd9f8389fff0e461bf5b1280fd7042ff8ba6,studenti.polito.it,-64.0,23.0,3026340.0,33409087,AP-MIXTO-03,Student
2d01380db61de3fb83677a95660b0fba137f8eb178de2a994b8acce19f800948,7c2627298adb3f0396756fdd000ceb8f5a652f1509a858fc208d866c6c50e8a5,studenti.polito.it,-44.0,48.0,1423480.0,226527,AP-AULA23-TM-01,Student
3947106c08bc933cf8d51165c18fa3ac710c7dfc5ed972b0f90002bec39a41fa,e5f054a78072d195e6a4a3ced83f9bc84c6b407b00e305ca11c71e497251f08c,studenti.polito.it,-61.0,33.0,2677443.0,40016294,AP-AULA7I-02,Student
1b1943ef84ebece4624e262971cb4e2766a238390f846d5cd94fd9188da74162,ed6357a058db9a522701971a26fa030c85294bfa1e64c52453c381b941fe03ef,studenti.polito.it,-48.0,42.0,17982850.0,2604774,AP-AULASTUDIOR1-01,Student
02470cdedaeac0c969e10e57fa437c000dd6185e2c4de3077c45d32635019ca5,cd9ea49f2959e9ec28017a7ece488d3092545a71e6ab1c974bab3c23fe47e596,studenti.polito.it,-42.0,51.0,2070031.0,740146,AP-AULA9B-01,Student
ad14c27041073c5939a0700dd51f36ebb5a44638a084e8e5404741fd911e5c8d,69a26a4a151327c8ca1118c5da68367dd33e6131e1eaffe89abc3baf2c1f3b42,studenti.polito.it,-55.0,39.0,267747052.0,4140133,AP-AULA12-03,Student
8400de689d747629c2e58f5b050dfdeaacdf7b009bb5f93cec306e6cc3ce2a99,f19730c565b191e6214852c661e070f16dfc7bc85cb1e8b8cc7cceaf7e1ffe95,studenti.polito.it,-87.0,7.0,14820971.0,1409731,AP-MVI-BIBLIO-SDS-01,Student
468cf79e82b1e91426ef9198808809ca3ab74d8369d3e531306232cef747e89a,58e9bbb2ecb3003025255f6c1575edd5f70ce237e0e821659dbd8c25ebb709ca,studenti.polito.it,-55.0,37.0,32994.0,21212,AP-AULA8C-02,Student
30e52ccb2b5835cf797d0ad15e7a063f4ec1fa47e98f5a6920b5710453ed5fca,8acb5d6df23706baa6e7e5877b2e09ca0732201ef94b0af4e61c8bd7bcfb905f,studenti.polito.it,-71.0,22.0,7245319.0,51847137,AP-FRONTE-AULA12,Student
76c719b952cbd063ea7df32b4ef85e15e2e771471892d9199e7568c4b31e1001,e4dcddf15a25c9e2d23266194252938733b9544952c908ac0f385e5e5ea1f36a,studenti.polito.it,-56.0,36.0,5005294.0,747094,AP-SETTE-AULA13AM,Student
1c0820ab32e8145a8bf8987cacfd85ab641333f58a8072f97dab769fe9ab5fff,2350dd49400494d6da9680b5dceba0c3027f800514d171ebe4a6c2fc702535f9,studenti.polito.it,-63.0,33.0,4864699.0,909189,AP-BCI-ST-10,Student
fee3ca4873fda108ab5ca5de62710e67ce6546fa6bf49fce8be05eb54fec8e7f,92a5000ff774905a0c05eed801c473ff4ca6aad1574bd1c1dd1ea5621d4ec73a,polito.it,-67.0,25.0,254399374.0,10448270,AP-DISET-1E-03,Staff
9b3c120c8f524fc1af94abb1d5d329d8dfe9e755cbc31f7db64519562c7d50bc,0e69db09f5a26c805d87b016a514494aa5a1edcf781c83e32dd0b467d3034ed7,studenti.polito.it,-55.0,39.0,11997380.0,529328,AP-BCI-ST-10,Student
a0dc2e8818aca2059da62ecf71e3469dc88de27d7fe368aab3366d7dd2ad51fe,93ef1819cd4d706ae583307325ce68a07c530950d5b3033b740fe09946208644,studenti.polito.it,-59.0,36.0,43664368.0,10406788,AP-AULA08-03,Student
386899628abb7b4aa3a2c507f6f68cb87af922b181d16ce4b8b17d7e654816ab,dcfab6d63568f0237068974a1db5ccce6ee90f9db2f60ddc01e711a38754d6b0,studenti.polito.it,-43.0,50.0,33381994.0,105492574,AP-AULA01-03,Student
520e4f54ba3c5d43a1c3356cd958a4831fa4c1446d36a9f02db6b9021e57382d,700cb4aff10df74839def03b40e65f9da952d6e5e48c49c4d86e2dcdab294a40,studenti.polito.it,-54.0,38.0,1010797318.0,31774548,AP-AULA5M-02,Student
335e9783740a56175e39aa78c12edb64156416bbf9989784943cdfa68fde99be,6ca58275179950f5154dcd2f69f24649dab97bad575bfc542f19e93dc5f55c85,studenti.polito.it,-41.0,53.0,204934141.0,37895928,AP-GESD2-02,Student
0b67df9410f8a787a6ad33639aff5f26c4b6aa66f8b2053f65616222cd4a7404,264614e68d7f10bb15dbeaccb35f8ef9265fb612a77a41e8f086ec8cdeb31ce8,studenti.polito.it,-53.0,43.0,23761747.0,34890908,AP-AULA4-03,Student
f393cfcd079d52172673f71367df56c285ce86ba7dfa8e3aedc3e9e0b617ed4e,6b69337b0c3537867e1cf9d75a8e5df1041ac7a23c9ceea0e3ae790158c4e721,polito.it,-66.0,28.0,49682385.0,116356657,AP-GESD03-02,Staff
bc564958e22eec65098bc56586e59b83174c67ca2d1763c3b36a858e0898b6ba,3e20a3ff513c3a9ee88ddeeedd5805dd144559845cd56f69d3d0eda60743c792,studenti.polito.it,-40.0,57.0,457403397.0,305332632,AP-AULA9B-02,Student
97bdd426fee349cf481d04e4110a33082d2ce2c517c2bd5d905f3a00f7632480,59009b69c2771a93bd3af973ea6259bac15f1c5b1454a560669caf7842f4afbb,polito.it,-63.0,29.0,133609885.0,110638239,AP-FISLAB3,Staff
8ca898eead8b64b37f378d970a3d0163b75aadb8ab2bc34c5b897955dd9b5449,c329a49d7192e69562202f26e049c6f54bd38eaccf5f44839ff36d19ef6177cb,studenti.polito.it,-56.0,27.0,15875328.0,1303315,AP-VALE-BCA-03,Student
7b23ec5cb67e15f7e3a4e4f19f2c5131572c6308cf6955d4d5bfaa9ed58be07d,2687dbf8c32fdaa964ada8bf18018f47027d8b93d15dfbadfd6a81dc0d9acefe,polito.it,-70.0,23.0,1002149504.0,54202188,AP-DIMAT-SALA-OSPITI,Staff
e7c4c091ea6e7201740a2ae7aa4ee65c0b5e227c02c6bfa67c3366acebf14018,6f27735cd09f11b1175fb3af921f828fc2fadc38771b14642af1bff49cc2a97b,studenti.polito.it,-46.0,49.0,180418718.0,5460266,AP-AULA29B-05-OFF,Student
cd2f805577724cda7631948de64cc041792e5d353b89a5fb0ef19e0a05c36ca8,0784d206d865c528396b741f6a99adb6bb5a0fdcf225c415606f245a64ae3381,studenti.polito.it,-63.0,25.0,614188305.0,23335282,AP-GESD2-02,Student
716cb0dd99fbd9beec77276e1c0f7661f32501d77533611d46e6a18780ca6a5b,185db040114d17f808b785a6b3382ddc88dd65caec6acac81f3ab47d1ef49027,studenti.polito.it,-57.0,35.0,39306728.0,7487507,AP-LAIB3D-02,Student
69013888b639a3b637854647f379c2e32de32aab853f9f95102569b94bf8a3c4,0efa5ea329af4ce11d9d93c8eec86e4285f83d16de9740769dcdc341fb18dfb2,polito.it,-70.0,23.0,5129328.0,1628290,AP-VALE-CHEVA03,Staff
abfeab2b1dc4d21d3afdda7f44cd7a9370d9d24149edc01c61382d7da98c11a6,925fb00f536c66e3b414e3d2c4930019fec45229051d2b49e12c8ee9fb4791d3,studenti.polito.it,-49.0,43.0,413137685.0,122537918,AP-CIT-LABINF-01,Student
8474d582cef5d2d717fbe6bf19aa8792a00a056f341408303282eef6b7ed4903,396fac4f8c8a5302d3b7e8e9035a3836e2336e340f3f13853ad83dc60527c00e,studenti.polito.it,-71.0,20.0,44149444.0,4898595,AP-CIT-DET2-03,Student
e38381ca321f37ec5819a931a6fbb3ed2cb06ea074c515f2ac2b07f691bd5396,de226bb70ee00ec8683bf09cf406eb37e3f82b2bfc3a15f49755c58dcc24103c,studenti.polito.it,-43.0,43.0,40693214.0,14673106,AP-ASSTUD02,Student
4a394d0de11a3268482c56a0792b4dfdd10c7a0cc0f71e4cb34fdd9df1c9217c,b72ad94281075c8d0aaa5ab10debfe5be9f23f0b8ec5cf54f1cd83e812ca48d5,studenti.polito.it,-52.0,42.0,9919131.0,1596980,AP-AULAR2B-03,Student
7ecf78d5daef16112fa93208f7ec6eb257fd5f97ff740e29e382b80cac77f97d,291b9e6732c0fb1a516c63f655c334c56b4f9aa928d2fdb7a2859a8f6fa15bf0,studenti.polito.it,-57.0,36.0,6931126.0,948699,AP-INGCINEMA-02,Student
927e12a06761c21acabdb209f18c76dbb8069bbf0f74934bdfdb9349818df880,fe9a71eb66491cd5e24bb99ac4e9253cade103ebd8646c2abb599c25d81dc5d8,studenti.polito.it,-70.0,23.0,1791581581.0,521962174,AP-INTE03,Student
3d7a969e4225b7af075515513048b0277494f6fd1de933e12f9bd034371e0ef6,ad27c260fc21dd3c09288cd15e69464539ba12461fc035e5d2e30526c4369b3e,polito.it,-38.0,56.0,130211424.0,47249773,AP-FISLAB3,Staff
da5f58a57b4965debd479cd15453b1fcf12c67d595b467b1e43267de10042ec0,8cafaa0b837cf5c55008ad1b6ba3445a115f04c6bb6a5db00dd0828cd69cece7,studenti.polito.it,-47.0,43.0,50349903.0,3197181,AP-AULA2M-02,Student
ca2715203c8bc66527cc179f5b76eb2be61c4379ffc7620d73d6bc8532e78cdc,1ab9f1b62d993f2a250527dc6bb788a00d672cd8842c9793bac75e1fd894d425,studenti.polito.it,-52.0,42.0,20028982.0,5337707,AP-AULASTUDIO3-2,Student
f3ad9b932ca7157a314cd981030feb118dd6eb9bb2b0ea7bde14cb1651820f52,c2176291e6fcc826267ca9840bc4249e7a117dffaf60a381299c7bb1a3622e88,studenti.polito.it,-55.0,43.0,81066211.0,23383444,AP-BCI-ST-10,Student
162b1a5e2b102a5e046afa431a8e7889462563d875d813d1b0ba85e994397a38,9c2b94b455827d2a856c07eaac91e49b7f9a8e088e3bd606e586dce176c998bb,studenti.polito.it,-65.0,27.0,301610733.0,49347210,AP-AULA23-TM-01,Student
8fd276001c007bfcbb1c652ead76a25ac27222563b555232769575e2a7c37ec8,ed4f19bce57469a7fea36864d495388fc6b24662be455417c3fa4a8840c2537f,studenti.polito.it,-51.0,40.0,14497208.0,38370229,AP-LING-AULA301-1,Student
9b16fdba48e2f0fbfa6020a14c91f5e45aae035aebee797b1011de7219d1d58f,5f48e492e8edb8c71fe8069ebed8cdb0394edc20d22bc76eb41286f8a1ccd308,studenti.polito.it,-62.0,35.0,552964439.0,8206688,AP-BCI-ST-10,Student
5a0f6723102750f9dbbf74d8e9093a21eea4931e03bf68e16e16e8c3093bb8ab,ce1da218924415fdae0a9c0c7a7b21af4fe078938c4dfdad99ca80c2cbebdbda,polito.it,-63.0,30.0,163242620.0,17796137,AP-COV-C3A-XP03-04,Staff
4210ad90967faf6766c127df13037c4d0c46eda2a64057f213336d38a1bdbe33,8f6bae67edc1883d27afa4bba108942b27a97fb42c03013287c7214ad66b025d,studenti.polito.it,-55.0,38.0,265076183.0,12118902,AP-INGCINEMA-02,Student
c6735429aed03ddcdbd0ca52b6dcd2a027a90bf8fac978e12388d2141210cf46,4916256039c8bd9e575342cc7e8192ddb671e4064f677b01abdebcdb4ac62fd0,studenti.polito.it,-55.0,40.0,2701925.0,1639698,AP-AULA29-02,Student
765965d972d47b7ff02e01e225d65052b588174065754919a3b1042593c18c0c,bbd52bc9f75805406f84d485589732f8644c347090e86afa07b5546286e2c042,studenti.polito.it,-51.0,41.0,14957463.0,3667527,AP-LING-AULA309,Student
16fd24864b04c06b9f86ed12ec6a1bda039a3f8e2c3d46e88556da7d6001776c,23b846b845fc46e2f9c5565e755befdaa8c72dd9ca715a7af6d6faf5b2c13dbb,studenti.polito.it,-56.0,35.0,39701533.0,2851148,AP-AULA5M-02,Student
5182442df6dfdc90ae631bff13ea916cafa7c43b0c9da2d6171815507ae5a4cb,1c69ca7d7c2bb9fa95698e55d40384d3c552179554a61d1d7f49c2cbf7e2f269,studenti.polito.it,-44.0,47.0,391514490.0,1265406945,AP-SETTE-AULA14AM,Student
ab6d7f9976ee1e160ebd8f0242c75c3f2dca66a28d34f297b0d5f0b92a4f8905,1f19346e658cedfd6b3806da878dd22a1e5b5c7e7df7d84197a1d44bc5efcc53,studenti.polito.it,-55.0,39.0,11742111.0,4632143,AP-LING-AULA206,Student
9dfcbe96a3c9cc5c8adc55a2b2d8b2b7011f5245ce1d624cbfc9933737ea6d57,e2b9c6d8b7537f2e96363605e48fc4dcc947061e191de43af7742909ad324af1,studenti.polito.it,-48.0,27.0,60108319.0,11059821,AP-LING-AULA211,Student
a0dc4c95917faa76184e9e79963c526fde291f5a80acccb1d8563ed446fedb2e,5d86b1b50f707c260e4b9e3006a54c1311b2785f53affcb835fff33586ac2099,studenti.polito.it,-50.0,43.0,303713270.0,43233856,AP-VALE-AULA7V-01,Student
0a12af7e4f325c4bfd7a3890617f25762725c64493b2a041d0898607fccc238c,9505d9cba2607f272d110d81d0ef473bf82600e94453582b18d17ed9d3d48713,studenti.polito.it,-69.0,25.0,23911191.0,6263965,AP-MIND4LAB-SN-XS01-02,Student
9d278301a65c7310ae368a056465a033f0e0744dc8c92117ec636fadebfb55c5,e86256246a7fc61789515f3793af575bac5605fa30b22452da198667fcd566ab,studenti.polito.it,-48.0,45.0,42386141.0,6488598,AP-AULA1M-01,Student
32b28b250ed892d288183ed8e000ef73a5f5a65b7314a9ca0a106b4597368c2d,b06045d924c13e1d92ad73dc478173266d69c6bf7cc1caf944521c843b097ac7,polito.it,-52.0,43.0,17692147.0,2547261,AP-CIT-EXCELID,Staff
f55773d5d9c9c5ea556e898678240b14cca4c0692cbb3edef98860744b9c5f34,0d2909f31f032ceb69afb88e869bd5c30c4ba24a0e9ba27961838dec66558bd1,studenti.polito.it,-47.0,46.0,103674849.0,64574615,AP-DIMEC09,Student
1eae28de0637b36b4ada651d76dc1ac49187f79ba5f1c808bcea8075893d3719,fede4272c0c452d08a85c283a929e4f4831616e699e9905d289a1c877d2f93fc,polito.it,-47.0,47.0,2772170618.0,31153482,AP-DISPEA07,Staff
86c7c69353fcbb1a7267ad1e408d254c3b202b1d4fc59fd44cb1fb4f555909f7,55c4d06c745a34722516c6b6a370683eb19728720175f8afa23197c6af525484,polito.it,-67.0,24.0,1195335972.0,247573576,AP-DELET02,Staff
b31ad9d254f58eae208e0c925110afd7d4fd63e43d41bdbeb44da1a2aa2ec0e2,95ad8665bbd68b9f25fc366107878315fb2da8b8c997417272f294e1462e93e9,polito.it,-66.0,25.0,9236080.0,2821824,AP-ENERGY-EC3A-02,Staff
9b3f36643f2e5426b7d4d7aa6a5f867536dc587497f3b4b803f90d5a0875ac13,62c58d519a3210715a0ae7f8e942fbf4bf70ebbfa641cec1b831cbdc9a590371,studenti.polito.it,-53.0,39.0,20069746.0,4697864,AP-AULA3M-02,Student
5574ca5071d101add2978d9bf24bcda1ed85ead3edec9d85e7543c15d588467a,0b1967374d32720627fb8ad12c3d870db59a7695379f574697a0f413580ac6ac,studenti.polito.it,-41.0,53.0,21940677.0,9705695,AP-AULA1M-01,Student
8c48b101c748f7cffe93e1ce3b247112bb0794afa082748027cee0654f8a2aa4,4f6ed9014ba97a1933cf0cc0b38dfa514e2e366d1ccbb2287cb0f3700200ecd5,studenti.polito.it,-49.0,38.0,14153447.0,1098677,AP-AULA8D-02,Student
41f5ed210ba6c21d6b31cc1aafa0da3c09c29dcd18cb76aaf879865215706db9,baa211e0d051bb6ba0abd264e2b0ef7534352624739896a98b63a88c363df091,studenti.polito.it,-59.0,34.0,180416954.0,38424125,AP-VALE-DIST-01,Student
378fe27b36b6c92d7b26f12959a7611f680ee0a3bcaf93624a71f7d510ae9e5c,72f2973aa274c502f02b8b12ac20e0697b47b46cd66d6ccbf2cf5a78b4532594,studenti.polito.it,-58.0,32.0,187256714.0,7286088,AP-BCI-TZ-01,Student
24eb7b18cef8828987a97d9963c643e3b0764d5ee8fec8859e781fcf3aabbba7,8d17572e65d85a86146477a258e50cb12a15bd21993f17223c5a601406052eac,studenti.polito.it,-60.0,31.0,30643442.0,93222692,AP-CIT-LABINF-02,Student
11ea306f74dfe1e2cf1473f47a607b3b6f71ef0d0c77ac4f5fa465a10eca5d08,aee6c81241d3e44b5ef8ddc8255821e69dafdc392b729583ec219a38cdb2cad2,polito.it,-56.0,40.0,21791854.0,21485018,AP-AULA01-04,Staff
11057b93a7cef3d62086110a28784ab25194337e9c509bb7f0e5f40d5d0755d6,fd649960408d875e14b9c8f5d8d6e47ac810697e464529d4624338e62d9dfe38,polito.it,-55.0,38.0,394666808.0,21003472,AP-SPECIAL-NEEDS-01,Staff
9796ad2bea17ccfe763706cdbb9afdf9f1e078f8da212b4bffe17d1294cb997d,f4124ab98f683f6612009d8b570362e3e1e7b692d79165132071ec47a9f5a07b,polito.it,-53.0,39.0,24494692.0,18737133,AP-BIBLIOMAT-01,Staff
470d07fde0d8a0fb00b68be6bca64b7f32cad88c9893b945bf18f6cff65c3ec0,c0f1b4fb9590c9446360c3f9c1bc9c4ccb449a588d9899cb56b1a1cff9d0c2e5,studenti.polito.it,-50.0,41.0,41667178.0,3783014,AP-EXREALEMUTUA-R2A-P0,Student
b32c320c5ee3a5be7e36211a53cd4209e0684c46d90b3e0b39dd6901f695c6bd,12bd4685e60308749af675da9abc7bb043808299df6e727b2c860439f8dea5ee,studenti.polito.it,-44.0,48.0,2014652335.0,56705650,AP-AULASTUDIO3-3,Student
a1b0b453bb0747d6e048eb7f8f1046bb5d4bf3ca056f34855322e890714adbc6,b20b173380302d507cf32a663be8708e52ed9129f34cf8cb11cace7dc77372f4,studenti.polito.it,-51.0,44.0,167164415.0,44509915,AP-VALE-AULA8V-01,Student
714e82a72b85e7df89c45c65e368b851d640ed7c836828bfb16a6f088d66aaa0,ae8df73fef51876b9783f1a11a8fa3f44d05fe638d3e93019ebea48f0154be1f,studenti.polito.it,-52.0,39.0,272079714.0,12701081,AP-AULA27-05-OFF,Student
4c79fad841568a24a7177b7428c17982f61bb4acad5409d720d3ab581536225e,a2e107d950b94003965a8739d151b8738670b79690cf244447efd94200bbcdbf,studenti.polito.it,-61.0,31.0,446625740.0,50476043,AP-COV-C3B-XP03-18,Student
58c1e9a03362caf0d25831b6aca422a9ed715b6df7bf010b08f3297c92ebcd3b,37d238653c4a61acad62a942c41d4e8a57c4a739527a33af9f76388a167a038f,studenti.polito.it,-52.0,43.0,164172256.0,2958958,AP-AULA10I-01,Student
fad6fb23aadb7112c2e2a20382136d66ea964890d3688d7bd84cc6a6c432d204,2914d87cf5693339cdfeb928a1982e766b933bd3b142ebd07c61ba57e8b684a7,polito.it,-56.0,37.0,227742926.0,88371792,AP-AULA3P-01,Staff
75bc0d20959786a3c73e22cdb630487b21ddffb52299e4633aa5617b7a4b75bb,7327b90c8ffe0733823be2270b6eb1b2b58a145214d8817643a334d74aebcfd5,studenti.polito.it,-51.0,40.0,60771792.0,3283326,AP-GESD1-03,Student
5ccff8060e2f107fb961dd03f8ded888a9ad16b7ae391124f192b9e954c6a953,c2c14ba4eee4e597d4ed2a38f537e358a17a1cf4f9fcb3be5dbf27c8a32808f4,polito.it,-62.0,31.0,11154609.0,1696321,AP-MVI-LABM-01,Staff
ede2a43fdb355e4e98b54a91ed470dc387ab4987527125f7b7af4d3d4108f9d2,ddc5cbf777185ed7b40fc78f5b39824ccb9f4f7ec81a383aab7752f635018b6d,studenti.polito.it,-66.0,25.0,8818421.0,1203764,AP-AULA4T-01,Student
658532c3ca51ed275ba0a99750d6763286ecb47be422716a73ce00c146510685,fddb923004debd070ed63a01de91e836ce9c3524222e141a4b7f5e1452c32949,studenti.polito.it,-58.0,36.0,29720764.0,3094881,AP-CORRIDOIO-AULEP,Student
366d3d5394b493355699d0e505a7f5d441f882d191b12c4e221622107a855f9c,1389c4853f6c7b69e7d62f1340bd5a7469786d0f1a41c72f56111c81f19eb14f,studenti.polito.it,-73.0,20.0,262776.0,110849,AP-AULA11I-02,Student
21e26d68513d133ca4c44eeab63243bf078edec0c4b3c6e5bd08170352bc2895,8d5906d36069869e8ec2d2e2fd605bca7ce6df36006c17fd286fda5b687cf296,studenti.polito.it,-52.0,40.0,56035756.0,5063269,AP-AULA4N-02,Student
cac50d72933d469872428a17054a80661c0725c019b935908cdb48ce620bc5f9,90ed156354121e93cbff86028e08e6f01955491d122a3f1126a0a756c842dca5,studenti.polito.it,-56.0,40.0,244521720.0,38417474,AP-AULA03-04,Student
bb3c71e4d81db07ef4e70accdfd867e85ab8ecc92ae94d4ea02a7cf36295896d,41626b32953720e5e3039cc25eea06aa110d71b0edc0cc3989e872139a8691d7,studenti.polito.it,-59.0,18.0,5976124.0,3837291,AP-CIT-LABINF-01,Student
1374029b31fd0fa60a24ee484a585d5eb90186a5235aaaf82fab92583d858be6,c5d5547cf61137e1388834ae2e8d67a049a4a6cdaefd72589ae08162b4f1ef3e,studenti.polito.it,-56.0,36.0,1480114501.0,263405990,AP-VALE-DIST-10,Student
df7d222dc15c62e72580351b53b88cdc2e97ef28534a8c18139c6b62e0c5bdf6,dfddb60061512c3bc6d123044056a7cd5e85d1279e1b49a9830b7a421013ecf8,polito.it,-64.0,30.0,1352866351.0,773551417,AP-DISPEA05,Staff
b0eee78727e9fb5aa657b6e1b15f8d02a7d41a51c21647a71fda64fa0e5f924e,26e80634cbc06f762d7cf069c2043f47e4cfab86eecad981d9a93fc9af7b6bf4,studenti.polito.it,-61.0,32.0,362343032.0,18608578,AP-VALE-DIST-10,Student
c49958966f87014546af42cc13bf564621f94e3965b163cb15b721f2d9631099,a0a6414e832490efcb6133b0b23ab54bc8d9a8b6a72d575b612e427406d4b4a8,polito.it,-57.0,34.0,2592350462.0,213363242,AP-DISEG02,Staff
0cb90f34c7a5c6c4600c9add567e911ae83c5f35233cfddfedaed94ab7ef4bfa,b312dbf8a9a4b7c69f8316b176ba07505defc3bf25e8bb35b65a86134fd0e2b2,studenti.polito.it,-50.0,41.0,402346564.0,28890739,AP-AULA5M-02,Student
9eac4ae4c5b56d56dd6d1aeeabbaea86eba9518e27ba463aa8a7bf5af538a1dc,19d8b598c0346d5e018d0c9d8fa3d252e13685ac07892fde13a1e0b35efcb96a,polito.it,-51.0,38.0,1121122923.0,165292085,AP-CIT-DAUIN2-02,Staff
8b3a492e72636a90b63fbaddeaf6c9e5326b0615ac397d588af8e6ced6f030eb,7b6935914a1fab24dcd8b0df093a113fe2420ac65a860d7d4119056086c2f31a,studenti.polito.it,-61.0,33.0,99070485.0,16739524,AP-VALE-AULA10V,Student
8662f8ac805de2e547844c1082b43917f93233470e895b1e8c8fc7078d1c2a3f,1bc9ec50da615539cd14b8bda45f4ccbca795cf2e57bc48f23bdbd3659a44c05,polito.it,-74.0,20.0,1941811405.0,1386643532,AP-DITIC07,Staff
6c06b764d1f6b24a69e10423e5a6f31e305cddf0374414242e4d1ade1c22fdb2,bc9e79d1380eadc1ae376ba6b9ef64a6eb6582d61a815529dbfe6af1e58e461b,studenti.polito.it,-47.0,47.0,81001274.0,17942622,AP-AULA3P-03,Student
02495f187e7c2e4e8fa1f1dc1bd75ef982af07cc29aef0c024fb06813fcfc655,67c63912ea207af2084042e70d2cdc4fe1a5cc0a3748fabde0453cee084b7fe3,polito.it,-60.0,31.0,695029950.0,225328631,AP-COV-C3B-XP03-05,Staff
94d73c4576e8c8c3878f31278a1bd30ee8b373233a46e94bb2df136d1e4db912,e65221164dac0c1a34590064eeb2fbc63b45e675c49267a4e1e79ee4e055d655,studenti.polito.it,-42.0,50.0,329796958.0,1016098929,AP-LING-AULA211,Student
a3e62b484f9eb7f8878245e329b515c4f1a724810d4afcea6f845548348c6c3c,071f4361c6f5b593ed791748f1d581c8978a4212d3c38cb48051721f340fbbda,studenti.polito.it,-52.0,41.0,725235838.0,7380403,AP-CIT-LABINF-01,Student
b81135d49fdb9a80c3427c50fe4dc5e6d34df9d7ae57054fd7cbea06bbb58aad,1d90d82e0bc024988ad518d8f40643a70011c239aa8bad2371cfc0745ef54db2,studenti.polito.it,-61.0,31.0,1228758556.0,60022156,AP-INGCINEMA-03,Student
4c2e9220e34a3bd5a390a434622c3408e7edc1d1a3fbbca7a84824c1b8a23b56,4395b9a22c4a63944eaa2714be9b3bd6c8b4fe013e7f98faaee8447060ab5924,studenti.polito.it,-61.0,29.0,620750660.0,60936361,AP-LING-AULA309,Student
d0d4e3763905a33e63949fc11d360373d4931f01ce3681358490a6c886d5008e,a7ed3789dd41c0bc945d28565b37d46dea46f4cd8db54d1547cdf82aa643b45f,studenti.polito.it,-63.0,31.0,42340021.0,7627821,AP-CIT-DAUIN2-01,Student
a168ffcd74750a07b2dcff532f6cc80bb08cbcacd75f7e7099bb66e7aa440dec,65112a9a108a722e266b5d97dd843bf0da4ed7a956a5d44e2bd7db7ce0a14ab6,studenti.polito.it,-60.0,33.0,269292980.0,155592867,AP-CIT-LABINF-01,Student
6741311e2802740fee46b5704376946c126791384c2d0eb97690138c9dcfe973,b1ce9fafab9ffcb242d10887d2ddc9dc609423ff269caf9c8c47ae1e4c4ed735,studenti.polito.it,-45.0,48.0,412222953.0,16463328,AP-MVI-AULAMAGNA-03,Student
9f9ed922b9b6850cb14b9e5eda4d655b747f090604f62488a6cf858cc0c7616d,2371d243c2a72e45a5711b8338347021a48e592c9ae4d091dfc6933eb6950a47,studenti.polito.it,-55.0,38.0,109179703.0,8741876,AP-SETTE-AULA13AM,Student
3b3284b7c32f6e04783bafe516fa17603965d952515e0e8537806dd537fb3d48,7dc68f54a12b9c49e15c388a53561a3b2a0f3989f28cf2d055f9787addd28740,polito.it,-30.0,64.0,895214.0,527121,AP-BCI-ST-08,Staff
9c3e389c8c69cd686b72927cb432beb4424f5ea451ec9accdfd020abc77d6220,5368b39085cdb73feae0dd73a24f3958162b18a9687727919e668882504406ac,studenti.polito.it,-47.0,47.0,55646992.0,10954331,AP-AULASTUDIO3-2,Student
3f7cf47edc57053dc277c9ec4ad0df2993a2b29ada6e21c4fb32392862244b1d,d3fd3b9f3522d5560bb9a84f11d26de35dcb2f5719dc661618f38debd4ff08e0,studenti.polito.it,-56.0,37.0,1258817550.0,24581015,AP-INGCINEMA-02,Student
54addc9d8587169cd5226ffeebbeb51bc5e39bce89ea3b099491995d2655ef21,e46fdad4931a8baff0760b940be1c5fca3a45526b7581625dd2411638bea1422,studenti.polito.it,-48.0,46.0,50599046.0,3267521,AP-LAIB3B-01,Student
a14f458fe8e1726585ee23e67cb25302c1a1b2a98b94c69419e2b7a702b7b8dd,9728a07e1a53253ff60553f84853c2304e51dd2723875701c04e9d91cf0ad6c8,studenti.polito.it,-64.0,14.0,15443017.0,437123,AP-CED-DET-01,Student
603933e64e887ca6c128972dcd6de90207b1a47ead4265254fa2194c036d7c0d,a219d00f3f1c0d1036c0715b09e5792e8fa5a806e819ac02d5c8fe43bd0f3c0e,studenti.polito.it,-66.0,26.0,12176365.0,3215927,AP-AULA6I-01,Student
8f33b076a0c60ffe765bb00df4cc6d2238662a798c9c8a613bec566bd87be0a8,dcb94a59ed5643754605af73ee3fd843c18eeb9184cde239dee675f53c20135d,studenti.polito.it,-50.0,42.0,42401019.0,64420632,AP-AULA13S-01,Student
3ee0880daebafcbe5824918e0242c5e4b000753c0059c10644474ddc4a72429f,d9256b0bf0029bc82748925bc7ff593d8ff119a3f368c26d6e1db29a6ad451b0,studenti.polito.it,-47.0,48.0,3633817.0,933938,AP-AULA2M-01,Student
f251e0afdaae116e50bd6018e86f6645c46e83ecb6e3aad7d2876e4099b2e3c8,a74ba9bcad95630eb81e6d3bfc17a73270c46c5e83153d8cb82c89375c763127,studenti.polito.it,-52.0,46.0,319754722.0,18294588,AP-AULA4-04,Student
66cc6c22fb3edea9aa44dd7ce99ff95c4a21866bbb18336abf5d79cd18da010c,69cb1a29972ddc47666d9aa42fbd7d79ce1550b96d9c60565252a8775ed906e4,polito.it,-64.0,30.0,16560081.0,3808498,AP-DIMAT01,Staff
0bb42459b9dcca0db033c2f3bc5c72dfcfc199abf53fb5ce4e92dd8cfe399c9c,d1fc803d5f8cf61d993ee8361db347c79f01ccc14d09c166359ed62823e6453a,studenti.polito.it,-77.0,15.0,6389587.0,2544150,AP-DITAG01,Student
6818152a65490147334686ca8653129eba1ea8264131134a13dd4d08cc3ea9ee,e41d064138c1dbd27978c91782d3cca7c5a69a2bb16f5d8f05bf6f26f9c173eb,polito.it,-85.0,7.0,260355625.0,12283438,AP-DISTR07,Staff
c24c95d7cfe1a84f0e65d1b6cb6c6f75f361272b54e6cb03c9f3ae72438ef268,0bea83b79f249189c536975ab4bacc4536450c6534d5781966b156d8a9d31dfa,studenti.polito.it,-58.0,32.0,339046293.0,106806306,AP-INGCINEMA-01,Student
e6a382f49fcc48a4f1e8926ecc185fc882b34ee59072c933b8045cb7e65923e8,f9c69c659a279cb7a9a2e63548c7564aea100ac3d9fd633a72b8df335c76f5df,studenti.polito.it,-49.0,45.0,1699962902.0,47698942,AP-INGCINEMA-02,Student
c6c1321887472adaeb385ff5725213bbac0024dd68fd1622293bc968b4a1620d,8a2eeb86c6f1554b66f824a71fc8ac73c85951edb51ac5f845dd4d2dbdb10067,studenti.polito.it,-55.0,36.0,278407926.0,15796198,AP-ENERGY-AU01,Student
677bde6e7e9920e3a83b13336181fcf20cad561f1b692240863deab20e880c7e,b7135b758761e2720c286fe27a793c97bc1cfaa8f776061beec4c6286f39f0e5,studenti.polito.it,-56.0,35.0,250051883.0,21364429,AP-AULASTUDIO3-3,Student
389fb54ca8bc80db89e3a3ca73512e5ffefbfc00cb102049f33cf0db4d5caa30,35a84ed25fcd0bc416d3fbb753fd0fe91d7915795633e8384e72d1ae60490a57,studenti.polito.it,-54.0,40.0,11085823.0,69126170,AP-AULA01-03,Student
cc3313c98ecbc245b547be2bc7f7522e863605c278ec1b84f5521c237033cb11,ba7a10ae58493e2b51ead13ce53d54d375807bccd8d27a99910e4ddb7521233c,studenti.polito.it,-70.0,19.0,2131724.0,2846138,AP-AULA12-02,Student
c99e9cd37d1a978c7e863233985ed589396e246411c6dfb05cd7339a18b0248c,6b063efeaaf7fd952fade3d717cf66ff9b8011269050d2ca5d351ac165fec74f,studenti.polito.it,-50.0,45.0,12772808.0,1322043,AP-AULAR3-03,Student
6f3ff265e0056865d894dc39eb18f4f994399ff5a244f7ce8818f88065cc34a6,694153a133cbb07044b3694fbdab3b30d471e6762d40e1fa19a7d2582ef82087,studenti.polito.it,-49.0,46.0,227585886.0,10155626,AP-BCI-05,Student
2725263b61ea0ca53dbd2c01e78b47e5360dbd4e8592972d9efe7630dfbbaeef,7d34478fbd8f770dcfdcb2276c38811961bedc5f2f1866c7ec9fba169aa1c977,studenti.polito.it,-53.0,39.0,146736767.0,5033435,AP-CIT-LABINF-01,Student
515107c24fa11fa261fa7b434b78d6c3d3d2675c6377f527060e0b5d3f3f8197,ea2dd7122057735e333cea548e266c497e03f233845c69a62488efcc43dc9797,studenti.polito.it,-73.0,18.0,202210.0,194928,AP-LAIB5D-01,Student
14b7163ec79489c8a59cc156e4301337112dee91f76d86e13ce13417ea248c6c,1edfc6047b4926ec9ad9c0762b1e78071717a29a6922b9cef2e11ae2798928d9,polito.it,-55.0,39.0,72978833.0,20514602,AP-DIFIS01,Staff
1d73cd7266dfadb8bfc38b44fe455325187695f2beb0c741e20d61686083ad4c,5192232ba1e2f173a47cf278100b2540ebc8601e268fad6e94e064d14e010f90,studenti.polito.it,-43.0,52.0,348373.0,262523,AP-BCI-08,Student
f43acfd29399514158c5d485105c7bfc66b4f8dcf6fd883f4f48780c1cebfc27,264d94c240602df8fd039119f451e843c0562c35cd05c89b342c3fb391608f81,studenti.polito.it,-65.0,31.0,920832964.0,1483811579,AP-AULA1S-02,Student
25aee5cd07fb3d21d76b2fb973b3848863db7994fe155c1cac4b5cff98c17fbd,84a8f6bd408d90ded76b017ea112e5f81a95ec6b2a35e0693d6b28e4fb9154fe,studenti.polito.it,-52.0,42.0,122586951.0,12456850,AP-SETTE-AULA12AM,Student
ec5d578ce81beb584229976df4a4789338c20d2c3226194fcc812a9132389847,99fe8b5c7c200c5df1df82181d211a12f5531b157ca7aafd38426f61382a2305,studenti.polito.it,-86.0,7.0,59173018.0,56426505,AP-AULA11-13,Student
334900c2e5d99adeb3378cd228501cd978c3a1635762b19581db4af4d1a9a28e,f07b8e70737b802e3fee409bc29dc175fa7425afa535294fda279100af4f4f28,studenti.polito.it,-52.0,44.0,187611124.0,2819603,AP-AULA08-02,Student
5c1c5ca63bf34b09f2cfb4cef6ac94c74d85772cc15bf4dd4d787af40978c68f,227d5c042dd39f91e6704358e04b6a383c11b3bc3eb5a7fdc162f064fd85adfb,studenti.polito.it,-59.0,12.0,5958469.0,2367873,AP-CORTILE-04,Student
cdb980525b72d3743d30ccc1819bd781bae7b8a915ddfbbb21401b1d15e1f178,a3b5219e8ac602241160cfed2c0aea971bdd3ddea8a278a26dd5491553ef54b9,studenti.polito.it,-59.0,38.0,222263.0,340313,AP-AULA01-02,Student
ecf620a66d915a5feecea7889bbf4745a3b762923b9cbae3e696101aef0d3dc5,94ff00b788148021df3725a047f08f5fb84d107d5433ed2866656e77e9f5b1ba,studenti.polito.it,-59.0,33.0,137644215.0,13187106,AP-SETTE-AULA04AM-2,Student
36b083a8e31be5d27fda58b4844bfdc67f61e3560f42bd27f06f341ab51bb51f,358a950cf7db64d6b6475ebbb26f2562272a31b2db2c82f896d8f82db4919ec9,studenti.polito.it,-72.0,22.0,11514892.0,1192601,AP-AULAR2-04,Student
5f8bab374e003d73e0efdbee0d3ff1cfc4119983c9101c057b70f53f907e73a4,51647531227eb69aab8f4690bd73def225e2be84c1d29f67fdc5bf96cca57ec6,studenti.polito.it,-48.0,39.0,84668273.0,4274879,AP-AULA5D-02,Student
c20340f23281f5d76f468c9e6273c53462620c58b58e2a6dffedac5ed21c4626,7a517fc0813e62004874c597d46296d398480b5438990672950e8cd782b414a6,studenti.polito.it,-42.0,48.0,34078327.0,14843400,AP-SALASTUDIO4-02,Student
8e410a786c5c2c0f2cb09c8283f5f8d10856b1ba745b8f3a45b2e712b10a504e,e2295899bab4885a8a01064d65a4c7a143e5365b24e69a34e8e4acc3b07aaa08,studenti.polito.it,-65.0,30.0,1659239.0,1395195,AP-CIT-EXCELID,Student
82d29a34b70dbe855408957d3920738fae31400a97906c9737a3d32bd91309fc,0e9ebb12f838d704dfb74b5ce4ba8ab604dce5f798d9feff18dd4fd23318508a,studenti.polito.it,-60.0,33.0,3474059.0,382005,AP-AULA12-03,Student
4450334edd6d58d30a8d6529ca110b0e1717fbebfda267e69859b083297c3962,32c02e05ab5c43337164c9bf16841ef1adb3f754c29092d161b087a18e073a41,studenti.polito.it,-78.0,12.0,919753.0,360080,AP-DIMEC16,Student
77661c397b5cbc9b1265e2d7b45aee9ac77944d78329526327e891afadc840b5,7f244e760de94b3e6b8fdb3bee0da429f46433274952631a3e2f7d0d0fec1247,studenti.polito.it,-50.0,43.0,624435720.0,13439869,AP-INGCINEMA-02,Student
7b86909d4c659335ffdf037dcccdd0bb5aec776d15e9538e84d5aca09bcc1f0a,d720341a2941e0a0c22dfcd780a4dff97ba0ab71a7018489c2a68764eaf1cdf4,studenti.polito.it,-58.0,38.0,2413011.0,6401336,AP-AULA8D-01,Student
5b6d7ff6d7ff7ebfa0e656f619ee8a90d40993d82165d927ae7caeea61cf7e58,5a034e266a4cefdf6c0741fc6355ec9d8a9dff99ff62ffc8fd1816fb03ac2330,studenti.polito.it,-56.0,38.0,25959949.0,515609,AP-AULA12I-01,Student
3d81225684b87d98310472d7ee4734e015e913234847f9b3b9988d301ac59854,4bcc197d3933d1fd74d4e397e14982c6591e364d01c8bf3112aff9c09a480424,studenti.polito.it,-57.0,38.0,7479241.0,169185775,AP-AULA3M-01,Student
593dc885c97c57d46edf1843c092229310ca959099533dc35cd50759ecb74d0a,7ce27a9bd65808d36def88aa0c0cd531ac5369644ff66255d756c58c74227daa,studenti.polito.it,-52.0,41.0,485809961.0,49648806,AP-AULA4-03,Student
e700e3bcaa05772a6029c2fa0ae614697f6905b4f275d173ff6e855c2ad2a8bf,a115a5f9f5cdcd2913e552f0e1439c5d206b007b2464e067a92d76a43346e0f3,studenti.polito.it,-75.0,18.0,276935189.0,6162665,AP-ASSTUD01,Student
27b739a22e74ec587b7eb1313654a7a88b62938ce037c211cedfb6ee9c95070b,ebb81abf0bac8d925119d72bbda8f3d952243139fe2c7c7cb3819d1bfca7b404,polito.it,-68.0,25.0,1466584.0,552833,AP-DELET01,Staff
c4c4a91c384166a83f1ea295fd1b38b00664d110b1615eeb17eb947eee7810a1,d12f8122e4dfc85673eb00d5065814bba8717d1304154b9a825b05a57968ec53,studenti.polito.it,-55.0,39.0,31177.0,57382,AP-AULA1T-02,Student
b18fd5d68c497f36165b78e5d636442f9cab28f1a088a53f3943e34c895cc89d,a22b4c436c9dabef62b9187976a4799a5cde34e00f093d15e41ef0fe75330aff,studenti.polito.it,-61.0,33.0,28741304.0,8134991,AP-AULA4-04,Student
c6c3d9269c8f24a64b70aece8ff3bd89325337bf9ed8831b70d00f7de4d352f9,a20a380a8e57d5d2fb293e76a1fdf595fd2e88fe0f65b3404bbd7f43f145624b,studenti.polito.it,-49.0,47.0,17804223.0,6723844,AP-AULA4C-02,Student
d8b641c01a5f32b82796ced441e3a621b26c9540338cb0a996b9c552392f5ba8,571b67e2696e506c6e848f025bf23d0d5b5035c2043c707d05fe366ae1c9c9c1,studenti.polito.it,-53.0,41.0,19352281.0,260146,AP-INGCINEMA-01,Student
1268a82ec8ebdf29d4036a2e5f98fd19ccdae7a6cc7f4cd45cdb46a13392f77d,9d114f73d3580f6d9990f67dc0e0a61432eb41c91ad805c0d4939458f79033ce,studenti.polito.it,-57.0,36.0,682163.0,528109,AP-AULA4C-01,Student
7d65ecc64c97d69694252cf6d1e0f9f248710b741e78779631484724222ad39f,8b2fa9c1dfe76e877d14ec52e081d451df122c77e3288bddff1697ca884a6fa9,studenti.polito.it,-62.0,30.0,3348965.0,1084268,AP-INGCINEMA-03,Student
88ce19c702b53b46254bd3bfb8c4e2a8c64269f8efb9ae16eb2e70587b1bd710,bfbc664cad0b042e8f37d72c258a79b5b1c33bb3e3b7e8c80026265353076924,studenti.polito.it,-67.0,26.0,24980733.0,9155244,AP-LIFE-02,Student
81f2d6a3ab64708eeb8737eeda25c75a1e729155a4b0c3bdf9e16eda7ac26856,99037ac8bdfff25ca5a8e03102d8bcadaeab8c518df2d67549ee159ad5d71632,studenti.polito.it,-52.0,33.0,77236305.0,10819917,AP-INGCINEMA-03,Student
0d5b7ea28d5419c71644cfdfeb4584807d4357ce5c45bf623ac8e795d7047654,3fa85a71174d0d1ad9c6e05f836f4ec574b4ece1620cd0569577355395eae660,studenti.polito.it,-49.0,44.0,68770027.0,3706689,AP-AULA10,Student
73c95228d6b20aeebd087d7f9c6380427136c814f264a10093c1db767d4dbacc,841c3ca92df3f8b16da4b063c4cfc15e1b0bae2ea8dbeb30e859c8f37cf58aac,studenti.polito.it,-55.0,32.0,0.0,0,AP-OA,Student
aae3a3ef42bf6ed2dd46a85a12bad94ba99fbd626f6d5f64ca5da6b272155bba,8da608a6d8be1038c17ccb66bac4ae97eb451079bd631dbcb1f20394a6985fef,studenti.polito.it,-48.0,43.0,37307547.0,22966645,AP-AULA4N-02,Student
af80b846cf0e3c5b10fe337d0c54a8c76dfcd0c7ad26adddb7594b8bd8a255cf,c25f30b076621ae618bfea607fdd541b4b616083aef0057d7195a2075419effa,studenti.polito.it,-50.0,37.0,181297292.0,4260728,AP-INGCINEMA-03,Student
d391452b0fbff35604478f847dda9b9cd2f4b1f069707f4409e39c5a7f04d6ad,49a099d7608ba8fed134b94dba3a81c4b97aa5040c3814cbb2f22d00fb3c3851,studenti.polito.it,-48.0,45.0,58570642.0,10609153,AP-EXREALEMUTUA-R2A-P0,Student
9563b70510f97e8feeb4861147c4e0b92ece046e7f3afdd3544da9b52c4f4f00,6cd7e14e8e2f77c9c1253432cd89a81e7de99afdabb7aeac26740c5b4b17f75a,studenti.polito.it,-57.0,38.0,48954475.0,39304309,AP-BCI-ST-09,Student
4ebfe38d9f7805229de14db3358c34e5e9ac888aad5338e87c244953c049be00,186665545b9b1ac7121fe6e41da897b482172b103a21da4979515fe33d38ab09,studenti.polito.it,-47.0,47.0,8309869.0,1920435,AP-AULASTUDIOR2-01,Student
ece5c2047597709b54f0a035bb4f2f164967b561da615216762094edcb99ab12,6d9dbbbfad0b117d76679969897cce69ecb2d6a5fe6b17fda13b0ce7968d05bb,polito.it,-73.0,10.0,139657253.0,26668997,AP-CORTILE-05,Staff
10a9a2076f0b16e0bc714195a2f165e152e4d580fbc5f43769274bacfe77523d,a019df23f5505cdc771066070b380ad3a7179aacbe34e88dec005716fad20a75,studenti.polito.it,-48.0,43.0,2301274.0,1025297,AP-LAIB3D-02,Student
91482b5e86ceb6363a7b0f77b96b9816dd2da8c2eefc78ef91e4544e3804f697,7fcb951113f65961fbf552b06aaa024d704db63181073f19e827b012b383201b,studenti.polito.it,-56.0,36.0,4834714.0,1146846,AP-SETTE-AULA04AM-2,Student
3024b27c127efac2175a57c9d9b931501d62a974e767594975d9d370edc11e66,,,,10.0,0.0,0,AP-AULA2T-03,Unknown
cd1433acc392f4289966737b4c62fd6a86d3b06327e2e080721b2ac810dcac71,22e7b3fc90890b036b05d169fb15c11b0b08dbf4597fd86ac6a8ab26b8782ad4,studenti.polito.it,-52.0,40.0,586794868.0,16478200,AP-LING-AULA300-1,Student
bf990cb72a881e918bd490d443dcadd30dee21b0506c1dfba702c58c0b83a023,4b1d1ebe4722bb2256891a407d96e4a75a58764004741c34ee882d11f4f7d12b,studenti.polito.it,-47.0,48.0,12182881.0,2243061,AP-LING-AULA201,Student
2768d0e4058d9d02f2bb47af881287b384d0434fec1c64466969a2b52bc0e184,51ba50d9840b41439c84ae383bae32d63f109d9118a77bf5670c38da6870d23c,polito.it,-58.0,34.0,67692599.0,7906017,AP-CIT-DET3-03,Staff
eccce0dcf8285f2ceb547f14eb2e4ff0f281ab65381dc3b069bca31fa65830dc,39c9f7ea431bdea53b5a21dca50f27223ad6d85206e814edbeb3909968f411de,studenti.polito.it,-74.0,21.0,12209282.0,2332557,AP-DISTR06,Student
6c017ecc3b47e71b2421845785db8df8dd6e8e88c35980564be3a9aaa01a7808,1e6c257d7d95d7cb8d8bd8e29edbd4d4dc3a120fbb0ef9e15c40943a01001fdb,studenti.polito.it,-46.0,51.0,31222.0,209887,AP-AULA2P-04,Student
300753c926ec828e6af1844198f25d79e22e9214616d32bdd775580fddcf7a68,cecb51d08956e371e0cf8ca06eb480c643395b4439b33ab7aeec3eb5c723e993,studenti.polito.it,-51.0,42.0,7425605.0,802814,AP-LING-AULA305,Student
feb109a9339b6e590b7258ffcea3ffb2d27f66b36f893467d0c28cf950d5efd0,9720cfec1bce9e2d61ce466c0ac88a428de6fda5fc746ca362e96290cb42bca0,alumnos.upm.es,-69.0,23.0,215640.0,189712,AP-AULA1T-02,External
59f3d6a2a50a8a5c9525dc9fd278ed13deff6985ea77813d168208e3cb9f2a98,ad963adbe35b67f7f239e6c21ec17ee328939c56e85b525f776f40f237af3bef,studenti.polito.it,-69.0,23.0,372045021.0,5473239,AP-DAUIN04,Student
c926c877dee40d10408e545e1e53f266ba4aa03a2c2a6bbdf603de9bd6cae1b8,1d8f2ac5e879c2ae0a10e665f3d22cc24b2a7d0d7f4df6f52eda05e9c2328d47,studenti.polito.it,-71.0,22.0,191047819.0,12112446,AP-AULA11-13,Student
b91cf926dbd93515b81f98c293d8214e8928a4b83f2580af2e41f940cb85137c,a0f7ca7f91a7778ab8b5e1740ed05abfc56d02a585e8ac8f893d49a50c45989a,studenti.polito.it,-51.0,42.0,356311361.0,41142171,AP-GESD2-05,Student
66c1afb1cd264c83de405fa16516297366ef7285b804e968749f0ba25b3fcc0f,b31957eb5e0053f5825d2b2078402143ed30fc6e0cd0397ec9d818e7c7becf7e,studenti.polito.it,-48.0,46.0,1865639.0,1262627,AP-AULA12-03,Student
0125be09929cbd5a6c0061b6ebfa39ce2a9a273c38123a30940a1467d85609a1,1fbe98b860be4c7fb920a307541ddfc13475a271170d45d8c45bfaad7ede642d,studenti.polito.it,-78.0,16.0,3690317.0,817982,AP-LAIB5,Student
7967b0a5359adfd00cbc31c6a00617e18b6989861727fa7cd89d4ac6eb1fb7a0,0553813e0c82f34a89e9f35d67f93848ffad6d709f26814a39c095d249edf5c1,polito.it,-60.0,32.0,14085114.0,1706367,AP-CALOS-01,Staff
1a97945af04abb50bcb874e4a411caa8d7e47aa2809c067c71f32530402a44fd,0f16aa41bb484d5b751af69cc5bce76f9e89d12d479411853315552c83df97e1,studenti.polito.it,-75.0,20.0,3595119.0,945408,AP-DIASP07,Student
ab337fd95bf2450b7cb2b521bbd0cb13bd18d705005f9cfd77488dbff1876354,,,,35.0,90066.0,9646,AP-AULA1P-02,Unknown
eeeea816e961e3640e2244f1d48bdd658b93c7f5664b9ae5f69279f06b6fcf9a,c4710c6bd8a379ed4671890eee6e5da8905065a346e0bce0297f272cd0067b10,studenti.polito.it,-62.0,29.0,189349889.0,4789323,AP-VALE-BCA-ST-01,Student
8f08fa2731715456fba4e87fdc177610da95d3d111713171aa49085533d1a26f,02ce1f7e1c565316ce6fd1473da22b8a681bff7f4306b0bc0b29cfec9ac508a7,studenti.polito.it,-62.0,29.0,284890.0,253272,AP-SETTE-AULA04AM-1,Student
a5f99e2625e065eb064f93e9bb2e3fffdc4f3f7286bd20ae08d26bcbe63feb75,8fcab59adeb4fb765b51bd900d873ea252304897c536080c3f1e7e076d58ac8d,studenti.polito.it,-54.0,41.0,6807944.0,874476,AP-AULA11-01,Student
2e239880bd98c3696b861062a87169267b1d7b44f291ec5f4664000da871cd2e,af3b7ac08ab3ed112c1a98424446ca032b4e2a666f68dfa08e0c9814269d122a,polito.it,-52.0,38.0,153342975.0,7366549,AP-VALE-AULA10V,Staff
1cbc47ffd18a45d44ee598e849a49c30281184d93d470f5afd5b63a16a444519,9c1530a2e7b92dae615eff0a3c7d6fa1b9535a15ed31cd806c8fafc167021be0,polito.it,-65.0,28.0,17045191.0,1914740,AP-VALE-CHEVA17,Staff
ff00f5c5e27ec1c19fe205dc4dc7b803fae803fefa1c59000bf0b417e15f9844,5da75c0237391334626f9086f32fdbd4f24adb635bbe792a625897e36d2c01e4,polito.it,-86.0,8.0,3218898.0,286218215,AP-DISMIC04,Staff
290880e6dd7a2376438994c67b5c36d6772dce74c9e06c4199a2c0fb3afd4835,f0128191eb8595a3dff19bfec457744077dffeccf6ec6fa8754974fc2b013198,studenti.polito.it,-54.0,39.0,211501821.0,13923111,AP-GESD03-02,Student
3a9657b38f635436b4c0c538a7d1529fddc1dd60f6ceeec9e9ace4caf89a8e6b,491601f1872e1a00f774ad711c5268b7d8fc527a302e0ad7ea76d1255d551dd4,studenti.polito.it,-54.0,39.0,251627.0,222339,AP-LAIB4-02,Student
6df631a222820d667fa2c69834efa744039e39ff11f24244217598ac49241a93,c079df678ace788e5359ddb7f43a62005d16c7da7bc6fd1b117494238140d114,studenti.polito.it,-43.0,54.0,56209865.0,1369865,AP-PERUCCA-01,Student
662c1910a85f8f6b42a1c8e90ec4acb81bda83c1f2c894b9670573a09bb353f9,db82d97127cce7587d528fca8f4e1f659ea199bed94bb9805785445f4e5ba506,studenti.polito.it,-90.0,7.0,9407381.0,3445042,AP-CIT-DAUIN3-04,Student
2da6f86f8be3fbcbea6b2aec8ac8653f0fb9a656139e908469a43b9dfa5acfc0,eb1a9113467cbed65006198afb99344836c31e08f2c058e1113bc7c12e16dc7e,studenti.polito.it,-47.0,48.0,1508229.0,794919,AP-AULA2M-04,Student
71bce01e9d3539fdfa7894f35bbf5f683a0c4879c7229cf1e3cc05953f6826a7,812ceb09e4b41ed06168dec2b0d7661b8a5b6258a3d3afb1ad73f13010eb661b,studenti.polito.it,-61.0,27.0,25268879.0,1324633,AP-LAIB2B-01,Student
6db4301b2e4ae3f8287dd1f0c80129710081610e6e809f05d4d39a4941789929,9ed580f7750bc8a80c2744c4c61bf951fed944b643d4479302670524c8e92bda,studenti.polito.it,-67.0,25.0,5575546.0,16977511,AP-CIT-DAUIN4-01,Student
34963abf6457dce94260413a881e0ff8ebef6bd0060c158071f2005dbf761606,b191ebe8f89f6cf50287a108d538bcf24533086ef140fff4ac8a37f0afe083e0,studenti.polito.it,-46.0,50.0,1617474.0,364614,AP-DET2-2H-2P-ACQUARIO,Student
3648f4f61d2784cbf8f252bd7a6971e06708372e2dc8e4cf3cadc12fe6cd86f4,eb402610a4c045a5543db0fb7609b613c6f05036286a726620c64bcc13d13c3a,studenti.polito.it,-62.0,26.0,189786086.0,7839554,AP-VALE-BCA-03,Student
56fb7c97f2122b2480566cefe588b8d934af981ffd1845a845e001c7580bccf4,8551531e666931a3cfe3ea2fc40322d2ad111dde0215c50f634f8a99f6f6a416,studenti.polito.it,-59.0,34.0,224045.0,139565,AP-AULA4N-03,Student
9b462322f9dbce3db0400c6bc36087285796d25b45f8ca27d43325be840a8751,4f80ad45218b65c1fe264be7ab3723f9043012e14da95fd5dd2cba63af78d691,studenti.polito.it,-82.0,12.0,212008827.0,12523171,AP-ATRIOSCF-02,Student
709631ca198c2417c4dccedd848a89e9c967a209db704cc39f2154971d5ece12,a6a61e71ee098a3d47d3f686baa57f18557771556b37efd5c4b6442f6a9133dc,studenti.polito.it,-42.0,25.0,207452172.0,8919613,AP-MIXTO-02,Student
ca995598c580ac4d737e9c126e526c1205dc7b938dba57888fcb9f5d67956f74,170e78e04bc04f9440dee04a02af310503767e2e9e9b4ed0a5c04dc126ae477d,studenti.polito.it,-61.0,33.0,136014303.0,31363671,AP-CIT-DET3-02,Student
15ff51d2252fd2cb331e52897ad2599ccb8fe2b5a51e63aa4aaa39970128d590,22c390a236aff6f02fc51ce0517097612e7bb59c82a369f35b60ae57dc3caca4,studenti.polito.it,-59.0,34.0,146878.0,117830,AP-AULAR1-03,Student
5c3d43c54f4167f4a168ebc4df53f85ab05e5c77246c4e0fc74676305088ebbc,a728b5180a0c13ae7bef2e3e844a46d549c7d680e4cefb6f35d24062c2ce337e,studenti.polito.it,-73.0,16.0,42150379.0,69035348,AP-LING-AULA207,Student
45ef0e7661c051593d0127e32dbea1bf9f3095412bba7653d8368d670ee39b8d,,,,14.0,338.0,1066,AP-DIATI0-03,Unknown
463899b1edc01ccf34add41722302c43e2ee5abf4efe2c7f8e71bce56803754a,c31bf39572ac208e52a78ca53f2a6b374bc0f2a1c210e89175c0b591f210f80a,studenti.polito.it,-56.0,38.0,8908377.0,1552473,AP-AULA4D-01,Student
924ceafbba6ab00cc5fcbf03a0dc947bf468d37bb0f1cb0bd55b9a0d017df7b7,243e8653986599ce069c197b26102e6f0fc61d617566ca381bd289cf7f6fc803,polito.it,-68.0,24.0,60474868.0,18081725,AP-VALE-AULA6V-02,Staff
751b616e3351ad187645a8d645e8382be9c6273afc166426edf6432f9e0e0124,ca4fe352cadfc5d17b53505f3a9013a635dbd0bdbc46b1a1330d1bba09cb7101,studenti.polito.it,-59.0,37.0,3319920.0,1268079,AP-AULAR2-02,Student
5bb67f9732c79adcc77e371d2ad90afdc751ffcbeb3af5be9ea1bcdb5bbdc84e,84a8f6bd408d90ded76b017ea112e5f81a95ec6b2a35e0693d6b28e4fb9154fe,studenti.polito.it,-52.0,41.0,36337604.0,9823725,AP-SETTE-AULA12AM,Student
d72b07ac39d9b8d1fab48ea72f162e3e5160ad2ec70d82ea6baa5eed61a979ab,3de29957c45951440964d78a38ec2908cf80abf87e37c3807b2881d115b57627,studenti.polito.it,-51.0,39.0,1060789011.0,45865469,AP-AULA5M-02,Student
fb75adf3a1065a6244f895175083bba394d48ca538e036c9099187c213e9c46a,f852c22299ebf44d3331ec24cee18a0d434aa69ef8e892610da0a21c7283a4a7,polito.it,-73.0,11.0,73554.0,95227,AP-AREAIT-2C-XP02-01,Staff
9a84212b16e2205db3ead8f6212fbe96814ab35b3f176dafa3a02f55ca03c726,dd633fa555c913d4aae873e355c06dd91c3eca2678ee79dad7f2b80644e3b016,studenti.polito.it,-45.0,34.0,415671914.0,550997024,AP-GESD2-02,Student
a080db44e24cecd1b93b7102baaa4c8e9c207747408d8732b4e3f512b71794e3,376bb22450fb6f514bd0266b4cb8a67f4ab248b45bee8b2357a864b292e18930,polito.it,-64.0,34.0,975924171.0,1561889139,AP-DIFIS07,Staff
367b3a14391f3af86dd9fd723290151df8c496c78a428e493fab78f1da1fbebf,ae56d54c8607ee6399cfd4e736b1bf4abfd7a25a78814bfc5e9ad69c8270c6dd,polito.it,-62.0,34.0,1569184532.0,73880880,AP-DIASP07,Staff
8125f835a4a7de911930f19fae9445ff135e4ef6102df003aabc680e05e35383,9734ec288d1f75c273eb5bf46e8271109e0bbb3cbb8742b9879074b2736c1b46,polito.it,-51.0,38.0,497631048.0,138849946,AP-CORPOZ-16,Staff
a42417986f42158b8eae8f7692daed226d117d2602d2e27111a31086e328d482,3388ba8c546629ad4737cc05779b97bf1421fc3435aeda620aa362c973a62171,studenti.polito.it,-54.0,37.0,49704989.0,2687966,AP-AULA4N-02,Student
887e88eec82f8c990c78984b9c6efdf362f95708ffe70f7676930d5b9977bfff,c45be64d2231fbdb5548f0204773e53130a2c688d4a53d4b991a77d526ae7bff,studenti.polito.it,-65.0,28.0,510671337.0,112647478,AP-DIMEC15,Student
244f4b54e752cb11129fa10851bb168205e3bd741538523c0d06c9dd0611a029,205c7a00d78ccd6934b194ccb8914130512a2cf1f341af2feb9c3238290afe79,studenti.polito.it,-53.0,39.0,101346246.0,4207343,AP-AULA7-02,Student
86a065e82107d9624bccc3e47be99d87816186830ab6fee19fdd879c8ee43b3a,14d7b84fdf36859f3153817a1e3073f4df73b56d35a04f4c83c6a0c529a5f44e,polito.it,-53.0,40.0,22471773.0,11100189,AP-AULA7N-02,Staff
d2af0bef435a7136a0a3d403fdfa2b4d0f6972019d7fef48056f2a371fd9edb2,a1f33ae5c520870e0f5bce6c1db91478978eb57245cba18d89b9da5e14ec3d1c,studenti.polito.it,-40.0,41.0,11066596.0,11776520,AP-AULA3D-02,Student
096f655ecea374f205b1fe8e9beb863d2b4eb08fbc53ae99634bc6a2907c6bac,eb1a9113467cbed65006198afb99344836c31e08f2c058e1113bc7c12e16dc7e,studenti.polito.it,-55.0,36.0,23634059.0,1996850,AP-AULA2M-02,Student
d3225f188e6c883604999cc89ae81f02feb7d0dc4783a85d28a04e2de3756d91,6e37c662ba6d5eb12d4118aa4daeea3210c65f1cb8941941f34da76613994a30,studenti.polito.it,-57.0,35.0,250313332.0,15123387,AP-AULAR4-03,Student
66323907cb935cd8a6e5bb17efa52e54d0b9a3fffe7c7aca6f68066cfd0106b8,48d9116a4681d717e2de07a99d2d5d1815761fcc8d90cbcd976355cd57698a8b,studenti.polito.it,-52.0,43.0,489776914.0,14838983,AP-AULAR3B-04,Student
8ce4b12daf85133983305b5f314a6aa2881e0c14d1b883a0feceb269ca3b2b43,cff69999dcfd37192859d4c8f4793eb434e13d309ca6ad49e900f8ea401b8316,studenti.polito.it,-62.0,31.0,90982959.0,4064014,AP-AULA10,Student
a90fbfccb7137c498464f95791bd27d5267f4239838cb4baf7d16dd0f092dfd9,968babfee8bc093271ac95ebe879532058224148d73e8bf0741f9ddb51b82ce5,studenti.polito.it,-56.0,36.0,19558171.0,4558546,AP-SALASTUDIO4-02,Student
951608ed3ad0f9c30596b81eb26475ef98221f4a9c45b5dc557e767bba848dea,358457bc7d438c274f474a45f121ecbec9249549333f7a9055fc061bd349dcc6,studenti.polito.it,-50.0,46.0,185244.0,172848,AP-AULA5I-02,Student
dfba9c739972e108be1d2dcf73d1200ad503f37ca92c4851b0ba09340b9080be,a58417119464232cf42717ca95c2de799060b768d540e64c7155c19010865273,studenti.polito.it,-55.0,38.0,117086454.0,7454657,AP-AULA8C-01,Student
c4aaeaa31c3ed1f277eac1a0ed35d3769e8215c39d94838ae344bfe843e1a6e2,6b9f24718a30a68a3ce6afd56bff49df0507c3a40d77369f8627cb0b6bf3cca6,studenti.polito.it,-63.0,28.0,19033695.0,1663756,AP-CIT-LABINF-02,Student
8983ef204468f6872c646dba256171e97d9f123fdb82e912ca82504a17cd1b72,a1f668e019f7f649734d8a37bb62cebff2def529d11a30bc199cc3c548bc8b98,studenti.polito.it,-73.0,16.0,109902504.0,9165158,AP-LING-AULA202,Student
e2b855d2b9b07562f207c5e00705af5342a8c5ea3dbd41ecd312e57cb5bb5de8,51d2496d5aa9267930401009445dd53abdf4906210466f76081baf187eddf752,studenti.polito.it,-67.0,26.0,72521387.0,4350810,AP-CIT-DET2-01,Student
89f5c1f1676e9d22f4ab5170625e691954103f5015a7d2f2d9aed58202947822,9b2866a9eddfe8295089adb6cf609e4c3085cbc0686af7b23be26f878cf216fd,studenti.polito.it,-45.0,43.0,14849778.0,2315177,AP-LAIB1B,Student
6f41a9c627c7dd68d7f1a2ed985828a71b81d239ca7c74593b86c7697f471f9b,edb5678775163c11ea3a92370e02c029e7cfbe6bb89b1eb676b9ccaa40354de2,studenti.polito.it,-49.0,44.0,197572858.0,58015072,AP-INGCINEMA-01,Student
13ad1d5f73d56816804eee47b6803517e81056ddc335d66491a32f941781db12,b73c7adfc858d72544d73961764823b9ec11c64799fedaed6b8c77d8fb74722e,polito.it,-52.0,41.0,24138996637.0,275976953,AP-LISIN01,Staff
53f843f29df338749e6a646500b8a35259bd110aa6440d19c117a27798f95d4d,cad0f446478c7ed4e9611d74ba6c8a1873cc4318a000acb0a8ec9f3451acfe68,polito.it,-58.0,34.0,1019827072.0,432687556,AP-LISIN01,Staff
196b408f6ab2453cf9d6891b42c339f09c324c6bd3145f321851513652180f17,d040cdf927d878e0a142fada9032349d2598dc441bbddeb8d6ed900b23da5895,studenti.polito.it,-55.0,40.0,18103251.0,2882347,AP-AULA05-01,Student
992ba4a152ff8cbf7b7fcc520f3c6294576ab12014929b08852d11375e029245,2710414205877a74f96e236f0169ce797b1c85963929f4883c25369fc525a701,STUDENTI.UNISA.IT,-56.0,38.0,100783695.0,7757860,AP-SETTE-LAIB2S,External
6b3b48dfbfa1f658c7e40ec4292f6f5db971b60c3554b367fc4a9c08780ee1a1,bfa844e5d274e60d89648bc94de1b40ebeca09f6ebc61922bd07b1bc3c5e28d6,studenti.polito.it,-52.0,42.0,57919058.0,3606329,AP-SETTE-LAIB2S,Student
f55af5a024ca76bb309bc0498182c7bfb7d343b5b5afd1b64166978e390c4b86,d18ec39a539c4ceb132cf4dabfb268cedf61b2f2eec0c48f2b10330d76ee0be9,studenti.polito.it,-53.0,41.0,54388985.0,11693303,AP-AULA27-05-OFF,Student
287f0fa8f50de4b47211b5bc7fb9b42f9b5ed110eaf91673c55f34d9752aad8d,de10228e4732db7f9bfe937cdb93ad23209cde106cd37401a89188d348c593e7,studenti.polito.it,-45.0,52.0,518333.0,226260,AP-BCI-07,Student
14dc42ab33c751720d6a432ed85f32cfb374df03e869943738c25d274aef5a23,2f00d5d9adaa415a71885b420f203bd7241a204c93c2f62bee89482bf5381562,uwindsor.ca,-45.0,48.0,264978960.0,319912250,AP-SETTE-AULA11AM-1,External
8aeef1015aef3d34b4b4724e3456669f30d2d0538953be375cfac19af7f880a7,f473ed35472858a9ad5ab00e487228a46ca5ae8f8436e7008ca93a08e3b44d99,studenti.polito.it,-57.0,37.0,158491106.0,5441884,AP-AULASTUDIO3-2,Student
13f5bcd65892aea319b491b4ed026619b809cf24e06fa6cb6b02d01e9b3b48ba,1134d24f40cc5ed05f757e71c4c098333d30a711b81cc886715ff289cf319dd2,polito.it,-87.0,6.0,104184442.0,2104747,AP-FRONTE-AULA12,Staff
373a93fee8c556f7566fe1c62023171decaa9df2a4b8566092fae6d53dd8f9f6,ec8529e9e3b813284c112f467b928bcdaadec40a34cbe8271272e42e9b9ec3fa,studenti.polito.it,-53.0,43.0,6629599.0,1818505,AP-AULA7S-03,Student
c9bd78c29626fd927791a2e8db19d5cf75141eff33833b4f4f17915d29fac136,eb852d68510aed659b440d88e1f206e62413d70a1f01a0ab87ac84040c49e64b,polito.it,-59.0,35.0,87465.0,50490,AP-DITAG03,Staff
8eba8333aa6d648a5e363c5e41bc1cbc2869bcf979cdf7433a0e324e133b74a7,3c5c06f197624d76b5528c97922fa87597d2404999427e7ae8da47f6aa588a0d,studenti.polito.it,-84.0,4.0,432623.0,1005226,AP-RETTORATO-RETTORE,Student
fdd64e02125d86d81866f7c9c3d8a2d4196b0ce366f4235cd67e22ce5b9e531f,16e66414809ae398bdbf071305e1d93d915ed3a4530a1597ede01f5c662a7946,studenti.polito.it,-53.0,39.0,21999523.0,8802029,AP-CIT-LABINF-01,Student
2dcc97afe3d383f7a249a77122c9acea5421c8a038314dca915921c85464c436,07fe3da2e7b6fc439d7580dc1bc4b50241a7a596508f386feed2ded890d8047c,studenti.polito.it,-56.0,35.0,237241515.0,303761380,AP-SETTE-LAIB1S,Student
9a177324b893be323f759955e1cadcff0737c499f13cdf83609e72096d30e149,b80cdeb144b4af352ae4c7329dd393b2462c85a8e15be04b8dfa86c6738e5c70,studenti.polito.it,-55.0,37.0,432839300.0,9401580,AP-AULA08-04,Student
3bef7640c7ae3d244ebfb6c035288258fcaa9b6ef599ee678ed75bb4c9ec1c18,c2b59d3d20933c66c2f553ca820e0c7f1ccf05d05d31d2adcb11ffb2c60ed266,studenti.polito.it,-92.0,3.0,302889261.0,11235707,AP-DELEN02,Student
fcd8e6220cc2d6d4f403d97a39973cd14b933e57aac64bd50150921af7a4d889,6df11f8837f3f146c63721b10204fa1f54cd53544c26c2ab0038ad46117c5476,studenti.polito.it,-84.0,5.0,363679.0,985054,AP-LING-AULA207,Student
eab2b465b525b09939c17c9d96260f40c91a9a95cc36b348c5d8b7a87881f82c,efd5b6e1237c9e07972caacb92660a2a8b865cd43e48e5bd466370e620978a24,studenti.polito.it,-64.0,29.0,28935077.0,6210991,AP-AULA9I-01,Student
c38b5745c9991b7e9ab4c33548894e68ec0b69dcb7bc301dea03134d817b2980,912cc3b4834b537dc0e1ef36df1fcd2b3ea75c9a417321317c2a353f9ec051b1,studenti.polito.it,-44.0,48.0,361128763.0,19868452,AP-BCI-08,Student
5d5af74cad947f2beadafcad77609c9d9417f2b903b193bb4922d1bb1241b6bf,b3c9c44127088ea9b34646351c6517922b0f462b7e076a0a8cb93f295fbac20f,studenti.polito.it,-54.0,38.0,221272705.0,11624674,AP-AULA12-02,Student
8de4ca48024cf6e0d9026f7c6b7f122a494de1c2741c1bc43babd2d8e899a0b1,d173b3b8d28061e778babe174d73f6c6967f619c0ccd8ce28ff0eeb2b99b67e3,studenti.polito.it,-51.0,42.0,681822966.0,18779119,AP-SETTE-AULA01AM,Student
02e3c9d598ff617cdec667fb862b64e5af1332f8e9b6d352d12a4982df2a2ed5,6124043927d0ed87dbfbd4d1fc194757c47c1ddcba3a06c88a02a4a75d36f7d5,studenti.polito.it,-52.0,40.0,242365991.0,16040413,AP-SETTE-AULA13AM,Student
74afddab7c0236925579bdccaff1ce313cea693742c8ee3ca5288b43900f0b7c,6347bcdb0e6d956875c8ea5a0f8dbc035b4c0385e94f7d7d62c9092c2a38300f,studenti.polito.it,-52.0,44.0,38025.0,253338,AP-AULA08-02,Student
9ad24bb204af468e5fddf3aafc93aab919871d5bdc363e60ff6e61726eeb6b78,6a39761622e953376d8ef20e7add6581c65bb2b3934971a6e3277235b31bfcc7,studenti.polito.it,-51.0,36.0,8135.0,2370,AP-AULA2P-03,Student
a2a08f001e0fd246bf444d52283729c57b20b4590b29e8533a4bab490b7e065f,217f7f0241eb765916045f65003d00d68010fa5e2acb408429bea4024c9392dc,studenti.polito.it,-49.0,44.0,0.0,0,AP-SPECIAL-NEEDS-02,Student
59392d633210927ffca6c366f3b7b04bf59199f126a9647fcb51e3258f9c6d82,1070a6d6f3d99e64d69be6b1a7dba5b846b7b4dadc8942754184e84d22ed0654,studenti.polito.it,-59.0,36.0,632447081.0,20427965,AP-AULA10I-01,Student
dfd5091c2fc22dac2e898e9c5ed40ed8a4c57ef02321797acf7a154bf25ce134,28901a43d13065511a7853434edb6964bcdd2bcff7bd53cc64abbe4ab1396b8b,studenti.polito.it,-61.0,33.0,19131479.0,15710623,AP-AULA5I-03,Student
c32d20bf7c7018351ea3e4222b1ad820c2aab6682158b3adc19e161b965829fe,ddfcd1626e17d692fb78fc885200952cac398663d951a2bce58392d52fb29ac2,studenti.polito.it,-48.0,48.0,2793178.0,765074,AP-LING-AULA207,Student
ece211cfb06d9a717bfb5f4f98bb6e3ba661fc9d1d32598ac36153c88a07a5a7,a67278f6955ee336a3484272e33f738e89ebb5fdb47f6dbd490fdf85d5efa5f7,studenti.polito.it,-67.0,25.0,305178370.0,144177112,AP-CIT-DET2-02,Student
b53870d9e7749670192168d28a4bedc0830ffa29d254e42f0c2029cba865f297,1f1ab3110dc8ceed13719942bb37320b112404a065ec68ff032318cfc84d65b4,polito.it,-54.0,38.0,5056063.0,3210542,AP-DENERFILTER,Staff
17ed57877f6c2e353f97fef328f9164286bd52c709aad5c2ec9c25d077e572ae,5d33d168ef5b723e29d5d06b725681704420c4ae427cd4c226aa9588226280f0,studenti.polito.it,-85.0,2.0,109621360.0,2806782,AP-CIT-DET4-04,Student
6fe4f58a12337cccac17cd1ff6f7d7a8bc087a3acbcca80a269cc9a1aff374e8,5249c1e7eb82908560d66696944a65f37501f9a5b512f33a012bca00e12e16f7,studenti.polito.it,-53.0,41.0,356316761.0,280589627,AP-EXREALEMUTUA-R2A-P0,Student
08d6e6a5f67feefc73628e43aa82bf538fb72bfcabbbe73aae712c0959eda028,6cd6f991b41e977c5f911383e4434fccf7c652ee835d89eb90108fff496199ff,studenti.polito.it,-59.0,38.0,1274129.0,856086,AP-AULA16-03,Student
1ad4d1198204e810a83f9aa81bdfb470c07f0f77de72df753256f489a2f97c85,f2895daeec40dd7d16dbe3de85b18f7393c9cd1c9c7a527ce2db5b452ce9d883,studenti.polito.it,-54.0,42.0,13703089.0,924547,AP-AULA1S-02,Student
8d90b3a59eb5bdadb16cc2230280e9d04f5de504193e6260487b5fbdd3149258,b0b01c14d9a428c7b1f2b01c9af3714bcee1091c314570c0db126b68dbbab935,studenti.polito.it,-55.0,38.0,348608412.0,4426550,AP-AULA4T-03,Student
35c9d53792c0ea3c1dd88f119fbe4aacb068b77193f0c6a74d17d839c42b9e09,3ab6849b17000960e15c3f0ce33e8d3e07c3eb1d73ddab40568d69594a408ee3,polito.guest,-44.0,49.0,119821520.0,8419735,AP-CIT-DET3-05,Guest
bdda5c000ea1e383079f4255f9acab63d960b866914c0ce5dd11c1b70679b3e0,c260fa8f32807fa690d7e610c198bd189ec58df0108983596204e3011eb49f24,studenti.polito.it,-49.0,43.0,19001940.0,102613597,AP-AULA1I-03,Student
d957256ff27a078f7953e2618be57e26ed8e6b46258c2d863960fc52506dc592,d9a782d05e928cee2a63fb3dbc6a579025974c7ed3c0da239d90301a75e07eaa,studenti.polito.it,-54.0,40.0,12562559.0,1005222,AP-AULA12-01,Student
766baabec9878c0602c09259e9f9774a623f2716b3b7fdd05d190bd2c49db90a,b312dbf8a9a4b7c69f8316b176ba07505defc3bf25e8bb35b65a86134fd0e2b2,studenti.polito.it,-57.0,34.0,602904253.0,14133105,AP-AULA5M-02,Student
d27c251454d50ceca0e37423393a7b8faab2daab368a52fb7ffdaf99515431a3,fd37b3b7ea4d2150370d5f91204bab177c47ded27a56406b9fce5683014349aa,studenti.polito.it,-83.0,9.0,126644938.0,38483857,AP-GRAPHENE,Student
416df6ba942943ecd101a620f7849b0d3a47ffb85f4c7c6a71eedc7d02a2c80b,bcfcc6ac48e28564cba9cc8c8459035778493eb8c7a9db3e9fdeab3a2fffd736,studenti.polito.it,-56.0,35.0,122303031.0,6068395,AP-AULAR3-01,Student
a438517dc036d4d424bdf81390771a30f3acd4407bc3624dde02d1369f7ac46e,4997b3c86632d00b3a166cd2be319896098ad0532c12cb551ba6dec967424e7b,studenti.polito.it,-54.0,40.0,18245315.0,3345501,AP-AULAR4-04,Student
dfe396b9c914b0e830d21c420fd7e8ce117177c531960e44fac5aae1df43343d,4a71f289e1b47a4d2b15d19dfc25fea1e5c82acabdf04fb8f6782cc4a1e6b3c1,studenti.polito.it,-54.0,37.0,365920163.0,19728997,AP-LING-AULA300-1,Student
6a25320756a72fe1101389a1b253ac2a2171b7277f8414f329265e4eb5dcda4c,b0cb6969815cf0c3f5db57c6710c8aca4860cbeb2b5ddd29d5175db17f19d9e3,studenti.polito.it,-45.0,48.0,29771245.0,182800212,AP-AULA12-03,Student
0158c2bc365f5459b1da3f462fbf4461e1667eb6ecba51d9744c15092d2bfb61,e76c2438947079caf58dfae8a89195d11688f00d302e481721db8dd0f3082dfc,polito.guest,-83.0,3.0,39800.0,7922,AP-CORRIDOIOAULER-05,Guest
1c94c7c9bb15f76d7cdb65368dba118ac07cf139e4e07e286dffbffecd83c034,0108bcf658a76695ea2e3f7fe6032e761a45963fe2b5a7afe2349e9abb95c6a6,studenti.polito.it,-38.0,50.0,184303565.0,6506667,AP-AULASTUDIOR1-01,Student
e41361fc5e5a957ede6e543be1550dc0817ca8b4243bb12de016e5e99f828328,e6bbe0cfb10dbda89a90931251fe35f7a87a80e8cdb70ba469b5d0bcf463526b,studenti.polito.it,-76.0,19.0,92026645.0,52277198,AP-AULA10,Student
d636629ba59451abfb944c7eee9ab6bbacc0483d939a2c3af6486cf03ffd2946,fed768204e02fa02a1308d0159759b1d6a035b040cd864bc4d97ad0b44845260,polito.it,-61.0,31.0,47161194.0,6980275,AP-CIT-DAUIN3-06,Staff
e43a5117f8de9ffe01676bb0bceadab2b7475f3227309e80d72b573ae197b49d,94840a5cecc7a81aa93bdf7ac6df80e83ed1a1884ac38c167b6b01b50512a270,studenti.polito.it,-65.0,31.0,224832347.0,58482752,AP-CORTILE-01,Student
1796aafdcbb48fb125ec1b947249ae577c6f84edddf31949fa7d817011a8d15c,a6554e12bf56218289b73974b9324097439bdd7dbdad146528d00d88de3f7227,studenti.polito.it,-47.0,47.0,15504325.0,5563999,AP-AULA03-03,Student
866eb1e4684883599fbf227f44975a6627f3a9c923655407f2cdbbfd3b1b9069,a8e66bef44a0014b39d732867960ef18c57e9ea898105d5955b6aaa9a449d3c6,polito.it,-55.0,36.0,20300628.0,1547157,AP-DISMIC29,Staff
6d91facfab3784bfea4754d4ea6b20face067b785a12b7439aeb4d3340f64c6c,6cfc387218a4ae8870981151a83af2ed031109d8534b3bed2e681a6a33bac699,studenti.polito.it,-51.0,42.0,41096632.0,6381357,AP-AULA6D-01,Student
0bb00a203fb6601f35674c18586f6c93a9a4fe1b0ade0357e3f1c6915f577b45,e13134f9f4eaa6795f5cb05ef3ad0a53837ee707b3af6b0ceb2cf5ec61b4f4dd,studenti.polito.it,-76.0,19.0,54017688.0,6843830,AP-LING-AULA208,Student
d6ab704ea61c3d481e66e79de9e960f6d1f736a6eb058bf60e1e2989e6d453b0,a843d4d1b4454df8c1515838459707ae47970a5670d81dcdd1f9abbd503e8b2b,studenti.polito.it,-53.0,41.0,141208942.0,22953199,AP-AULA01-01,Student
17fc1ce8d715e1ea864c15f04dca3136892834f85cbde128048486335492cdae,6d2f9ac2a434fd2d278bdf5920be061e8bd281acc1197d1bb11390b67b28136b,studenti.polito.it,-52.0,44.0,43129787.0,4553310,AP-AULA03-02,Student
86260c701c15b7ff747d9cd27e48800e07a8144e429a8fe502cbbcac525be830,bf3cc96fd161c1db4d5092fd997d2c9ceca08ae789e22dac949c978626795228,studenti.polito.it,-56.0,34.0,130480392.0,12303544,AP-AULA6I-01,Student
8af87128179da6f5269ce65a5139261810f9d189da3604f4b42f32f3cc2b5b4c,5c55a0efd2181da6296d40be8496bb2157aafc2f447806fa905ab427a4619d5f,alumnos.upm.es,-52.0,41.0,88609.0,65962,AP-LAIB5,External
f64a18722d6f5278f4c88dd477b1b13b1155d6c60abbea47b6aa350a1b472605,a45300e203c140e964e5993c3d8de8c91c905bcc54f8bccf24a368be3fdc5009,studenti.polito.it,-67.0,29.0,1142010.0,417126,AP-AULA01-01,Student
88d30ac3d082ba8efa36cdd819a02b5a90710438130073449a2f07e479af91dd,eb6bbaffbd9c61f5f0e4949ec0660fad2a372f1003bacb1eea791812db35308b,polito.it,-81.0,6.0,90535.0,106236,AP-DITAG12,Staff
667f08e47edf21da6710426ed04bfa917b844f14aafd00f9a15a5cd3269734c7,687b9840f85fec3451026d940eef29aa8f823dd7921e37852856306c4aebb999,polito.it,-53.0,37.0,55182.0,40110,AP-DIATI0-04,Staff
764751c1f34c8f2c106826207a522ea4e53068640277cb38d5593839c4ad6d35,7b9259d58e02e533e8ddfa60456551ec567fb48dd219b59dbe2eafb8c3f587a0,studenti.polito.it,-48.0,44.0,7095168.0,1407328,AP-MVI-AULAMAGNA-01,Student
c75f763898c632ca53ff6e8a1f40a8d7459a6e72b29a9414e9cb2cd68bd68f99,a4a67b32b22e68e54c2d178273c053ecabcea3b19f4313088c244e32bdc8cdd8,studenti.polito.it,-56.0,39.0,149740567.0,15232580,AP-GESD2-03,Student
6fd037f05236feb8eb635213a86e96508196211830f808d0e5e8e009587067fc,1a3c3821aaa9cf4598b7c0c0cb5f310e193dc1ef6595e582861c1914ee4cad5a,studenti.polito.it,-59.0,34.0,976744.0,540604,AP-AULA8C-01,Student
9710fb1c8dc1494bd854059f57dd0f3c2151f1cf1cdab9615e17b266d00bd29c,,,,18.0,0.0,0,AP-CORRIDOIOAULER-08,Unknown
76cf9d14e5d202649b935f56711a62d673dffb68f0a84b1c0b6a6d56b25ec896,a9642a3a155334c81c44c6287e14280c47c479a501f6922b3c8dacfe4bd80d8a,studenti.polito.it,-77.0,17.0,292266.0,190267,AP-AULA11-13,Student
6e51850f475cc3ca80a302b72ac204365ececff67d2c04ae7d4789819585a9ce,5971b6bf7ee0b19991b567cbbb3d4dcced83485785d0cb6e46ac5c8b4f0d818b,studenti.polito.it,-56.0,37.0,4775813.0,1871716,AP-CIT-DET2-01,Student
59be978ba4695e216ccc0387e98eb40a04abac0d092489685fc82952c676d37d,d77ddc8b3bad4ffecb6417d801c8a861fd28477ce640ae8a8256bb64fcddd094,studenti.polito.it,-45.0,51.0,31651674.0,142648908,AP-AULA03-04,Student
fac17b3917da19cd828fe8548cf3f10073da77fe811bc68bfae0e2d62f0356e1,d71a1bebf553cef02692a82bfae3971b08629a4e35a66f40e816a2d76bb61b34,studenti.polito.it,-65.0,26.0,90064498.0,3621849,AP-CIT-LABINF-02,Student
c0c338f067b0e7ac4372c7425ed2e2f14495c3e3c8007e325fe4c9a69caf1390,20d4968b46ea4c2f7b016d789c32e06beb4a60ee1baeb74caa49709f057f16fa,studenti.polito.it,-53.0,41.0,11601974.0,1477376,AP-AULA15A-02,Student
50832e3f5346874f0329eef43b0d5c954e3dbf562929257cf06298076135776c,dc1ed63d7de293b8c4e006158c743baa47f353a385df6fccd22a391c0798832a,polito.it,-85.0,6.0,1844247.0,574466,AP-AULA25-TM-01,Staff
c2e3d0af7ab026f68993985d9e4180a8f87ea147c493d5ad38914bc750006bab,fabaceb308507537fc052d661a0e4bbf95505acbf68ffe3eacf32118e0fcd46a,studenti.polito.it,-59.0,34.0,1766946.0,605940,AP-EXREALEMUTUA-R2A-P0,Student
b5ac6ce7bd4407cd9a8cf6e41698e689983d5c43cb341d67545ae878ab8acf5f,d5dd5fdf88c4d7147c2dd8e43e3ba11d66de6c15aa768e2da4fd38ebb36e8ab2,studenti.polito.it,-53.0,43.0,80367228.0,8467008,AP-BCI-ST-08,Student
8ef1e10728ea970c3a44b06baf938d6c0b5b55f83e02eaea0dc8cd9e223383d4,aa1048f650fce30cabbc0a36cff2f0761020f5314b22ef6475aaf88e9a01b4d8,studenti.polito.it,-45.0,48.0,191935831.0,22584371,AP-AULA5D-01,Student
9ed4bd1de1b40924048b718a9570632d949bb29213fc92417ebf9256b136c44f,c6cfbab14b633d0d7805dd52206819ca1bb4e77b31528331ed8fbf27e070e7fe,studenti.polito.it,-70.0,22.0,5396494.0,4781187,AP-LING-AULA300-2,Student
08eda5aaa7a7a9f26b477ef7cd4441185a6b8bfef3b34dfd53170a440f39a519,efdbfaa36f309bbfce4a42108ac1bc839e0b3fa0d2119b457803e1495103a1d2,studenti.polito.it,-66.0,32.0,9794335.0,7232648,AP-AULA16-03,Student
322dd74677d2773efee35b88cbc4e311b1835ac6d148f36bbda864b0c2490782,088f18db8f578408b38325870b5b79e12599ac893a120b21bebc1887a7b25b6d,studenti.polito.it,-59.0,32.0,97064669.0,6803037,AP-ACQUARIO,Student
a6ca84186b7c26d3ebe4eb2caa7fcf8d6cc82819fd57c74e0621d6ea0d37ad01,91a930eb9e27a8ba79505c1be895f5dad8221f9fa50a625fc732d89286998642,studenti.polito.it,-62.0,30.0,114686181.0,327970787,AP-AULA3M-03,Student
a21917db26b6e48c28132226d06ae37bfcad1b73e06ccb13e1ff7f103f570b97,70cc366254a8cce2a5ebd9e62532f381749408345132931d23ebbcc73def2878,studenti.polito.it,-72.0,21.0,3086186.0,930678,AP-MIND4LAB-SN-XS01-01,Student
4ae8b77b29d973b072eaafee0e207e4b59e97f10be09772dbdd29bb0ccac5182,631d92d1463bcbf6a1287d9440899a45ec00c74012747a4b8370b4704525ee49,studenti.polito.it,-61.0,33.0,745687796.0,17825015,AP-AULA5M-01,Student
9c466af01f24a87802b65f4da5d27b95af62d99609cbf9ea192a28f3f862a96f,2e31efb57c54dfbeef8f1094952c64b5a8ffda73d5de20e842f9c6bebba8985b,studenti.polito.it,-60.0,32.0,33917509.0,422105486,AP-AULA2I-02,Student
53cbb7557bcff4177737b6f5320a97cf1b482c3dd15a4aade81a024eda8442c2,b778902b22bb200e3752e7762805413eb82aad56259f115bda6e00a633c1cf41,studenti.polito.it,-69.0,22.0,447851032.0,13115636,AP-COV-C3B-XP03-07,Student
16697c200a9b7744636fc3945466e4200dc12446e76e0212a9586789626c0680,64146598717a4d3b91bdcf0af3e252a07d634c91962ec9b8e31baf1c9d4d25ca,polito.it,-64.0,30.0,3585631.0,873306,AP-DICHI-3O-P3-01,Staff
720208c1f669f4ec923699a80157bb9798328b39839746948813012d2244ab54,445f0f755ed2b05fb43498e6eb4e5f8c0cda8a81e32b7f7d12a6b1501e427c6b,studenti.polito.it,-55.0,37.0,276035.0,173875,AP-LAIB2B-02,Student
1e3a6c17e049228c437edc319c036071e50ab68a782e2de01d4bcd70af760ffc,c57eafb16c71b95342394d9479ed7796f5dd9bb22b66df8180588a9f6348fc27,studenti.polito.it,-71.0,18.0,293322.0,202982,AP-DELEN03,Student
6c11edddb6243b985ea1cabbe740471443ab37ddc4ef3c5728865ba9ae4c5b86,ebc7ef594d50bdfbf5ef3ee493346787f6e23a36e6ff90f1cde46fc9939a6616,studenti.polito.it,-52.0,43.0,686911.0,434279,AP-AULA27B-05,Student
05401c421be938952fb90903a38b98e3e0e83d6efafbfd48321522218d3c1f40,dd33bd5ae545d2b9e16d4ec19a6eef0527af892cfb67718a1b780a9217021a09,studenti.polito.it,-58.0,33.0,603555.0,327378,AP-STAGEJOB,Student
b6423993ab9063a184737008531942803708b4ac7d17d53494696c2adb992272,,,,11.0,0.0,0,AP-AULA2T-01,Unknown
7b6c1e02546be041450eb62caa420186e6ab7ce052d6204cb34c3aa6b71bb131,7e3a1b8dc1f4b35d9f2848d0e3047c0fb34ecb6d64cdd7fc38424697cdadf556,studenti.polito.it,-62.0,25.0,15543531.0,12402761,AP-BOGGIO-TLAB-04,Student
3f22aa9fd90f27244a96a6db3777fb6db40bbc197dd3849521eebe6500d02f83,c34c8d08d1d8c4abd16460478c6491207351dfe7d4b4a17cc559cbdcbfd3d3cf,studenti.polito.it,-57.0,35.0,168829422.0,20930180,AP-AULA2-04,Student
10b8c221e44a79aa6315571127d51c023cfab26ae505c6415753f135a7cdfb95,8beffdecd32ed4f98d4a1a5d15e173c25e3c2c26e277211d19f1be841c19a508,studenti.polito.it,-44.0,45.0,3894154.0,845658,AP-LAIB1B,Student
5b5590f1eebd9ff789512c6b3882ef1fc9d78d9d33743addf1f392644c59cfb4,0160fef76dafae8e49b130683024c8fbcc0c0454b946f35a68aad505f8ec8db1,studenti.polito.it,-56.0,40.0,74531947.0,3044840509,AP-AULA4-02,Student
45c4958aa04ae1f08c0710280188ca2ba760673e1c84bbe463cb7ce13fac25fa,af6773c7abd05786a7a9acfa957c7a30a5e3d71800cd6b5aaf32f7ccbb444c49,studenti.polito.it,-63.0,30.0,75445625.0,8140434,AP-VALE-MOLLINO-01,Student
2c9260393c18cfca7ae3f78255bc734cfcb00ef92cc012c991b0f28039693bac,43ec340085c9b063f17e8f54217c5a43ad767510fc5a92a96c65db4d7a9edaf0,studenti.polito.it,-51.0,40.0,121074057.0,14412286,AP-AULA12-01,Student
df33d44e1f59cb8dce85f3762f8192260ffea5a6ac270e800fbb26c1d38dbe06,2045d4f777d85135cc43239017073a2410755ff081ce67227ff55eee878ee11b,studenti.polito.it,-48.0,43.0,9087335.0,10457006,AP-INGCINEMA-01,Student
de5a37c0509ce9835256d8368a20741163cdc77b94a459056c1f01b1b875793d,c8a72246971bc37597336d42ebfd61fa423e488aa2223c41668ca89e7fba03aa,studenti.polito.it,-65.0,30.0,138698932.0,11796642,AP-AULAR1-01,Student
71ca4cf481c6dfd6afe36d1e5e82022c27ee56c1e4e9c4e33b2e7e24310e2727,6e0f508f6896ed86ae93346c03a3b34d2b3b02b88c9871aaf2d85b53f72ae6ba,unizar.es,-67.0,24.0,11034.0,4943,AP-SETTE-SALASTUDIOE,External
e00bbfe288ac03ce04b209ecaa72b4167e09f7b92fffd48b099d9f57679c82a9,a1cb1eeb71d9c3961c80f7082c33f6038b964ebe3351563614f9eb938b7dddd8,studenti.polito.it,-57.0,37.0,47166704.0,1699304,AP-SETTE-AULA12AM,Student
58573c52e84b20d35243f05daa54e2198084b4905aa6a1dc18e1e3555013bd76,f345a65efd1aa678aeab62753be1f6e27a0888b9f5c58e995d204c4efbda92dd,polito.it,-70.0,17.0,306726.0,146406,AP-VALE-BCA-01,Staff
8842cfea25e7f728c31af8702b07ef675e631dda245bae57c2a21dca67d23e20,bec2666633543e74f84e8baf0863e2ed69d3b748aeab2a12a85df4e0d660c920,polito.it,-58.0,36.0,139581027.0,10756654,AP-DIMEC12,Staff
d85264485acea78452191179403416c35079a5972b67961c1b13e194ab6ccb85,b6866b49c3e58ee24673d9ef431f7b4df90ccd27a187fb0c0166da7a8cc46855,student-net.ethz.ch,-73.0,25.0,576162613.0,56416752,AP-AULA13S-01,External
5a4baf44ddb3601d4df8d9925f8ae6d97b34da41a274c2aa1315280e60a86df2,7943a7479a579ecee52c9158a4670833087e292e2d96727ea0b6a35cce353867,studenti.polito.it,-54.0,39.0,409338853.0,7021978,AP-EXREALEMUTUA-R2A-P0,Student
94161f28ea646b098ceb18d195b4678b4cfc64b1ab6774a0c82b3f99e1a9e03a,a2782062a00f3379150cdedac4d2057305bd0013517f0e3e6aece56ddd87145c,studenti.polito.it,-58.0,34.0,42158668.0,7028543,AP-DISET-1E-03,Student
ee82e50f7fd04ae0164884db10c1758f1cec68a0ba857dc751e1010027a187ed,17ae28b6fea20bde1265bbeee052e14e05b12127e335bf3994040a051702da36,studenti.polito.it,-47.0,47.0,51808771.0,3997909,AP-AULA1M-02,Student
df9db1d8af53a15edda31709168974181d0526b9748c2cfd1ba4a35e2442c503,12644ff458f18eb9303ad5ae9e3fa191ee7f5292ce0c9f8ec2d6815fb4549e0b,studenti.polito.it,-71.0,23.0,81814718.0,17516054,AP-AULA10,Student
980b7a2bc2bb8215a245860388a58ee5f5d19cd2f2853b86547461492fe6d3df,92fd3d51ce4f1d7b7060cd21906d55443b9bb6b2a47c9dea086c0d5eb71a4989,studenti.polito.it,-66.0,25.0,56940200.0,45138828,AP-VALE-CHEVA04,Student
3e24969f1f8efda8287f8b0afdc223b59c037df6d6614eaf9a0b9e5fd7faf9d4,b5bf262d652f75719bf46c35faca5184a4b32ae8ae5d804354a461f07a03255e,polito.it,-68.0,28.0,152355867.0,20757462,AP-CHIVASSO-01,Staff
47fa8e8f7698410cc6ba628bd94e924b47f701d3660fb1ae2aaf2eff5d157ca7,38c43a14b15b2463ddeaf7ff394186f2de94b8aa126ed64ed279faae231f25ef,studenti.polito.it,-70.0,22.0,649627142.0,48549541,AP-LING-AULA300-1,Student
9f97783ef3ff6794c3241642d121482b2ad1c1fb680f68c79fec81a7e50c3ed4,46748d34b04e0569f82fcd905a710f2358622ccc47d8717ebf5fb96a3fe1d084,studenti.polito.it,-67.0,24.0,368383336.0,34775780,AP-AULA6VM-01,Student
cf1784183d0b95fb5635e61bcf7af27b957702e2e05f3ce948cbaf6881396f99,481f129d4f440aa361334a72206f1fc1f978b72148c6b9ca5f1c492ef21cb19f,studenti.polito.it,-54.0,44.0,316057785.0,5821874,AP-AULA27-05-OFF,Student
555081670a23619ef3097e68d5ec3db0e778adaef20a51db061c7fb570ed6d4d,86fb0f04bdc865b391f923a03e1d03d365b4d3d8894b3e31b22bf39fbcd6636d,studenti.polito.it,-59.0,35.0,557758209.0,3445885,AP-AULASTUDIOR2-02,Student
73f015fdfb8d7b82154182d29abce7d3daaa8fd0afd225910c0c65feac7faa7a,ab8bcc9377f32e98134edacbe736dea6c3ff4e1ba5dea165fe0fe130833c86bd,polito.it,-77.0,15.0,263369933.0,69351804,AP-DISMIC25,Staff
540d7caad8759e811890301c424741b04c5d38e5c11cbbc0824a7de7c9425af3,1d5ee0015962bfa36362fc1ee322c1074c5009fdb8dbe7288e2e08a600e6d7d3,polito.it,-73.0,20.0,1187539551.0,914931418,AP-CIT-DAUIN4-01,Staff
deaf393bd661e87936e7234e0e3eef9adfb50fe183f5c5faa9c72ede529ae3ce,475eaa10bec5c430d3a1adc65e36d9de6271948a28c6de9798c63ec0ab70f7a4,studenti.polito.it,-57.0,36.0,51459280.0,234412528,AP-BCI-TZ-01,Student
01d6219342289d736e32a71459b42543c8a78e757fef7ccdf075857ea660ecef,620daff445eaa53284cceb30418e36e38f25b58ad41d190579d66e846cf8cc95,studenti.polito.it,-60.0,33.0,235782777.0,5896631,AP-AULASTUDIOR1-02,Student
e60c106e5c37f6927692e5c407329d8c77fd8fc5f4337e649859cb6bae1b50f5,012cde7bed95f0c03cfb02ba5bf59d91d4f00a355e73da0025f6afffdf9952df,studenti.polito.it,-59.0,36.0,67343658.0,7211364,AP-AULA05-01,Student
ce66b3a6ffe49c9f64a23e1ab157a65406d6929f1a1812e6f339199eec5c8951,27623bf66971c4abbf0abb5f2bb73afa9f5b641b7776c16edaf5fff1d405070d,studenti.polito.it,-70.0,24.0,9516399.0,1743617,AP-CIT-DET2-03,Student
1be9018a15a6ee776bfd0f40a68dfe73f9c9e036508e7b8fa5fbdda11c5eeb8d,e5ad5aecad5f435572fbf795b1bdae8f85e8384000e5c1b751ca977b9d72e84a,polito.it,-58.0,36.0,46846766.0,19488591,AP-DISMIC09,Staff
686d95e6199e4a5ffe7d579f7bc46a9ff9b2086a19dedfc65f4c1f431323c27f,f45b5ba9ef2d92a70ae34612b07dec5bc7b66aee1a0573a3aa50cdbe43b634bf,studenti.polito.it,-69.0,25.0,29926.0,156659,AP-AULA4I-01,Student
8d03344b42d0cc77e84d19db71edc72b24df1a93b8f116e8c47bc910b228817e,762b90693fae51478da3adc3bb2f5be6ac6fdce3dc6073af47f6955ca7daa1d6,studenti.polito.it,-70.0,23.0,224341678.0,9142810,AP-SETTE-AULA07AM,Student
97c188fccfbcc79adaafb86a3ea932da41ab303d2d1b6f63fef3232723d8e932,f192282098e2c30786fe7bbefeffebf64d0481c9ba2d9d166cf2619d1534eb20,studenti.polito.it,-69.0,26.0,86233159.0,4305558,AP-DENERCT02,Student
467c76ffb8bce0c01de1d644defc7ce5cc107c0cf346268189593eefa7ffd44c,7f310e29e8992e8cc6c78bf9cc318ae4fb27616f3993d5a92e7b75b59cd36b23,studenti.polito.it,-50.0,42.0,33618951.0,4883038,AP-AULASTUDIO3-1,Student
748b957b352cbaacc374c44aaf2c1a8266c82a04df3c8413dddb43be20e8233d,54c60110b0b45340dc1b07c87678b834d716a1b5e68c34fd2d7da313507bbd1d,studenti.polito.it,-85.0,8.0,695676.0,493306,AP-AULA1M-01,Student
e4ad1a24f0a0ae23029f087f7fe4a4c598753953848eeb61d0203197091d7749,39ffde798df0cecb3cf3479671194e80c7ca98f53ad88095a320b41ce6da9021,studenti.polito.it,-80.0,16.0,34845487.0,17652582,AP-RETTORATO-CDA,Student
a47f936f4edfa46546613fc6ff8ac22d48896ca15f5aeaf1cddb1c6fee3d8f64,a53911cdd2f376990b65eed11dea158128c8c25b65adfb6537d2b8ee6f59f0a4,studenti.polito.it,-68.0,29.0,42919119.0,12106447,AP-GESD2-03,Student
a9d1c80e9c7575a4c257425de36fabdbd2a67436b7a605f976711eb06281c79b,99d7c889d0fbd3041f82ddaeea1ef5245d360d8a90d0a0e57849ed5e2e3c0bc9,studenti.polito.it,-80.0,16.0,266925722.0,14236374,AP-DIMEC11,Student
1e3d1f2c6c3019274d30148aad8f70f4584fea036d673d72b4ba3ceacd9c877f,b77e9ee0e5acbc5f0d59e975599359f1ab712850d81782bf6d05b9172750c13c,polito.it,-49.0,45.0,861465350.0,78418726,AP-DICHI-3O-P3-04,Staff
68cc9c353680104f23375ef87231da277df65450236f8deb1cf2b5bb65fe229f,638edd2555e63a1155903f09434df6de9fcf233bc0b466cda77042dd1639fc7c,studenti.polito.it,-41.0,52.0,44083377.0,7257790,AP-SPECIAL-NEEDS-02,Student
6188d14f486c7bebef655c5352e6fb663e31bc8c38876ecd6e0be6960a6407d2,155c774dc3e1af081833b56fd7c1f1f15b236a4afc04c9bb448b17e5de25c204,bupt.edu.cn,-79.0,14.0,3806302737.0,161031012,AP-DELEN06,External
a95f9ab39a330e60c3e3a9aab7351511f798ae1f4f12a631ad2622e4da7acfbe,8ea883f9461ea0a8245fc3aa96da16370aa1a1a81ab6c5489318d98735ce020e,studenti.polito.it,-52.0,41.0,4808400.0,823709,AP-SETTE-AULA07AM,Student
db3078717dea8dbd4c468323d2cd0eb8d2450c9e7c90bca7627e2f43672a1615,6d6a7fd233f845dcc31b5d4fadc48a22aff0b9e4b028e8456040bbbf1b96efa8,studenti.polito.it,-42.0,44.0,27033880.0,4322614,AP-BCI-TZ-01,Student
8159be668c1af96f43f9a92820410db630118b8622ff1bc221ad2a86eee240fe,08a7a2e364dc0096670af1a6cd32fe486af4b578a36bf130c9d018c5c4d95c8f,polito.it,-57.0,38.0,24552889.0,6304640,AP-AULAR3-04,Staff
1f608b3000662f41c733e55eeace6e6d3637fbf64771ba692c5cb07da22499ff,77d90831d9ad3c08436215b90b1f94958833b279612aaa7c50c1f2fd719852b4,studenti.polito.it,-62.0,30.0,6605292.0,4186129,AP-GESD2-03,Student
096e337a572c5eef5bc3d1b7b4939e4bf2979324e0b6e37dab37ec99fd4ab5b4,224ad6633d7ed613aaf8cfaa545399b98ecbd16138fc5e29e7a4ad9a8a66c100,studenti.polito.it,-44.0,48.0,272221929.0,74258707,AP-LING-AULA211,Student
135f0df237d6fe5ba0ab73d399bbf8a9e5d05e0d0bbeffd98a4cb70859cbf4f3,a4ca4d6a6cf2119d07ba250691579e2191cb8b7cc94f1a560dd9c71cd4552f4a,studenti.polito.it,-53.0,42.0,50975230.0,7386452,AP-AULAR3-01,Student
3949a20118e691061c9ae09a84d4088a19faa1c92d8404da7a843394ce93363c,57e29850cc3bf9a328a9af4aaf2a944f4ae17ef6ac6b2f012d2871ce03cfd732,studenti.polito.it,-51.0,44.0,432697879.0,30217810,AP-AULA1I-03,Student
0d64a2bff35d2b6b7ab037f7e16c0e7c34412e64a984def4a8930c1c9ffe84ca,8035708b5f53f0dd2aa9efcc658f6755d8d816094b46dbe8737794622e2306b2,studenti.polito.it,-71.0,18.0,139622748.0,7772808,AP-LING-AULA207,Student
14a88c12b8da79117e21bd20a63c0520d9d0bc29353dffd3646e10fd98a7a6c4,a92ce18207c5cf8b3ae0fb366858c6721d24aa3e79a5972ca08b772448f5312a,studenti.polito.it,-44.0,44.0,1774895.0,482753,AP-AULA01-02,Student
25bd786468f190c97a0e6d71cd70e18d5dc581c4a53f061145d917b95cff4e0d,cdac8a031d3acc88b62f77a7e854efad10c1a1433795e06115088068dd8dfcf4,meduniwien.ac.at,-55.0,38.0,58462113.0,6956700,AP-CIT-DET4-02,External
d041e8be3d1e36277fe3eb0823799b0b04ff807812f8d40ce83dc334d935bb21,0b1967374d32720627fb8ad12c3d870db59a7695379f574697a0f413580ac6ac,studenti.polito.it,-46.0,47.0,36024780.0,2833511,AP-AULA1M-01,Student
83e9878ad554568a946d14788715b145a91f08e41776f16c6c2bf555547f2db5,96a124df6a8065ca5f7e381304c08d9df9dd3709e1350c03d16a60b2605a4c5e,studenti.polito.it,-67.0,24.0,32289.0,21006,AP-INTE02,Student
d75aa417279f1312a0f84aa75a73e265dd16844a462e1cce5cbdcd9cf1d5e233,dcf734c079c1ef50c2e4a0b3795f094fd1b984d13ae202dee6c71268abc5b546,studenti.polito.it,-57.0,36.0,262129196.0,5995920,AP-AULA4I-02,Student
e9d993288dd3ca33ca7796932b5d7c036890ab0befb539a1ef08967fd3125e17,46174ac64c6f02e69e805eff6ade6c6b188beaa8c9c5552eb733d9af7f120c87,studenti.polito.it,-59.0,24.0,31982054.0,1320612,AP-AULAR4-01,Student
0401c5534ddab6c3b802435f5c1376f4bf1adc0c8be3153f665539f769e63936,5aeda0716e7f2c1e2df13b275bcc5fda15c3a794198c5422812130a535770504,studenti.polito.it,-56.0,42.0,7738853.0,2103679,AP-LING-AULA202,Student
d281cb7cc0fe669d02e4e360ada4ee04a5c187b7b41f363e348417936eedb63f,d323b1c3dffd03ef543e1e842ee2f6906c82052d3f8f4783e7c16b96142e127d,studenti.polito.it,-56.0,39.0,45956329.0,2194497,AP-AULAR2-02,Student
95d92bc0809ceaea745efd969cad15d90a51839e0ba0005c3902ae822e94e455,824ed6ec37700a4036d92151b32a3ff2423a6f4d96db9c7a3d6166d6dd391f61,studenti.polito.it,-55.0,41.0,18564903.0,2695506,AP-LING-AULA205,Student
ecd40249a53edfeb6cae27897e6d1bea0d2cc511c61399b7567bf9b655fd6b43,8452d2f6bf457714b4f2de5da2ebba9421a14577af34bbb755f372ba1fe83eec,studenti.polito.it,-55.0,38.0,32900819.0,1926966,AP-SETTE-LAIB2S,Student
4b7069cccb98b27047db269af430a33153063913c969401b1b4acc602aff8905,34add952bb332e58699c5db42248b559916c5462eed536aef34f66ddaf27a6a5,studenti.polito.it,-78.0,12.0,23454023.0,6297754,AP-AULA4-04,Student
ae7880bbd2d2f0d0e553a4f866cee5018f4ee4146fc8016f79cdf55f6849bb46,532f4509b0ac6cc1ca574b15db813b9bac34cd8bde87ae03f919e039f34f579c,studenti.polito.it,-50.0,31.0,26640094.0,17730129,AP-AULA12A-02,Student
39794ed7464a1558a7fe81baa7b7ab627d8ded5705ea2c47c91e04cc41cfe45e,9b34feeac35fdfe6e3f3264bcd5d46b124d61af83cac2048a41a723673a59cc1,studenti.polito.it,-75.0,17.0,11933563.0,1288975,AP-AULA8N-01,Student
904f8b4797f3bf3471a4d77139574aa86ff9c8c4dc7426a4feb90e05d29adf1f,12a81ff4250a67f01810348c0550552163f133e6c41ad1592d04847e6a861d3f,polito.it,-53.0,39.0,5138570.0,1219136,AP-CORPOZ-09,Staff
cf4a994b008262f030f2846a2ee0a5e8e41efac304e86f2eb056880707b3c615,c6de920f16d2917fca9ed3b6dffa96bc2b2ac3c21db371c54a0def4cfe8a9eda,studenti.polito.it,-54.0,39.0,395116426.0,13831077,AP-EXREALEMUTUA-R2A-P0,Student
5c726dafbab74d5193f167142b763a96722806e648b7f3e6ca4888abee2e60c4,8382b4e41caefa8d9444911c92072fea949fe27eabc2f99a3870f80e6ebbba4e,polito.it,-64.0,21.0,3293457.0,1590609,AP-VALE-MN2-02,Staff
e6720f51eea9bf9ae9191759faad2f719504fb451fe6ecadac08b67250972c37,72e575bf6437bafd965f571036943083e19cd888ff1fb2b2b1a380b5975be9fd,studenti.polito.it,-42.0,47.0,52476046.0,1881115,AP-AULAR1-02,Student
86d3905f8bb0359c05df8940cc77b91a7e3e93f4cfb0119dbe41d7b491053512,e95be685c9e1f35c2836ff760d880c772a39f563e8cd88b6758e381b6dfc743c,studenti.polito.it,-42.0,36.0,209472.0,129147,AP-CIT-LABINF-01,Student
9fd0de7df8a89fcd19051c4f6acaec48264db99133a798f7cc1630355dc8a199,de032d37a9242813a271b4d3b6feb80eadb45c9cc7101ace1200aaf8e7ae7cfa,studenti.polito.it,-63.0,30.0,9877088.0,12341413,AP-VALE-BCA-ST-01,Student
103b22c64d4b63f11de4db2f3c68888d9e01c3c713113b2572c174ff3847fa93,16f5212cc326706f0686a84775e1dd820c7a4ddc9eac501dea004606ec366f2c,studenti.polito.it,-74.0,20.0,31773688.0,3185277,AP-DITIC03,Student
88a6be480f093fc764bf71d7709b330540c5afa86e64e98c57a6c55bb8b368f0,a75f0e1b31a3e262401258bb8a53860d73985d7b83f1ac9e3ef20da2906c3bf1,studenti.polito.it,-43.0,54.0,118622282.0,6442394,AP-AULA2-03,Student
4ef525ccf0495ac8e869f2b4c9b24785e782ccbe79d0c95c56a4607b4f12dbea,fdc1c47716a0a087ff8415950cc694bccd6732cb2fb25059238f66dd3e752bfd,studenti.polito.it,-44.0,50.0,209016097.0,15281561,AP-AULA2P-02,Student
bc9130839f26a7d6e962732722ab604ede9d1bf7df849120796eac46609c2273,ce1ab52b2f7d65b21be026fca18d6ed82d387ed2dd6db678615db6c9cbd9caf1,studenti.polito.it,-43.0,53.0,104885667.0,4444211,AP-AULA2-02,Student
8817ff7c259a398b074df6564316be6d9f87b2876ea0dffc8bda3091d38b9b48,b10ac2920c31e419bb3c4b3db25763d7932a20c96f1fc313353f8289db0e27c2,studenti.polito.it,-62.0,30.0,103466.0,249656,AP-AULA8I-01,Student
f184f1cdbf9bbf2c3f0c2df1bd4f7a07d96d15d2053ab46e815d652e0a8db36c,0e1f6586d6c1552d75575413428c7a0168cab478605018720c8a3a2b719e72dc,studenti.polito.it,-54.0,40.0,3510112.0,567181,AP-AULAR1-03,Student
75b7b36629cad0b821e777a5debfdf787a6b0643b5d03dfc2f677939aaa70bb2,bf7b8bbde23aa6f0b11dd39c920be29e91419f8d557f16f196c4394622cd864a,polito.it,-71.0,21.0,167571886.0,5603384,AP-DICHI-3O-P3-01,Staff
ae085c3d91ed0cd10f42ff0941898e4d4f2a64dc669370dabb7ecc7e8d5b7a23,bd1cb0f3ee9449d7228dade14d688e3c2ab5ecc3dad07f452b3d593e41dae038,studenti.polito.it,-60.0,35.0,58151972.0,5989486,AP-AULA03-03,Student
c3f5c411a3544f26d8c1c25b4df4da5958677eca3989ed15318f6b19ed0760c9,7a5afa28fd184c5702311f2c31c4b64300fe4303d334a28fedb325f8d32fda8a,studenti.polito.it,-49.0,47.0,384647371.0,12824259,AP-AULA01-01,Student
827cb67b951adc1491edac7973e59dac6b2d3a2bfb2d19fb802bbe73ddc22b50,8f17a9c45f565d012bc9be9f9078a138c04eb7aaf9b2e7aa97c04995b9c8e05b,studenti.polito.it,-86.0,12.0,2024471.0,1590863,AP-VALE-MOLLINO-02,Student
43f570a49be2818930f94d5544eec71fe6113a0d606b93ee301798912eb8ec97,768cb44b76407151719ab560c83ceb511aedfd4d11af513283f37aab5ab3f687,studenti.polito.it,-48.0,44.0,47366210.0,3000208,AP-AULA7T-01,Student
47f406c824a7f22c6e4d298d357f5ff6161e31b4107a08456b6d0908c319d5ca,2b99fb2363f152ddb45212beef86a110f14f09089db656a83f85f300f7f09204,studenti.unica.it,-57.0,37.0,163478555.0,15645767,AP-LING-AULA206,External
8441871df7423ef2abd0de7adb146d91a72045cc8ffc497be1806da2177cbe04,c1dc2ac293a33070ab219e617cd7a9c9b777184044bb91d2b085440c697f6ad2,studenti.polito.it,-61.0,31.0,14005754.0,2325156,AP-VALE-BCA-ST-02,Student
bd3884c895056b3df56f5c7727f808008b5184b0326430a393a3e534c0465615,58935f09a4b17ae02c5e945171191450511461c85d615751803ab0f2d38b22a8,polito.it,-60.0,29.0,213886483.0,28098741,AP-VALE-BCA-02,Staff
a14f43f7241f4f54926164ea5b2a7bc2f08fe56a4a593d36bf7b3dd6604da146,759c0dc93e0b481d1a3eaa3f459fdb947490ad25796c1de663fdb167b771a1a5,studenti.polito.it,-63.0,31.0,0.0,0,AP-CORTILE-05,Student
a5280782981e210a2536cfa7f56a42ac11147f970af508339e69223353247103,b9d27806da95d0b9fb9a5f2a7efdf231ba6be8757330e7b81d6bf2b3a4cb24fb,studenti.polito.it,-65.0,25.0,14232691.0,3241520,AP-LING-AULA300-2,Student
df6c47cec46069667c20c46225a2f38ccc5d946aacdc86ec099c67f5f6de162f,a39752b733b773257be483b59d9ff09d748b9d9a7c3a4512b6851de75bfcd0c0,polito.it,-62.0,33.0,14787943.0,26956601,AP-AULA6-02,Staff
808759f18e858ff18b791caa59137e2c65253048f9a9d40b527afe6b7008969a,a9cf5170c0bbc8d83e416c9ea87e847dbbc87b176d38e6a9bcbbbcd274f26a2c,studenti.polito.it,-57.0,35.0,526431.0,264292,AP-INGCINEMA-03,Student
045f04c8b9bb37a7190127dfaadf27bed9875c9e835c300f42509ae80a11278b,2f086ef791cc2ac21beddc42b707ba6dfa0d7f64af464c402dbbeebf32df4f81,studenti.polito.it,-54.0,38.0,117793756.0,6320616,AP-AULA4VM-01,Student
68a87fe8bcbec52639f8630d3df0f3aa5a09f514b993a078b22de7591ff076d2,a804c7a9caea450b5b1a5748fdfe772c24964836aa94885e4cc04121a96271f0,studenti.polito.it,-40.0,52.0,50242542.0,1408098,AP-AULA29B-01,Student
0fc0de15066594695a711a2553da918b3d323874ad26f84b10738d679bdb2888,6a5c2fe5efef9a76a8a49a12adb1331734e2fb5ef71244ab2d72383357e9a289,studenti.polito.it,-53.0,42.0,2655951.0,4096520,AP-BCI-05,Student
96a389f0a9d9eda8f713649d3e83d899d813e3d9341301c7f5ea88d280b635e9,c92fd3155b615958bc393f3aabaee63f3c51f236b993caf81101154608119cbf,studenti.polito.it,-71.0,22.0,1837887.0,714160,AP-AULA2I-01,Student
65f200d1a13a93b2af3ffc7dd4d939840b3acede518988175258e80a95a186f9,acb3696595c33f8b2c6bd726b3659ffe48a6ba55bd70378a62aaa82f625432b1,studenti.polito.it,-60.0,33.0,33017400.0,43708708,AP-AULA10C-01,Student
49834ae8858207f2a4239ba13674fe314ec249b7d388be691f0a549ff21e9aec,efb53dbbba60fe72ea45a3ce6fe22dbc3c2e84ea8053d86450f003d4422ea596,studenti.polito.it,-66.0,27.0,19677253.0,1116405,AP-AULA7B-03,Student
e2b213e0f0851e89aeef7fea0fec84fc434b7c72afb3dd05ae4aa302522caded,4331f91d2c33477d7f97cf54bbbcac413e13704e355a05f5c5fbd9d23dd892ba,studenti.polito.it,-48.0,47.0,11262903.0,3062289,AP-AULA29-01,Student
5ee5be08ab28bcbbc045b5ca98d13a67b5417666279bdc6f03d38f5043572b3b,24f217f4e7fbca0f83209b3e99dcd1e68771e5cebda94f047012abdec52c651f,studenti.polito.it,-52.0,38.0,63565828.0,9580080,AP-AULAR3-01,Student
f2ca6e8558b8c38e298f5997dd18f2f0e749410f06a573ce01343d96ef77ebf3,4c8ec045dcc9fefcaf55bd87e9d72babece2130f6a16b04aa4b1a8b365aa01dd,studenti.polito.it,-51.0,41.0,34193497.0,2574400,AP-VALE-BCA-04,Student
6108ae20df7b59d8a2b5689ce99694b86b0bfd2dd050faf98acb67ec6008fe9e,2728e6a95e1bcc850d136ece2c5d0c65e1c060e02a7fd2c238c65dd86aba6bb4,studenti.polito.it,-48.0,44.0,3757393.0,505616,AP-LAIB3B-02,Student
454328719ad9b3f2e2370fe4492da209cf1fcf519af2231fafff0f8262734c15,2288c2af7cebcfd118ad886b53411b904a86565695adff844094ca23a7c9c580,studenti.polito.it,-47.0,47.0,142936059.0,28535333,AP-AULA6C-01,Student
94871fd53b849bc8ae16e650ba2e9a5008ce005569ba4743160b10a5509de9c8,1957896e14fa2f2deb7f7926c17c57b50ad5967db0152da57a5202c8f71264da,polito.it,-52.0,35.0,22355871.0,4527752,AP-SETTE-DAD-03,Staff
fed2f8e295f509910cb91b3f920284cb967886d30170492ed6241a2ce8a87499,b23833c25e3eca2986f7e7ec55cfc4d240fb9dbe5d776c64e7f9d36b5c6993f7,studenti.polito.it,-35.0,57.0,14484615.0,3321160,AP-MIXTO-01,Student
256ced5e94e20ca8cbb0a41c4f166999bc2155f0ae3d64c026237e526a3e239b,9981a136c66e6a519bccdcbf1e1dbc1bce7f7cb576a4ff08cfa6fcf7aa3382f9,studenti.polito.it,-53.0,41.0,16041394.0,5429416,AP-VALE-BCA-ST-01,Student
8cba7cf57dfee9eb84341cde96b73c91e1f25d805aac0624808131a2323b876e,6acd9ffce16496361a953c8fc96e209cdcce753eff78918c0df89695d97356ca,studenti.polito.it,-46.0,49.0,20777461.0,2724668,AP-AULA12-03,Student
ce778247279804d042bef057cac2c33a7ee5c99cd940406ffe0905cd932cf8a8,a4e170132718d0a95558d4c4bbec81caea0f806957ea8d6e477f29e40934dc4b,studenti.polito.it,-50.0,47.0,52873334.0,21689853,AP-ASSTUD02,Student
748efad58a1adfe3635a853a308404c9e69e964c57ac46eca60a537bd3eb1998,c088cea7dab492859e0380211e89564fce5ee682e4a512e9f85346c1a1b7caf5,studenti.polito.it,-50.0,41.0,619735.0,378354,AP-AULA5M-02,Student
4bcfd6d82a2c4252a4aec868012fc8e29c8006304beba51960d4448b7e6d4c46,9d3fdb276bc8273f817f5202262b28af773fd75098bed452343719fe3bd14922,studenti.polito.it,-46.0,49.0,25963116.0,536371,AP-BCI-ST-10,Student
dadbe1b9f3d07cb43bf50a7a000114f7a84396c822cb15ebae97b2c4cf72d752,331fcbe7eee29a4ae131e1ba56e9ce3eeed6ebc8ef395cf0f20bf0473a06cb3e,tedu.edu.tr,-57.0,37.0,12000331.0,1226073,AP-AULA4I-01,External
293796edee098a3409be30b5c7d5b229240a2abc7b088b8012206b16073e42f2,7ceeee21d174c09b0387180050e5d6dfa9acad74628f77fa5952d361977aad6b,studenti.polito.it,-50.0,44.0,1348043.0,296168,AP-BCI-ST-09,Student
46ee2e37761e0c7c2afe1ecd816d9b89f5a494d1764d41b39ea32231a4d6f750,b30e1cca8778f96a58023bfd3a286fb67dcf9c557eacca630844ca7ac7fb9e96,studenti.polito.it,-54.0,39.0,59845323.0,288523609,AP-SETTE-AULA12AM,Student
eba4b73780c29bd4096ac386d3089c168b730f2590423febe699e10f80821f81,ab19b9e5c5a3dc1382009d30bb210de403bbad467c60a94c0c5dafa9a2e68bf4,studenti.polito.it,-40.0,53.0,100545705.0,8523666,AP-LAIB4-01,Student
532e507c49a881dc3e9e57c0a5dba6660a91a92e62535d4d834d322073bb2f23,,,,34.0,14612.0,2522,AP-AULA10C-01,Unknown
8efb96a428367e6eda766807acffdfdd25ead56aa4d2f5014a9958c3880f9949,822bfdf31f8acab4002172da643f2a477b6b071c755fe38f76c153e68203bb8f,studenti.polito.it,-66.0,24.0,52474162.0,5673832,AP-GESD2-02,Student
a085f6df6f97397b1fb343e353da51699d85ce650b712d36cb8289b459d2fcda,356e42897cff04bc836d55e5c88ae41db37ef8ac6ef49df9ee3042f3da61d2f9,studenti.polito.it,-48.0,44.0,96508167.0,72626152,AP-SALASTUDIO4-01,Student
ea88dd11205a713fdc07f86e22ad94a9ee3fb35feeca84e87e53b28e176565f0,831b4a5534c8781c97b169c187d4aa9a9648698d8ca79f98c35bc799f91a3904,studenti.polito.it,-60.0,33.0,66217356.0,4259348,AP-AULA08-05,Student
fde0b592e310924329f8e11ca35e39fe17de76b51244a62ce8c3ed38f2834f12,32a217b90a4323921f37f4b1d5d3ebca033d5bed6e2b5c832ca93be5d211c57b,studenti.polito.it,-51.0,40.0,289885063.0,11366098,AP-AULA11B-01,Student
58159d1d44a71023eec4b80b5e16b501fde33dc9908432b959b26e959040d032,8e141b71159d0c2adb2535779b9fa26e439131371baaa0241cfca56df0e57d23,polito.it,-55.0,41.0,142505.0,199985,AP-AULA2C-01,Staff
92555b9a52e451673f515bee7e90bf163483aaccf3fa7d486eec95ab5cb0d0d0,f2dce568697c91c669ece3ef0333676ba5d82f092f36ad8b0dee6654f2c6948f,studenti.polito.it,-60.0,35.0,612619076.0,46458638,AP-AULA12-02,Student
378d393b4dbb7d4de69d1f2ac629fbcd374ec0ad479b347fca0b535a765887a4,fcc945f5c4ea98f0c430710a4acf8d078924113165a2ddd21327c41df4ac1e81,studenti.polito.it,-70.0,21.0,176059332.0,3907346,AP-OA,Student
3d82d25f2c14319b095407a8e17f7172994beb98b41e65bdc8dc41c57aa74f36,ee764f82348bbba9fee4c6450ab7048f46970fa0abda389cf4ceebc6310be4ac,studenti.polito.it,-85.0,9.0,26531596.0,128877148,AP-INTE01,Student
f54819eb8bc85f76667206c741a8109eb5f9de8a4de167b86902f823d1644d5c,dee5c74a1e736a60c4a8a452ad61bfbfc14d5ed6b3e0eb0e04f3650c4285b34a,studenti.polito.it,-49.0,48.0,16809161.0,3186399,AP-AULA01-01,Student
99ac891fcc8fa58936d2db199711b91f698dc09848f10e132d06a02190e754b2,3302e5ddb9e445362a3ea5c9e08f1777f490cafbfff6319a526206a8bf6039cb,studenti.polito.it,-53.0,41.0,866928148.0,184791390,AP-AULA8N-01,Student
fd2eb5311ea075952231bc06baf5d4c8ab5f2a6848b23a0fc509e929e4065678,51d69772760f7a7493e4356c1160ad3e31c95efc3ba46074b35318d50610d92a,studenti.polito.it,-50.0,46.0,302437832.0,8921053,AP-BCI-ST-10,Student
6d0694aadd81dbb9aed0c4558bf9369d35e16b5e6a47986b6c22d84d62f2e101,c44525310697fcd2faf63c74e73d201a3d2766cc3b53214ec9795b6eca879188,studenti.polito.it,-60.0,32.0,13934221.0,1436844,AP-AULA11B-01,Student
5909dbc301e6d483dbb3fba57cadbfdb5cd56ac783646cffc96c91e581b9c20d,ec1535ea1485908c1fca425eba15cbbc8a5969a2adfa3d55ff5e5b59d2719cc8,polito.it,-66.0,27.0,151391599.0,6369240,AP-INTE03,Staff
17775cf31da719c6654941f09d86ca7e13c897acc2b2d3651cad15da5ad060c3,af8f0c8547585e646e0328451c7b39c407974cae9888154fd77f93acee31ac34,studenti.polito.it,-66.0,30.0,16551845.0,25737387,AP-AULAR2-02,Student
d97e9fce60a9db1efc70cb8005e6dd60cacc82f919ad53f6ab7bca0b6c216c3a,d5388865d2e56bde6acc0c17f4a43ff15e25ff0ec768546b82bb120fc8ab8e61,studenti.polito.it,-40.0,53.0,353882.0,379077,AP-AULASTUDIO3-2,Student
238e2d995b50e0475ab96ff3a458673305c1163eddaf08932a2ac06c6463627a,f67c157f38e215a5a631fe574c41c1c53a6c6303dc51cb1832ab1caf76fcfed6,studenti.polito.it,-46.0,39.0,364004.0,292012,AP-VALE-BCA-01,Student
f69938c066132180a5d2bb7f092d778e9c3fa885810e75fd4e385eb027805f80,6f9999a70c42f242a4f874b0c0b34d2e0a92a0e8ab563125948fbd0495434f4b,studenti.polito.it,-48.0,45.0,5480376.0,585869,AP-AULA12-01,Student
9744ef30014849dcbe49ac83d59dedf83fda8ab6f092c15bee0d893759126a50,baca651673efcc3ceeb318ade3985fa91d64d913a0984c659f14b824cb468202,polito.it,-45.0,49.0,301837052.0,52461664,AP-AULA12-03,Staff
86f1520e8109e868ded9310588d35b19534166ba14056861ff22bfc290550084,1089dcb803d2b24d3c6ca4afae3b86cbb87fd564c39e3255e4075d24f8d5d408,studenti.polito.it,-66.0,29.0,1909262.0,2623124,AP-AULA08-04,Student
ccf2180d2f6947d9802018df18907958850edfcee5f8c73617219ee960fd2404,cd28f040e3fa41a6df8126a80aa6f562b7dc63cf9dfaed7b8543a202dc9db36d,studenti.polito.it,-38.0,57.0,6106547.0,1431859,AP-LING-AULA212,Student
2e8850b3be4956d30efd9fe314e033661e6f91d85ff6ba3f3d8852ea8411008e,ceda402f769c9af3fdca52a480c15cfac5eb562569a06fcbff80041218f3b8f2,studenti.polito.it,-62.0,33.0,54086081.0,1656698,AP-AULA6-01,Student
29772b42d3a79567fbe0cc8c7497e7ddafb78b6fcb4198ba80f8896cac4156ac,b38d61f1f8accd9577e45590c2714e5d39445a3e8e1c26fc29db63f8d7135a2e,studenti.polito.it,-45.0,48.0,41035251.0,2799003,AP-AULA4D-01,Student
5d0c86355b88166bb691bd99e7899802a74ca9afcaee89d8667aae5bfcb11711,d354ba29b5f543a0e623d70b6f86fd28173ad884b27417feee76a084e8dcbc54,studenti.polito.it,-65.0,27.0,50918612.0,173138235,AP-TRIN-02,Student
adac064bd698ed5a51f3f978ed4e9cd46659be8670c26a050830e6972986cfbb,d8cc21eaea05bb8aa5934dc6d05bac1a1917fd14e371eb88c223e4fe9c51a5ef,studenti.polito.it,-71.0,27.0,22015592.0,2450935,AP-AULA16-03,Student
5f37d02a26c2f50dcafcfb1e4d6e8eb6898c4bcb15fc87c32a3328ca157fe31a,c875b7bcbce181e2c7b4a5518439dcfb7614165547a71877d15591e9fe168984,studenti.polito.it,-72.0,23.0,17431411.0,2848956,AP-LING-AULA208,Student
afb70ff83f3d6b24b5b6dbe93c002fb0a2af60bb1e9dcb794f774fa64cbf62bc,a7ae50f8d2ef6b778a1072102b9e9cb8b315b1e6048f5572c8f960998e3096c5,polito.it,-66.0,30.0,25992485.0,11392097,AP-DET2-2H-2P-ACQUARIO,Staff
8f05d8688d4a007929537f598df48979e8d377758e85652bfcf6dd504bf89de9,59608dd6542a9133efc23043e17cbf55940f4b9674316c3960b967cd597213e1,polito.it,-52.0,36.0,318486344.0,23780118,AP-CIT-DAUIN2-02,Staff
1b6e01eb9788be2e9dc311d8af8001f8aea8fb369789efb326b3443b3e37b477,4adb567640cb18ebc8ebddaa3a5ce36951b05529fe5fdad30b9f600d7b40e83c,polito.it,-71.0,18.0,11065159.0,58368472,AP-DENER09,Staff
2a127efe0f6ee227063611d4ec354ad620a45a80008ebe5849a9b49c504f4d3e,4d05de75f238685bafdba54db5d362be033d8a52bf7270ccc9ddd510a499187a,polito.it,-70.0,23.0,11648.0,67000,AP-CIT-DET4-05,Staff
cbcb4907ac9b71cfb24e31e591d9334b95d993e640d569de0747ea41059059a5,1d989a70dafabe62ced962e8e28ffbea8be55e2a9380b4ddd2ecfbccae54c38a,studenti.polito.it,-69.0,23.0,236527216.0,85262088,AP-SETTE-AULA13AM,Student
02519fdf70959c3b5799348eb91a6d467b39187d303c273b6b212a5890bcd9c8,0134edccc8822fd05856ec62bfcf09a34c9a8246e92ec905e732dca9b37fd336,polito.it,-45.0,46.0,76370480.0,26355778,AP-FISLAB3,Staff
9d8ee7ba08f9d0c21d704e4c78569788b762eaa2e64b84d84964eba466ae5c14,6f8b4086c74f8a5fd81300ae6541ed0ae04611a397ab28d1f3a105aad1ae7c6f,studenti.polito.it,-46.0,46.0,135239691.0,7327801,AP-AULA4T-01,Student
c3c85abafbb8584492de0cb9502c230395118d0effb99bdda76c2a1d9fc91199,,,,6.0,132.0,80,AP-FISLAB3,Unknown
d377c5e14169bbe4ae5a6e4571625ffdfcf99cb4c064f9b1224c2f8d0fe66e4e,407eeadd33a4ead345bebfdb0fd5ea4d05ac7c0f6f6a46a4f84ed64fdc7617a3,polito.guest,-58.0,36.0,167106474.0,7468704,AP-CIT-DET4-02,Guest
61f7bd6191bc3dc1ce4a6470e05353bd777d00af7863af1da26191ded3327317,1563fe5a74b4ae9dbcde83708d5639aecd83d2ac5d6014fba5f892dc6ccb5e7d,studenti.polito.it,-50.0,44.0,139697930.0,23387083,AP-LAIB01,Student
45d3821068f922214661f4cd9e30a9d53c32214cacd05b7bd840a7e4a52bc956,9360e60113fac6426cb3964420d162dfa94fbfdfe6acd3393f6cd18311b75979,studenti.polito.it,-47.0,43.0,533724992.0,5886605,AP-AULASTUDIOR1-01,Student
81b8967213a1036b1d622baea230bf7bfec93c1367852f8a3fb7f90e9b330dbb,ad90ce13e9c8e5ff8cc22f2718aa0d9590038f3c37591537751da37a47459f15,studenti.polito.it,-59.0,23.0,474677.0,269734,AP-AULAR4-01,Student
9805eaed08c202e8beebf2249ed3d6078120babc4415543f48a568496cf280fd,d34210a3e0ef9a6ccc057d2faf196b9c956bd99c4313d08488608e1b86db1aa8,polito.guest,-60.0,33.0,126249814.0,26461184,AP-CIT-DET4-02,Guest
4d5e13ef89d7b7d32b3592e04032b5850d0d9b34811ac03167bad95414625937,c4cdd4bd4e3dcbf4c5f6d35af10b715a89df5f545c4ec0b4b3d8944da4955ee7,studenti.polito.it,-53.0,38.0,55163911.0,9309296,AP-BCI-08,Student
210a7fb16b1389d815b9eb51fe3e8c4013c1059d40e7710c5445bb8728bd5597,adda75c575126989aed2bd262884be68f73399b80e3a7528c87fdee3d6776601,studenti.polito.it,-42.0,51.0,466399185.0,106831320,AP-BOGGIO-SALASTUDIO-0,Student
22d8e54dbcb8ca4ae142bf761aaba8d08ffbbfb7a869e7c7161e4639f38db2c3,a82496511385d7570b4e0401a986df04e7f1bfb17fc29a003c0d7977ce5f87bb,polito.it,-59.0,31.0,26652364.0,1472929,AP-DELEN05,Staff
4ee3fa705cc7c9c9724c816bc2b1e46b6506a7d6e620f9a1890b448b62f6e550,cb0beb7b38429843a4fd76711bc8fa14422ed4947eb3f2e4ce52986bfd535b0f,studenti.polito.it,-41.0,50.0,421192913.0,117089055,AP-LING-AULA301-1,Student
e4e3fbbae2840d90327144a937f783a8410c69c9efcdb766765a7575a3dc022c,facab9c01757de341be16cc95f209888009c00af58a5c62210718d9373b59ea9,studenti.polito.it,-61.0,31.0,90199405.0,34176966,AP-DISMIC21,Student
709d2c7b5883e28d691ec3bb8f8947bbebb02a63abd8f86185656ab2e8d5a26a,30b3254867106083b97d26e6fddb241c8dc7abebc12242c4fa602d2cbf1108d1,studenti.polito.it,-50.0,43.0,29919742.0,2721842,AP-AULA6-03,Student
cd257c4411da91c4715768636567a40578e8ceffcecfa0d368073b101117ca78,2f929edc747fbfc42195715abd3e85cf92b2275a6460a8caac8683d2b92e453a,studenti.polito.it,-47.0,45.0,12826222.0,11167366,AP-GESD2-03,Student
62914ffe3528cd28bfd438feecf8e1a0f1de2299c229fad58d2a7883ad3c5d91,74665f89ffd7ffb5c2266085e52762e2ee8a92cbc0ae0a8fd19396de07e8c206,studenti.polito.it,-47.0,46.0,73725164.0,20320801,AP-VALE-BCA-ST-01,Student
0f02af7f584cae9cd489e86cba376d7dd4150f6857a256fdcd19acaee99c207d,7b241ebd14fea81e698e712850d08442f605fa34e253615ec9a772ec32cdf150,polito.it,-75.0,16.0,371565247.0,243495092,AP-DISMIC21,Staff
6fe7fe4f07edbf7ca6da9a46fd06fa0f10539a71c89c9ad563a093b593a85fc5,e2295899bab4885a8a01064d65a4c7a143e5365b24e69a34e8e4acc3b07aaa08,studenti.polito.it,-57.0,37.0,112675619.0,8001887,AP-CIT-EXCELID,Student
392223a0a80065594199c848a80666f95af086fa289886dc551a0e8194499ab2,bda865533ff8ca93e31c181cc6f44456a76d614a654c20856e5b7ddc1075a0ac,studenti.polito.it,-48.0,41.0,80544031.0,11424609,AP-CIT-DAUIN2-02,Student
1bf22e733e2fb2ef99d5dbfdb80473076337a843f0abd14bbdee2e15d5014d66,79be06e8632895bed031c9a622a14369567bcf9e247ee2390080263e9c11683b,studenti.polito.it,-60.0,34.0,851828017.0,39438592,AP-LING-AULA208,Student
344b9155e8dbce55cea62513c81138dff0a805340cb40f4dbd77dc3baa5d9335,dae22ca5fed875fc3799c63167d1014f25a3fa31d78cf8f2d8c2fc8089d7b10e,studenti.polito.it,-57.0,37.0,9426809.0,762292,AP-AULAR3-01,Student
44d2dbbc140e884ce683f63b2855e2de8a1f856d959b19f9ed09c6542a360f61,7fa8140ea18ed18375af7ccf8f674a3160b192327fa57473d863a9b3b5047b8f,studenti.polito.it,-58.0,28.0,13686172.0,7744875,AP-AULA16-01,Student
b72a5d740bce22410e841a661f8be4f752e03ae63750b458989530165d44c3ad,13dc9397b4f661282fca5c61f5516c77c138fab279a284dffee64c0660762527,studenti.polito.it,-48.0,46.0,102190079.0,2034587976,AP-AULA6-02,Student
3bf2361028e96d3bbaa7bda038c04ca4636b442edcda6728601c26772aeb3f6e,c2884d1e0d2654b0535147ebdf07b53eaa5bbae3120f3fffe5c6b41670df81e7,usp.ceu.es,-54.0,38.0,3116018.0,4108284,AP-GALFER-02,External
55cac69a08128875671fa6a4530d433fbc7d7fbe77d3fd2d4209aebee92479d4,6324da7186989e1bd78111320d9098d1f86225187d225161a384dbe8ffd7ce59,studenti.polito.it,-65.0,28.0,8013630.0,1239090,AP-CIT-DET2-03,Student
3dfd4778ce521aba82ae80a4f805fed710c0123cef00a52f6cfff843430d163a,7c323bb973a0de06fa35bee7dcf52de21872cac75c397deda4c38f4f62ca236f,studenti.polito.it,-43.0,50.0,55845358.0,7772377,AP-AULA4-02,Student
32062433955cefbeab32bec1ee01f8761c682119e6b4f009a9f8334402e3d4c3,5b7e95d3bf389fb146b8a2950de75f0ecf2c6741d6a3c91161b4d13c2c929de2,studenti.polito.it,-59.0,37.0,19459949.0,1643760,AP-AULA27-05-OFF,Student
d2234a46979760b90651ff339d33dbb7b1c193a0de57a1b9b505f07ffd87d889,d2788c77cc44573138b92aa9c08fd6e0030fca5ed68e9d114e3f0bd0ecbc257a,studenti.polito.it,-53.0,37.0,18817983.0,296592131,AP-AULASTUDIO3-3,Student
a309f7ce5b7b5c47f972ba247c0c8ee3d32abaffd09ba7c21e64f5b65a7d98f5,223abfe950e5f7410f115d41699fb34beb56f786765609eaef9c75dc364d5a2f,studenti.polito.it,-65.0,29.0,201666438.0,6266740,AP-LING-AULA203,Student
294986154cc6f3653b53bb04ab5cee93ab12affeff1db1491b21067817019b00,4d0243589b259830abb7b6468befbaaeeb9d3b00fee05033627dae6969928591,studenti.polito.it,-52.0,41.0,17509985.0,2291220,AP-AULA27B-04,Student
5b24e527ab14480cac63a63ed4df0a29fb78ddf7973a4d7a739848eafd50cd1c,c59cb758764887f236741e706f4339205e7b4c2e56f9c682efa48c4f2e707613,studenti.polito.it,-56.0,39.0,499758.0,176093,AP-LING-AULA206,Student
62838371457891461c8188130be12ae24838d16b7d8dd3f3a96288bf69a753db,cef82781f572a0ad975cd6b74fda3c40dbf77dc2cfaa7d124da22d5da48a230e,studenti.polito.it,-51.0,44.0,385532.0,115151,AP-AULA05-05,Student
031b8533b64fb7571531bf1eb241d252eb0e1303a7ed23e42711cb39bff7fae3,40590a1e5d58ad86485409f4fe813af238b6969bd52196d330bc7522ccacbf68,studenti.polito.it,-72.0,23.0,446618763.0,7102664054,AP-LING-AULA201,Student
cf01cb56b7db8b10232599f9ddb6f563dacf84057c6971016d8a0ab38ed2e0a5,ede945e0ea65a3cfa37fb6ab5d0a0dd58f130f274f156779b41c3d6c0009065a,studenti.polito.it,-65.0,28.0,745421.0,318104,AP-BCI-ST-08,Student
e03d802934568e0bc389fe2f8f8ac072cd32aa65b9ef4382cc0a838f14b46a69,0792be01f6e9a5ab1d3612af00afc12adf1d47c4a5135eb55ec19b4b70271de6,studenti.polito.it,-66.0,28.0,227257.0,179840,AP-AULA4I-01,Student
adbbcd456364458cf18d1b98a682024999a1ce406a02697536add8e95dba9fcf,988b1d16d9139aad3401125ef794d316ce5c0e8de17ebbfb12846278b02b0586,studenti.polito.it,-49.0,45.0,13000692.0,18475685,AP-SETTE-SALASTUDIOE,Student
1c55de7288886e73e3b093901935baec69873ae2d450f6809787307f56da9fc4,5c68aa1c864cdc003b4459e569e43ed6347e2bf47707febd62f726e2aabed681,studenti.polito.it,-52.0,27.0,406721.0,529686,AP-MIXTO-01,Student
7695dc6a5a9fc9c94dacea4d241d42bc1bf017785be5eef1e9700254e6cc1daf,841cc2218bd001eb0be4be14aba43375bb5e77ce1912e17c7773466e0d204a72,studenti.polito.it,-65.0,31.0,22883924.0,4633005,AP-AULA16-02,Student
e9e809457f0b437f44dd14733db3a72490d8898e7fb6fdf37f62ad310be1d1e3,bc3d39318663d16a6d0a5ae5a86a6ea4dc603f057fa0f2992045fc7e49e338c8,studenti.polito.it,-56.0,39.0,967818.0,722564,AP-AULA6-04,Student
e76f42fd37cfcaba75eeebd3c3a79b27c813a87aecbe6007475b4c85cfb81034,a5c6bb2841a31867456e3b47449a46c4d0a07c849b1fba733c3700746c3b17de,studenti.polito.it,-43.0,34.0,8359.0,3073,AP-CIT-LABINF-01,Student
04bda2ab2771247c06449448872b6996e51ad09d3a6b39f6cc2546a814debfc2,291a5355419a49ff7d565e5dd1057fb2c0f7b6b670522afc88b8a2820b2b8579,studenti.polito.it,-69.0,23.0,480439.0,308716,AP-AULA08-04,Student
b713d8e5468c0e02eeb80ffa458d80df203ea2ad25c3d646e889c1c4963b1c80,ba7a10ae58493e2b51ead13ce53d54d375807bccd8d27a99910e4ddb7521233c,studenti.polito.it,-54.0,38.0,41012562.0,53714163,AP-AULA12-01,Student
15c66edf2188d262b9bae102be2847117c0a1517f2fc858debd8ac411b6b6e1c,ebab54403e49c80c68db0925bc7460c1c46f600e8316d6e5931ad63d169a725c,studenti.polito.it,-54.0,37.0,31234420.0,2634303,AP-GESD2-02,Student
0e8f7b5dd3b74af22743576120226875cd7956a9221757623c342169695a219d,13d5ff16bcdd06ddd519665565366da3fb7db7c8d7b88f636671c6c5bf665579,studenti.polito.it,-60.0,32.0,108559298.0,4345177,AP-VALE-BCA-ST-02,Student
46b21d5e5a087ba2e5d97c4d24a2b0dcaf2b60c99f4f6b7b1a4df8adaaecc07a,a0fed99bb8aaf8f0b933562c72158978e4e2ad62362a247b22c0028866a5620c,polito.it,-65.0,26.0,7258479.0,645382,AP-AMM-1N-XP01-03,Staff
936eb39dfd45e1a844a750872ab07c250da16a03b5702b01178cf223761e0687,3f0fcd9e44d7ce5cef495bd46d5bf0807f6be71c7dfa2609b10a776e603632b6,polito.it,-55.0,41.0,41172378.0,27729820,AP-AULAR3-04,Staff
108900776ebc0a736342d170eb5cfb9522a996ccaf1ca77d08602afeb33a6b51,70349000e8c16355f0d3b261e9eeef92f4120084072c224e022a1ea70f3cc399,studenti.polito.it,-53.0,41.0,4166901.0,6803104,AP-AULA6D-01,Student
9be4046e276b668a1e949170fc44a3f2cfcdc098026edc910ef40b3aa6fa79b1,e4ffb972ad38fa474eecd83430ff050165a76a1b619c7dc04f54b6c642e1f130,studenti.polito.it,-72.0,23.0,154952.0,88384,AP-EXPO-107,Student
8bb54712aa77b47dd72cbef4c16abfeebd3943dd5480f06c7e8c89222353f696,f831f87fa99d1fcff21457e97afbfecc4262f6ac185a91bc94ddcdfba3ffd517,studenti.polito.it,-60.0,31.0,90568725.0,6763433,AP-COV-C3B-XP03-08,Student
9ece1c388101e0cae2610e6e9fa242f03222d1f3ad948169bc05aaefd74d7cc4,312e1ad6284f697b077aec1ee7cc2e2181235716719c297e04fd20809e254e17,studenti.polito.it,-52.0,42.0,52269292.0,2107437,AP-AULA01-03,Student
bc14da092a9e9cc232bb39371dd7b9a5f07065c475484224d7ffe4e3a25298f5,98d457aad6b3841a22044507028241586db8c3846961ac43fd92b55d6a12c33c,studenti.polito.it,-58.0,32.0,6155573.0,11213684,AP-AULA16-01,Student
b8c2ec884d8607ebce56b220e1125ef3bd0223ad2c52e616fb67ad240d2a995c,97825a71a586d5f75383e5ff5530773aaeea1fa0d0522e3a96f610fbbc1e2cf6,sissa.it,-75.0,21.0,130133200.0,6973234,AP-DITIC07,External
d3df554d79c0af68b954255b5c9e603502ca57723890aeef85d90369f2f000b0,74cad99917e26fb8b1c26fc0a7eb358d5a1c5f5b46871c6f7ed67e48f57156a3,studenti.polito.it,-47.0,2.0,1361703.0,494500,AP-CIT-LABINF-01,Student
1809d6264692ef141805affb4a7cd867fb176881e511b1b4899a26da29b26db4,301146556966960cd13e0c3480854cb6b8e4229904a58029daaaae53f1d38cef,studenti.polito.it,-59.0,33.0,16633677.0,1676075,AP-VALE-AULA9V-01,Student
fec776f58e538cfe203fbdd924dca9df887c0e6171b09106cbe29e38c1dd1699,7fff5ec4f3f44deb65272f3fc8cfaeae6c478085acde066deb91b65aa71a0e4b,studenti.polito.it,-67.0,21.0,22355940.0,73192653,AP-AULA8C-03,Student
ef265d81d22d7af3e9378571aeebe17ac067735d967429bc814149806f872303,d99ee33bcaf8085a5d3aba41d9a44c5e20b03cb53e21fb9f776dcc87a1fdb5bd,studenti.polito.it,-84.0,8.0,1401265.0,209278,AP-DIMAT02,Student
fd96a3f08c58dc7ba5e24643ccf30f7bcfd28eda2f0b1df9415f66a965560967,23647bc2fd29518d63c285ef2210da47c92377e6c63ec4fef818a8df31c4f70f,polito.it,-66.0,28.0,14900004.0,2742948,AP-SETTE-AULA14AM,Staff
43e9006073a47c846905b765385187ee4434e26ef12a4779067f8aaae0a7e2bc,c18144836f5906b7aedd7c3ee8b5c1d2b6230d45f3f149ad548887a5813fbc41,studenti.polito.it,-51.0,42.0,1030055182.0,24989191,AP-GESD2-02,Student
608878b207f81ca8b649a1b7e7945d0be21f618ffe9f91634b9317c8fabb1be2,0413b40991446383e7a7b667ead211da05803ad827aaeeefe788e47f96fcc3df,studenti.polito.it,-44.0,50.0,1417863228.0,35035434,AP-AULA4-03,Student
04dfdfe1805c4b3e6661103596b3def52077576945557a38b9f5a7aba337f573,d1f71a3d77c9a9620b31461f22ece6416ff24bcd711c6d0008e354b522a2363b,studenti.polito.it,-53.0,38.0,5017551.0,2401007,AP-AULAR2-03,Student
b0657c9a8e6a479b4b1baafac0970232e05cea54c26e922d3168cf57a4b4836c,605a0f0bf1cad3cc5a9f0be984a46a38ac463484ead4d68a18edd4713fc326cd,studenti.polito.it,-57.0,32.0,76211491.0,3208551,AP-VALE-AULA10V,Student
35702fa71ca8b7f29ac004272d932dc147800f4a3b743433bfc4c1d1cb030749,8ae556e128c53ce37ff3abcb567796ff656df299a8b58a67f4089c3c5ccd0c50,studenti.polito.it,-54.0,40.0,9995181.0,2161258,AP-AULA12-01,Student
ddd12d675df084fbc36b19e2ff6b28debac1ff6f04d001d91f694bb2a6d6d7dc,2176bace5ff2e10c912e767d07097e3cdc41367c2cc9cb73ed49a0177a32bb60,studenti.polito.it,-55.0,37.0,175385.0,71826,AP-AULA7T-02,Student
08a05562476a6a8232766f0768f79fbf71b4eebae818c7b33cd13f2f486e6646,46dd0bad9cc563ab0672e2f3bab8df078d79520260f43f6e4c92e6729dfa351c,studenti.polito.it,-64.0,31.0,81931560.0,6863449,AP-DIMEAS04,Student
73002496258ae051361bb2ea652aa2188eb301fc7c935b4602e512c288d6848b,c842aeb056558bf49e4fc15c690d85628916dc5405317af626b1ca14813cf4dc,studenti.polito.it,-79.0,15.0,796125.0,511443,AP-AULAMAGNA05,Student
aa6e8ed501fe8b3c825e73a118f803ef1e3fca7bc977b9c7bea38e18fa86dcd7,c6c70e406699cd92ec842f5bd49ab2d72a86e15e73619382d622e81ffbed926e,studenti.polito.it,-54.0,41.0,14262322.0,264366251,AP-CIT-EXCELID,Student
22257f65580391f0151783708efbc3eca7381e7f3e12a995e99723bb801c4b41,c29dee4d02da0a4926d0dcea39c0b225e97be12bf778ebe95d26723d9a9420cf,studenti.polito.it,-66.0,29.0,3781886888.0,85614259,AP-BCI-06,Student
1f41156d533515c84db1c3e58cfd664613084d7d24754224e2a297e84358abf4,a34c08ddd9805b2453ebe3414d8ba74eab5eb1c69469e1f993c181a947758872,polito.it,-65.0,30.0,65648945.0,12355304,AP-DISMIC18,Staff
8444c178d36c5c8ad7f8036056ce505c40b25ddf575596df6a05b630d005ae4a,20f8b7abd56a513ca74b3cf37e799841b85cbd692496d8cfdbbc767ab46b66e9,studenti.polito.it,-54.0,40.0,126703286.0,20883064,AP-INGCINEMA-02,Student
2c59734daaa91f1c7b7d35a0dc36f983f78c231d41776724d2826bdf75e9710b,d476ea746322f18dfc25aff445cfb051255e66063a40ff9d971e15bd48ac3d96,studenti.polito.it,-58.0,36.0,18340315.0,2212891,AP-AULA10,Student
3bd2be71a3f7e4f72f5563dafafd18e67e83800dd46c18d4db7ab020318b7a3a,1f98e30a4c9445f8ef4cd2ba640c548cc9127cfb27074f6804a778f82deb1eca,studenti.polito.it,-76.0,15.0,1430412.0,545505,AP-DELET02,Student
81f079e912772bf48e3864b6e53fd8d3782ab0ec01456740af2a6dcd00a304ab,0afb5488d1aca073838a1f2d7d84fea9b0082e029c6bbd1dbc6c8f299d6a64b0,studenti.polito.it,-71.0,20.0,5251568.0,371200,AP-DITIC03,Student
8e76e68b1dd79e9e153ce40170a0b8d107bd834c2cb20d246cc0d641949e8418,623089f041fb7728124fc4adc0129de23b892c88571ad6b6edeaa79b38991535,studenti.polito.it,-45.0,50.0,10148250.0,7136772,AP-AULA27-05-OFF,Student
4ff06e86c39b9708e99282cc9a96c29490e7eb8a4b8574690a6ae0823f1ae42c,af8b111b60da6e98ff2fdbdcd270e2f88e0fcce1ed2b94d7e605222feccfe008,studenti.polito.it,-57.0,36.0,1321591.0,841217,AP-VALE-AULA8V-02,Student
d26168f12374bdb2fda5a35e42e3352036b27e01b16e2ecd1bc41b3cd8ed423c,084cfa1fd4e0e2e34e973f1211bd2f4f0f3049d10b224d598c29551016e3be63,studenti.polito.it,-45.0,48.0,2674416.0,1018674,AP-AULAR3-01,Student
86840630f8c8b4cd642e60063ec032d95423aeec6cad24d1fe304bb667e2a8ad,4fd372d4bc4eb05df1da32f34bcafcc3aff951053454a378c03b60a0feaac379,studenti.polito.it,-46.0,48.0,390189036.0,363140910,AP-AULA12-03,Student
93c45dcb886ca5b318c080ed93be10308614e9aa421a590b017f3bcaace6a6d7,4665030add4911a964968f70faa02132a3ddb0b79f943b9bab188ff105a50f80,studenti.polito.it,-43.0,50.0,1356812556.0,36246508,AP-AULA5M-01,Student
397444c75b7298653a11e928421dc81b8db0278255dbfad7962b446d78c0249a,8c7ce099a1859975c506915995e142ec199cd8c72f6faa679c31e1ec55415418,studenti.polito.it,-68.0,19.0,58270.0,23310,AP-AULA13-01,Student
54ba0a2a9122d5ab9a10675410a7d6bbe89020067326c1987ef03f9542003fd4,616c0aa482de0089d3353c4a81010ab8b92324f6fa2dd90c1a747da9980aa29e,studenti.polito.it,-53.0,39.0,63369635.0,6397245,AP-GESD2-05,Student
1974a8c08bf43d899cb4795f6b8fa66046b880cec091a06285027939265ba5ec,67864896e63157700e9fdf08fc2f907d0c7a1be4495e74b2b51f403cf16d2565,studenti.polito.it,-54.0,40.0,7551088.0,1403450,AP-INGCINEMA-02,Student
184da39b9b3f314f8c658a757abe26fda23b8dc6ff8f18622e8c96ef223f6f83,b3c7ce45c0ddcb7ab9f6f6011c6dda86325d2a28244997c7feeeafab2d680f6e,polito.it,-60.0,33.0,5233462.0,2094427,AP-COV-C3A-XP03-03,Staff
bece4f2bac7ebbd0ef268491484a333508376296daba40bb6b666b659ad46cc8,0c4e4a07bc1fccae251f42d7417031447852f720c12cfc524eed1759d109d4e5,studenti.polito.it,-55.0,35.0,36419519.0,2282036,AP-AULA15A-02,Student
e56fefbe040d95ca3e4be74af2f5f4457999f1285b1ce1035ae22c1eec029b6e,35e1281f6c3b6491a43c17f66c082a5b052c855cc6d37bf4c89760be59b18a5c,polito.it,-68.0,30.0,87980.0,54222,AP-DISTR01,Staff
598e2d463a48552b314cbad264fefff9389bff9c7789e4d70b7f94585981f1de,8adc7574c22a3a6488358df11db96e30ae386b08ff0bb5f87be83e8a02c1b75f,studenti.polito.it,-49.0,43.0,142315846.0,417594238,AP-SALASTUDIO4-02,Student
caee02477036059d19b95957383ea4d6e1bf64ac0934f4fd9e1af638566d12d5,77437c6bc2394614f614e189361ed0e0fc89cb4b35e93e39c06427caa160900f,polito.it,-67.0,24.0,346923.0,299213,AP-AMM-1N-XP01-02,Staff
af06b4f67b8528ae5e86b39d37c832dd041302d80f72516e309ed18c046c6f30,42ad4fa2e7bd358f0f08cb97eeac4b782a474ff924f91e4eee4fe0bc9dc32cff,studenti.polito.it,-58.0,37.0,101375007.0,13796318,AP-LING-AULA201,Student
493630736e504b722b26e1e78c8fb3f097c3edd6399e4fee9b3a6896412147ce,0630c0e24fb627ef7f02403b74d77ffea9bfba887ab4f3822baff6eb39a572a1,studenti.polito.it,-56.0,37.0,15949.0,27101,AP-AULA23-TM-01,Student
a1d2a2ff4f7dca0e49b798eb3ac396f87b9eaf521a0e862d4e943cb639ea6af1,709a099a603cc1536c7074d03dad4db61ecf780588d0b22f9d1976a92907162c,studenti.polito.it,-69.0,22.0,24052190.0,3016370,AP-CIT-DET2-03,Student
783cbc1a937b9cb806a37094dcd71a4d6a170c45ca5b8794296ae48db560f0e6,a5a2e6faf3f2658255178b3da25256581965eee5588eee70e9cbf448af346660,studenti.polito.it,-54.0,38.0,98509410.0,6931937,AP-AULA4-04,Student
131f877e85acffc0bc3cd44f005281609e5c8d454be3d913c5faa54a79f0f898,328842f5e762b5a66bb0b1a184d08b1eba788f18cc1a5d1cf042410d4c181249,studenti.polito.it,-63.0,30.0,46460760.0,5003345,AP-AULA10,Student
72d38677927d1cf9cd581ce4da2ea6e263a1b282b49fd11b9b7065e6ed6384b6,639794e522da27153175fceb7881133ec9a33897eb72b0ae10599ef1ff46e7b3,studenti.polito.it,-45.0,28.0,470141932.0,21414816,AP-BARDENISE-1E-01,Student
38ebd23ddb3b4b1f77284502deef1abbee9b25bee01de0842ad3d65041548b79,c49fc9187965919b8c7c1b9e2c61f8643d526dcce3f9fe708b51938e335dd71b,studenti.polito.it,-73.0,23.0,0.0,0,AP-RETTORATO-CDA,Student
d60a5198222bb51608c70249805d9e4ec11dbf8482cb691cd3183ed2c71482d2,0ad721eb6b72f80bb536f2e01c248e26bebb61e8bfb251066fff0ea390e70e8d,studenti.polito.it,-65.0,28.0,27012932.0,438187,AP-AULA10C-01,Student
f36c3df1af96149e9dc3e2cec5d9d69dfea547ebbe63f36903df96ba7d8d6c95,99bdb14effaf1d53c05b5e8bcc492279c2eddcf45a4ab36c921f82703c6481a1,studenti.polito.it,-55.0,37.0,22445189.0,5135500,AP-AULA01-02,Student
ced97f70143d86b058570b387e2d97e0e71636136d5bed77801b1bec76b1ae9b,c11c557175353c95d086f3f6ce6d5419cba4b173d7f9e0e3aff87d2160d9bb8a,polito.it,-73.0,20.0,67335364.0,6396931,AP-ENERGY-LAB4,Staff
e6ae49518aed7b3af57d8182c799a85598266795e6fb5a9941dd862ed848f71e,a137ae884c1d77e0d8be7eb9c807e3a4c3a4eee2a02be9d203cf9122df8a61b3,studenti.polito.it,-48.0,33.0,213472417.0,11301039,AP-AULA3D-02,Student
e0dad689f310ab09f9432eaca947f8698f36867c4e601db334ab564e43255b92,4332a27235702ff13be690cb86f4f80c77899ad7562eecb66061afd42debce15,studenti.polito.it,-57.0,35.0,137274867.0,3454989659,AP-SALASTUDIO4-01,Student
afc463c466f55e516657022f8e31dda3506bce7576dc47a9089e43d0bdd7ccc8,7b62e9b32868c8c046f7ab25861bb8666a093af7d4e12f620e152942943deb9f,studenti.polito.it,-48.0,46.0,30909709.0,4156113,AP-AULA4C-01,Student
01da0ac062d5330a86011c37a2541ad04e292db7ef0fd9ec602afc2b3eb9e898,ca4fe352cadfc5d17b53505f3a9013a635dbd0bdbc46b1a1330d1bba09cb7101,studenti.polito.it,-52.0,33.0,3134777.0,499687,AP-AULAR1-04,Student
967553433d0e44156acf31425fa84a1331e4ab6071402ff4490c5a8b06137f33,0f16aa41bb484d5b751af69cc5bce76f9e89d12d479411853315552c83df97e1,studenti.polito.it,-80.0,16.0,44967404.0,1033030,AP-DIASP07,Student
6430ee007cca75093f1d7e922302841ec865a438dc35ae455e2489d17e6cb686,9ac3520724edf5989bf2caf05727d1d2dca155fc6cf5edcdb90fe0c15b0907cc,studenti.polito.it,-50.0,44.0,2610242258.0,27121978,AP-AULA05-02,Student
0c13e33f12e911a09daead85f1b669a4b3d959c785c0e968ee13dd655aa3a727,b1ba7e6bf53421f31997e7a5a8e6f887fbf2514d120665c6e8cfb376b5f7004a,studenti.polito.it,-49.0,43.0,55702.0,47287,AP-AULA2P-04,Student
b2ef7708fa75a5b3829eadc1937d9a0d1211ed89f44f640262cac22c3a95dd69,90171cae345c9498fc2d67d1540def36c54f41702e6801ced28379b414127c4b,studenti.polito.it,-57.0,37.0,100228.0,98946,AP-DITAG01,Student
c5362a4a5362737caf3c7bcaeb953603a284858deab4304241bd24c0c88776ae,61e453b3b7a226771ea474220e743594aea1d0e777511f9ca8fa3244c96ee517,studenti.polito.it,-89.0,13.0,216142575.0,5772106,AP-BCI-05,Student
bc1a16dea65cd6113e57de90f6727b86768d9fb46de0171123a036efa4b671be,97538e3731d2805d6a2897f005636696523bd02368ca7ade5d737235444a5e0e,studenti.polito.it,-53.0,42.0,4508186.0,7426786,AP-AULA3P-04,Student
645abb363b900a937802ed761f34351df26abacd53e47e523422c5d0400978c9,929020a3906068a59458c13153edd8890f8b3fa09a74d213e6ac533808f861f9,studenti.polito.it,-61.0,34.0,389352942.0,2359328662,AP-LING-AULA201,Student
5ef4dfcea0c0ae16deb9496699dfcc462d183e90df0b547c49da2820e7f974a7,6b55c39a444fbb59ff25914729a63244264c24d5adf8329d73ebbcdfbb6d4703,studenti.polito.it,-69.0,25.0,0.0,0,AP-CORTILE-05,Student
16e2a0c02cec10a6b199bdd70d36786739465215c6f63971ed2513b001991faf,34fce3a0574b2641f9d06a82194d9e0b0add40ac280e15524ff1ab1c0e6a82a0,studenti.polito.it,-64.0,28.0,36357603.0,2746092,AP-AULA7T-01,Student
212ddb4c7ea7455567a2d19533276ee63e0fd1ab39ce2e55f0d828a34897efe8,d5a4b3ec0ac96329f04b99525228654fbf71df8779728987624dde6f36f8f7cf,studenti.polito.it,-77.0,19.0,20472870.0,1316401,AP-CORTILE-05,Student
a7c08ca8af98b31a9cd2366db591f55178209ecf289a377312cf4a2baed06865,909e67ec8111e5eb1c180d029ef1ce8117a564572c75a2e5ca97d274ceee44fb,studenti.polito.it,-45.0,50.0,362237507.0,28105352,AP-BCI-TZ-03,Student
fc75be08b6e6794f5f924d1a76a95bd931006a01ccca7c6f1d02d060f798a823,a58bc58e22c62f595ed58f2db7cbbe8c6cf86213d257460a2a499e9f966c8136,studenti.polito.it,-35.0,58.0,94830702.0,22795843,AP-AULA27B-02,Student
a1e3fa0fd8b31219e78a85036209778c6aca50c8d9985c69169afbcebc5ae498,ebc7ef594d50bdfbf5ef3ee493346787f6e23a36e6ff90f1cde46fc9939a6616,studenti.polito.it,-55.0,38.0,871520.0,459405,AP-AULA27B-05,Student
fb0b5a46138aa0fb7bffae03c6a74ece284285206975f03b3c5b9e1c0a01fad8,ac92d9995087ed3637e1048b4143e18578da39363326c759015b17dff4ef630c,studenti.polito.it,-58.0,38.0,6558892.0,1761224,AP-AULA2-01,Student
6ee421e271f9cacca490a024024f8bc95848c73b302242cc6a321c99b4fb05c1,18d7bf0f935985804b8ef0f88b30f30a966f68c7b54eaa1f75866f9b505f3ae4,polito.it,-55.0,36.0,2458066.0,1371776,AP-GESD1-01,Staff
550ccd8a9c96c589b93975b185a9d9c865fbeafee42de9274563f21548e7c760,8292c0ed6d8d3a26242fa7f3f4e54d259e4ccecfcd9a9278fb20b06c6ea20459,polito.it,-68.0,21.0,5831132.0,1279854,AP-CIT-DAUIN3-08,Staff
e4e3d6788421a6f4d00477eb151eef7b64a38bdeea067b2199520a16c91a99ae,,,,36.0,0.0,0,AP-MIXTO-02,Unknown
b127ad4a7af1008b7fece725eb0fabb424854aa8b55e51532c7fea175d0e4d34,023a308b27eca5c3068e04c11d3568fc153405244b274f4cbd91daaf38ade5d8,studenti.polito.it,-55.0,36.0,8746077.0,2771024,AP-AULAR1-03,Student
44afc69ed69c9694d17a485f5e34ce7cc6e81dc41fe7ae6182b404f6689bae47,f3bcfb12a6c061fbd1ebe6b29cb4ae1d4b887a4549f47f80e683d55dfd4913af,polito.it,-55.0,27.0,72403347.0,3316008,AP-AREAIT-2C-XP02-02,Staff
ce659a7d40e3e6e94bb61ea01c536569163d1aea5e1a3eb17458a3a7e0ebf799,963d7c541908045b3354325568bc7baac8d7287f63d04e704f72494b28d841d5,studenti.polito.it,-51.0,31.0,192493.0,108011,AP-VALE-BCA-ST-02,Student
6a5ee0f5e4485d9bcbd3c68dbb9fa5cf9e6265dcf1b9f7653842067381549ae1,08d04f13a4981e727aee2a6595aa88820de198ccb6b19212532a5a4d86b5c338,studenti.polito.it,-58.0,33.0,192800963.0,22940624,AP-BCI-08,Student
ab474391a5e80e43f41708eb2b956e2dfecc178dc5eaee5caee2d4adf32ee80f,fe7a5e98a3c2451e55cbf7c5f4adcf55480c1cb18b143f665af136173f6c46d5,studenti.polito.it,-64.0,31.0,446885514.0,7835809,AP-AULA4-03,Student
ba7ce5bbfafd7571445965a8e75849df1d7061d9035c499b3f941d84bcdb064b,96d15df84444a9701b1bd1d371a9b56239de21f1ee4f8dec317841efa8f73a60,polito.it,-75.0,20.0,174659847.0,346268748,AP-DITIC09,Staff
6ae54c38cad01aa28d5e06282be43af211fd200afce49a530d3c901369c8b755,e20420d865e5ff86335ad7f05e20086833d89c25be8dbc07018adf0d665c7ae9,studenti.polito.it,-53.0,39.0,2546835.0,664714,AP-LAIB2B-02,Student
cd087a25a0ea3a79089821bb34552387d3a50b1391412527305ca5d3a4130f28,21a31478a4977fa544dc7831eadab5faab01061993d590ae9d0c273e5dfa6f02,studenti.polito.it,-82.0,11.0,3899705.0,1103061,AP-TRIN-02,Student
14ef6e2bf6d485f1455f78979b7681f8c6180a0010290fd6920badc6d53ccfa8,39a3f08fb2b691fa5c8086cdb84de1da37475c8de89857ad49724dc7b56c905c,polito.it,-63.0,27.0,135762246.0,81517361,AP-DISPEA05,Staff
89f686c614d482e73a32d6e5f0cdd31c6986ea73d7a5e140695ad7bd13b07b26,156d7046134c5e4e416a532f4f6090b16520ebdc8fceb3387995a6e994991ea8,studenti.polito.it,-47.0,48.0,6693414.0,838101,AP-BCI-ST-09,Student
fc162886172f49e2e18ac98477ae094b602efe93d299aa9254361d4079ae6451,11d89dcbfa9bc02cca0442354af7275437f592f2cee4070005f7bcd8c7af0319,studenti.polito.it,-65.0,26.0,8628419.0,1332096,AP-GESD2-02,Student
e652e2acae06d8937eb867d4c234361e34631fd08d9cd6db5bf0b0011953b2f0,bdca6bfad1772d02f8b6e39266a41e25ba616f59d30b2fedc50f149eef6dfb27,studenti.polito.it,-71.0,20.0,30023861.0,199403614,AP-SETTE-AULA14AM,Student
051ec75d998c1b2974e3e9f29cd907f9bcdae9a98b60da8abc364ac33aedeb83,ac77f2c9c7cf3a42eb9c8a9caca08a0caf8a5d561b1ad1fcc5f0951fc00c7c59,polito.it,-67.0,26.0,1333744638.0,58057686,AP-ENERGY-04,Staff
a8c1c5c7c55863808a8e0603bc9609bd0059d061b1f4eef63537703e4c02a479,efc8b6b9c4064bc38a0abc2bb4212d03da64f533b7c82b5db94c96a4375879ea,studenti.polito.it,-55.0,37.0,5656841.0,6912178,AP-SETTE-LAIB2S,Student
e4528fa29a7b5321b196bdbad4d564f37c83e98cbb33622b97d3df6f1382fa11,1b9374512ae2915b186edb287fc8b8556c6cdb8adcfd69e44a15a99f1fac9d95,studenti.polito.it,-45.0,48.0,2099654.0,2165934,AP-CIT-LABINF-01,Student
6a772387d319698ae68e13daed24c388e8f633c1f6cbc6cd5181c9d26427357f,642eda2127738f48ea8b80ee25f538551bb5804f7a9d767774d675bf6da20b61,studenti.polito.it,-59.0,34.0,4497952.0,1948828,AP-AULA8N-01,Student
5e45bb9e7d54f4dd447fcebb1123ab62bc82b619bf50cb0488852994a0b4ed8a,b2ea0c1f07023e15d8745f54de98ff1b0e371252e5a1f907eb33442e0c406e4d,studenti.polito.it,-63.0,31.0,5872919.0,970082,AP-AULA8N-01,Student
5d10b0d090f38c0f306e1ba88d9f6905e8923bebc129b1f25b5bceea1cead3f0,616f76ff2bfe059a91a35a8d3f998eba377927a55eb1a940ecfe63dcaa4ab420,studenti.unisa.it,-76.0,15.0,34812920721.0,5555189622,AP-LIV-LITA-01,External
c4633061f05a96ef6a8ab188482f106495e9497d598254306403d83eb851f7c7,deae85c5a6921f2b2d241ec12a017274f406a91b862c4cdfa34fc8219b808e19,studenti.polito.it,-49.0,41.0,132601978.0,16456543,AP-AULASTUDIOR1-02,Student
d2b4cbd842e564572ff69eeb4dd9a7c9bfa27aacec5bf8f7d359d93fe3a9996d,eef19742ecb67cae5216f14f967b75a104f28fc8c15194028e18f1319f845003,studenti.polito.it,-48.0,45.0,566106665.0,18742204,AP-AULA4-04,Student
21e1340f6e3a1c388a12dca0b7c32faa9187abdbe4b600a623f9e7517dfd4ac8,312ef989f0ba2ba43f06941f522a3d8cb0afd669cb47e89193aba8236ac8a439,polito.it,-50.0,40.0,22973872.0,17758355,AP-CIT-DAUIN3-02,Staff
b34e905e87cb39bf8bdd5916aee79f58423e798652ab45f3dd045f7f2fd264ad,3269ef5de07408993f00b1eb677ff914d106e1d961e250d452ebeb7df3183132,polito.it,-66.0,29.0,1503025400.0,167259657,AP-DIASP04,Staff
e068d66876ebdbb7758547dae587342de269450ce58367d482ba645c697f74d8,b1fbee2558f7b545a9362047b5bec4aa03b3685019a2f8bede8215e69ba28bea,polito.it,-52.0,44.0,501257492.0,43996642,AP-DIASP06,Staff
c5067ea770f08b4b8aa65d430179e75d7ef2778a4aea6e2adaa0600e046dc41b,4fd372d4bc4eb05df1da32f34bcafcc3aff951053454a378c03b60a0feaac379,studenti.polito.it,-47.0,47.0,218089444.0,1316324953,AP-AULA12-03,Student
2cc2eb08f9a9976ecd5a3f67db127689cf4285271d6dfdb29f0bb9881eae4db8,0cdc8faf11230fd817dd8cc9e449ee44b0e396fffd67c7daad529cada41df294,studenti.polito.it,-61.0,30.0,24947232.0,1582340,AP-BOGGIO-SALASTUDIO-0,Student
4fa4ff859fdef12c9f9c5a513f30567785816b2d2e5c73bc9c77447950ecac38,90e85d177414c40f2060165489e05c778cbb32ce6dff3eb8876b1b0805607196,polito.it,-70.0,16.0,104703697.0,10079267,AP-VALE-BCA-04,Staff
31465bec033c3d297b9231049f9b4a63956364e79b7c8bfaf39b190adb581d90,e65cb01e9fb36b4d4cdcee424765369a06d8e34b4062b0e5b5e0fc74e5a82090,polito.it,-62.0,31.0,0.0,0,AP-SETTE-SQUADRACORSE,Staff
60749cbed3fa265ce113ffc1f00fb77511eeffd8d7d8b370190f97710200672f,ed94a426ff03ddfea1ab8eda735a45198b29be58acc422d2b168174c1e58b966,studenti.polito.it,-45.0,48.0,676360027.0,16116054,AP-CIT-LABINF-01,Student
15c5bae5b33cfc93fd4abead643b88a087948dab1ac2ef3bb76ca984bd68f44d,9b4a45813945eb69f784a628feb4b5aa1b0c0e0a1592fb3145a2763c0530b07e,studenti.polito.it,-63.0,32.0,1014557.0,571882,AP-AULA03-02,Student
0b2296bf385cb382c0092ad54b152b7e7eecc85f0375e5e75243183894b78d9b,c6252c36faa8a2403e612358c37ec28c9232bdfd07082f346a16fd38f75b63be,polito.it,-70.0,22.0,64390934.0,2265411,AP-DISTR06,Staff
0a4a0888f495818f27b797332e22c29c4a8e1b054d60d5403b840de84de76d67,575af5538c1533b98d264a65853752b31115f4678558abd67b1eec4ca6d4c946,polito.it,-57.0,32.0,142849290.0,13557987,AP-LAIB2,Staff
ce8a88ecd734d0f8c1052768c9421bc7595bc69b3bed7a1f4fb4daffe7a16842,2b8e08939b169fd624c6f0d3344b3b2d4fff36317fe3659bb97b4d1191731f53,polito.it,-64.0,30.0,80424.0,61280,AP-DICHI-3O-P3-03,Staff
a405410f9f40e3d00f67abd41f941c5a436258b8ac63cc7c831c2185a5175960,,,,17.0,6712.0,0,AP-AULA2I-02,Unknown
433a34dbbd1ba0d69ab62777b2ceec4de630b0a15f8192e13543e74737a6fb5f,bfc2bbfc8f444f33fbf84d01580aad4e876c61e088339233e02d86dff371f1c1,studenti.polito.it,-79.0,15.0,28904434.0,1106673,AP-AULA10,Student
3d59cf77b88416ee70bca935be947a88a8407fc9251b1d2dc8d49450ddc7fa6d,b5d6445709605a2fcb4e27d23a78848df97f2d9b9df5a27c7e577d7b09a7d874,studenti.polito.it,-74.0,18.0,17126562.0,1970750,AP-AULA2T-03,Student
2b910c0ac898fe0f0ae6cbeedc20898775a6828d2964dfd993d987d16229e798,be44588325afc3b2b39ea2f28392a338955be61078577a552bf97c7fb1ed2f81,studenti.polito.it,-47.0,46.0,7609556.0,525667,AP-AULA15-02,Student
d4a7fb83b491aeef4d2bcfd112b339dcd757bcaa337169735864d999e12e434c,d4d7ab1e9a437746c3b21f84b84b763f37fca5363b24020581be24c83117da0b,studenti.polito.it,-60.0,33.0,222845.0,90145,AP-GESD1-03,Student
5055a7dd7025ad239c713e493d13d03e07b0969c9b539dbbf517df7c6407edc8,05f8387eb3801c30cfa8c1bfe917a863b9972015774ef450a43ee9e63a7751f3,studenti.polito.it,-72.0,18.0,2611721.0,718871,AP-DIMEC16,Student
22855a733980d237c040e687fb4fd4bb20c1cb2c9f92d3e2719c5f23348ee0b3,8cfd1320ea2712436beb524f709393251b81353b5fc02e1c544951963edf307e,studenti.polito.it,-79.0,12.0,229395.0,185272,AP-GESD1-03,Student
c3c25b3f25b17d8a5b09f593764428749835cdf85d1b824ba4ddd846ce1b4b41,683265acc3b2857ca8a7fe9592506a545f4926f295c8c6f6eb6ccd6495ae1825,studenti.polito.it,-56.0,41.0,16309215.0,10697169,AP-AULA03-03,Student
16bc1e36e0fb52fc7d4fe3a3a4a89495a7a5c32720b19ae1fff8308a1ed02a5c,225b8d894dea55c6a015814c1224fd38cbc78ddeb7d01481365e18f37dc0a92f,studenti.polito.it,-88.0,3.0,6381.0,958,AP-STAGEJOB,Student
a0dd4a06f6f96f6b9a807dc892f302a54c99229a9b5a3a238cd9cb6c2560245e,03083cc4a45aad5e63917cfd9de76f515a9af65c62299de19234d386632f6345,polito.it,-39.0,54.0,18066894.0,13608236,AP-CIT-DET3-02,Staff
f9b62ca92482d3f29a61666af76ead7b2c2298d20c131a92658a806ce6e100f9,4b7acecc0c8e979b57bffb66dcb4e69872d315d868214c64b9a338f22775faeb,polito.it,-67.0,27.0,6051160.0,1515247,AP-DIMAT06,Staff
f42b50b49838b6edc8a6abff5c313a10292f0fee9106673651d3a69abcccc63b,87316cb26b59dac4014e98d0ef21f57766e36d841fea17ef3f768f11cd6ebf88,studenti.polito.it,-56.0,38.0,42496382.0,4066776,AP-AULAR4B-02,Student
44e73f2db816a06cf2cd2d522f60fc855da83c3f63a73db3f32cc92acc04c0c9,e25aab6a2b58a3ed26b7ad8761812c699cb5ce502363d7619cc9b419f54fc5d3,studenti.polito.it,-67.0,24.0,179141.0,127014,AP-ACQUARIO,Student
56adfb7c46eedab9f8e87fa219c6a1e10afcba13709261749928244b13610c80,b5dc0a401f516b7c78407c9f7dce963a32b50e5b256b3e59be4c02ea6e0500bb,mu.ie,-83.0,5.0,91525338.0,3589125,AP-ENERGY-LAB2,External
2fbe6cd60886fde65ecae4b352a5353e64dc124781771b0d3cf807ae7340161e,bd95cc1c21d4147ced383c34f015161778303c2555434c1f1101874f7fd5b67f,studenti.polito.it,-52.0,42.0,445388838.0,10460507,AP-LING-AULA308,Student
18a5ac6c3e6cbe941c4af27a0d99608ce0de0016849d827becb2be96c20d71b1,,,,43.0,2007464.0,1360871,AP-AULA27-03,Unknown
86ed30d629a1606b95616a4f43b2b882cca1a5c964ac551f4c40a8d208bb58a9,7eb3cbcaff918e52b1c3448366eef275962b9825d55d5f204e481f75a4c4aed8,studenti.polito.it,-63.0,33.0,26536625.0,3408138,AP-BCI-ST-09,Student
4719a0f576dac6f0204369803fe3dfcf1d7216749982e21c112a25ba7aa14db7,1819fb317b0b93b565eb9759705076fefc76e2d66fa3b578215c308a3cee739a,studenti.polito.it,-53.0,39.0,2552549.0,2707106,AP-EXREALEMUTUA-R2A-P0,Student
b7e152e9d8a7cf8142a00ae117468ad5982b974b02dd82f487f63dcec0e2fcdd,d3fd3b9f3522d5560bb9a84f11d26de35dcb2f5719dc661618f38debd4ff08e0,studenti.polito.it,-65.0,27.0,27137184.0,75496819,AP-INGCINEMA-02,Student
f71a7f534d0c4d7a74067d0a42418e6374da4aab0d61362071f4c34442895282,b5e3c075070ad1e3c17bc622dbe618645015816dfc6f7c5735529e21132503e0,studenti.polito.it,-54.0,42.0,49145195.0,12994652,AP-AULA08-03,Student
23e4190f2849d9ae4d95a3e563fb9f86bc5ade9e6b898d9a6c41c3c845c70482,d20cb3619db5b3ba4250bf6bf72a532762868be69a7d30a7fc6f0f278dc460bf,studenti.polito.it,-65.0,27.0,124644116.0,875918,AP-AULA1VM-01,Student
3fd397de287f50f3091a816db314acdb342c52928382e987510c15915d0f04ef,ec774e6bab74a08f1536e00dc2ad92d70c1628babda7fd246dab755b37a41091,studenti.polito.it,-67.0,25.0,361216234.0,4267786,AP-CIT-DET2-01,Student
dfdf61d084196171de4bfa3749b3198ddc6dca2c047ef798e1f820313a619fe1,7b2d2b1fa79c1fb77f68aa1c91f07d34df7e8e3861f14c8b8ba66ece4ece94bc,studenti.polito.it,-77.0,14.0,682562.0,365218,AP-LING-AULA300-1,Student
3d70d9c4785e7c7f4b02e3f9f64112daceef1deae4f69eb47156b52d736e2181,3c9c06c4f2df7f762cb3c50cd278e049cc5415cf592e8b0aecc2499c23bf5fda,studenti.polito.it,-62.0,33.0,23379660.0,1556696,AP-LING-AULA308,Student
07d085a034f6b517bea08db493733f142afaa035311cd203f4dedec08b4fea10,9c3cee453a46e8adc7e25fe4fab851f6aa27f6fbb7401a7da262265e3b35ed27,studenti.polito.it,-53.0,41.0,21721320.0,1194845,AP-AULA29B-03,Student
6019f0e0fa06686273653fde3d26985ed53725bf25abc46f664ba2f7e402398c,78e714a36a917bf4d32c5fe794fad151640977ba7f4ff8fd61563c691531afaf,studenti.polito.it,-54.0,38.0,61421643.0,3797204,AP-LING-AULA309,Student
af492a8083a3d86eb5fd11bad69cae24f97e3d2d35441dd80509d43680d6f1e5,3f4a66e4479dc5699a706044778ac4d52b4a5ffbdf66bbc996aa0e68335ee4c6,studenti.polito.it,-66.0,28.0,36280800.0,3645528,AP-CIT-DET2-03,Student
62315d2b747cfba29226004d2ee3d9f7f5e73b50822227b3afaf6d9893288180,93c304398d626a88c4c4c6df41f33fa1b1683145a793e23294295dee2776640e,studenti.polito.it,-59.0,34.0,241063.0,74214,AP-AULAR1-03,Student
add53b79ad3c4c8332e710f0756ded8c86fe50a819055d487a43a46c1a884b89,e569fcbff67904fbd27da13d4a6b2ed227d54a6fb611cb2bd7c1c53890dd4b28,studenti.polito.it,-62.0,33.0,54636510.0,3419825,AP-LING-AULA207,Student
bf9264295df29e674598d5594f092288d02bfaf9978f4dccd9cbc085726f9748,c695caec39709c461a50c133cebb8f6c0a4f12cc5f7bd0b0c97e4affff01a264,studenti.polito.it,-72.0,21.0,975731.0,385092,AP-CIT-DET2-02,Student
ad275db18cedccba79f29856e4ee8d2bbbd97a17c39d92d63317487cbe225fcd,0cb3e26982c63ad45cd8286a06e2132e3b859ba6ae429a5404c2883eb22e90fb,studenti.polito.it,-54.0,41.0,288422433.0,61782783,AP-BCI-06,Student
2501cfe9e16a67bfc8f5827cc29fc240d21d92b3fa606b15b6b41e2705f4cb3a,c5686f4cb7dbe8a063440a515988457cadd820e7485ccaf7c623dfec3b8c1a1c,studenti.polito.it,-91.0,6.0,205739.0,166195,AP-AULA27-01,Student
c2972df6603e66f58bca4834da2a8bf57fdfa33e67e615fcaa7a3eb9aa177bcd,17d5031fe000b4064d8fb1b756cb3ec9bb13d94ea5e226ec61fb4e5db75c36f0,studenti.polito.it,-53.0,41.0,2547349.0,1078271,AP-AULAR3-01,Student
5a0d8e8fe888f131ee2a87486e3d6bd076e9bfdfd286b818e870311f7610de6e,63581a5e94a968562a6106e6c1dd68faa6bf45dd7b70c9b41183a8c5d0f0a4f8,studenti.polito.it,-53.0,41.0,148862.0,112317,AP-AULA5M-01,Student
da2d40cacf45401574aedc71eff46d2d8b5821d90084a2633fe7fedd1173c4c8,9a76f25a36786a04071bece7a20b96a3929cc0d167c6215a30ee64c808c85ffd,studenti.polito.it,-41.0,52.0,1962345.0,584983,AP-VALE-BCA-ST-02,Student
0797f60519411fd75e24955c71a40f98923edd971b80951b5ac1079dc97ef7e8,ea4e83f78fce86c7e39d6b68d6f356795c6a042e772886509100580ac08aba15,studenti.polito.it,-56.0,37.0,1182666.0,437632,AP-CIT-LABINF-01,Student
2e798302d2274dc04788cf1b657aed465c029e105a5e2ff0204412f1498efb87,7a0ce48ff5485aa76feb5d2cc3bf7af5b5fa72a337036b750ea972231b3c7a73,studenti.polito.it,-70.0,23.0,26557729.0,22682979,AP-EXREALEMUTUA-R2A-P0,Student
7461522de82a9d17010896c1df047e3f58e49fd10df3d8eaba226321c4626f28,0daed030219aa48fef6051b33172ed1281dc22e2282552c76be44c0bd0b1175c,studenti.polito.it,-40.0,56.0,4148306.0,5289821,AP-AULAR3B-04,Student
5f7aa1928700afae9ee9f5abe3ac2fb1e8d268f1f59d33c0ba88c95995ba3b1c,00977d222c9a6bc66ae14c43c1b244958424b5ba98dbab52e73dbc3f38e61531,studenti.polito.it,-62.0,35.0,201153.0,197379,AP-BCI-ST-09,Student
2f5be6de4d275ca3b742e7b88c44746c0592c3ac1a20a7de8a4cdbbc561c02d1,6c5abcea8ebd7500ddaee348c114afee4079384e8a03c5ece8034b1088bca1fb,studenti.polito.it,-68.0,25.0,292780805.0,9001082,AP-VALE-CHEVA19,Student
c348655843bd296ec1399709a962cdaed0419c5380a9a582d95480a76b24f280,d4d3aebe95d85adc07b046fd143a613c79aaa07e6dd902c497cabdb80265d042,studenti.polito.it,-69.0,24.0,37199133.0,3225180,AP-VALE-BCA-ST-01,Student
fd51e6c0a2fba32bfa01702b4a8378b1d3867fafc3da34a82243a0807e9aeb8d,ce14d00d8aef82b88ec305cda125c846ddc09dc37589dd51c5f6da0c29f61464,studenti.polito.it,-47.0,48.0,2323355.0,688333,AP-BCI-ST-09,Student
551619a196b1bc32fa19e477ad9fd554cd7f88823f2e8110adfc9d4ea92c96ae,48f2ef87a2f35fff6b16ad4cc705d6c7ceb0e59d109feb1bae7098207430bfca,studenti.polito.it,-60.0,28.0,482127471.0,186076296,AP-AULA7N-01,Student
8891ae59e968d8f7b7b6addf669e924ca14a588dba9ed52ccfdc5b224aade0ee,e2734a1a3e6d9e0c903a9e9dfd909bc35c14e6601b430b9acf02b22a9ddfb4e0,studenti.polito.it,-53.0,41.0,126612241.0,3005201,AP-AULA7-01,Student
668ae427624e5929f59ee832dcf39776f2cf48c06369a5c082e8763ca8a643c5,5defe07aa65891dd41de3eae5cf5695b815152aeebbac5474e54f7c077f18d0b,studenti.polito.it,-55.0,38.0,624788564.0,46643558,AP-CORRIDOIOAULER-02,Student
a34069fce42168147bad11b1d8e359e6ef64e832cd644cffc65f8e70392effa5,e472ca4ff2420441857ce0e63ef4e39eb191932ebdb93eef3933cfe3b2287f83,studenti.polito.it,-55.0,41.0,40090835.0,2030822,AP-AULA29B-01,Student
71fc02bebcb5162cf2bb37e9cb2a16f9d7d569f32da764507c8a65ef231cec85,e8cb2ffeb06f799e9039f622185652783987d85e6a743aecc80499a8da125bc4,vki.ac.be,-51.0,41.0,971072713.0,316191611,AP-ENERGY-EC1A-02,External
db86c374bbb78ac8528ba5af2d2a5efe6eb4cf775109807964b8f7b92cc7eea9,422c36edbecd5a70854aba009111be07d4d28c4f0de67dd5ccf992c1aa355ca7,studenti.polito.it,-49.0,45.0,113639964.0,3791396,AP-ENERGY-AU03,Student
fd0d77e9523af6cc03a7f3941b17264be3bd6c3340b60b982fdc4c98d8535e1e,077816dbd606718913b2d1a4901f2b2e1d33bd2a8e38d50b98578a9fd0c51512,studenti.polito.it,-51.0,40.0,22699475.0,2291884,AP-LAIB3D-01,Student
a952a99925ece10920fb50f3ca8f42385e71ab4ea469da11680d5846ff792c61,bfbbdcfeebedcf1de778b229acc33720be691d89e959d6ece7323c4d0b8bef20,studenti.polito.it,-46.0,48.0,76123398.0,101258341,AP-BCI-08,Student
56a6b255a48d24108b2024b5881a70384662240805ffae7fbd82d4df5addf76a,8ec01dbbba127f6543ba9d56e3910fa522ceb8fc40a7d86888a843389ddc2ada,studenti.polito.it,-52.0,41.0,132211049.0,8612680,AP-AULA12-02,Student
f7116ad34501d44c497711d973df14e55de7886a02b549a982508ab5f317c805,76baae2bb31151791d640c156d18ba42721d74b432d0ba3b9923b4c9c74a1041,studenti.polito.it,-58.0,35.0,219415469.0,17425902,AP-AULA4C-01,Student
d0ca1503ed8a3baf81c619fe1fe99cf4ca9dabeb4138c9ea34cbc9771679d654,7ba15d1f19a183e1d693089050090c4688c00d741f52476f2c5a54ca516d988b,studenti.polito.it,-52.0,38.0,17004494.0,4697759,AP-BCI-TZ-01,Student
9e19d9151d2498d372860f66434f43d5fab08a02625f3f5967c14ac4c8545f6c,77c0b0f15d19357114ae718057d4e0ada0b77b65549675fa6cd7a4c6359402fd,studenti.polito.it,-44.0,48.0,14130.0,14265,AP-AULA5D-01,Student
493aba1e9c76cd48b945a62668f32fd45dc5545d5863bd3e65d9e7fa46147825,82deb5764bef1c0dec0aa7b883cf433214ecf3a78b0085ccd95d707f012d79a5,studenti.polito.it,-51.0,42.0,2619055.0,607200,AP-VALE-BCA-ST-02,Student
793bc3731f38d0c9c30c8f225d46992dca989bc3ed9952bb3000b66f9bebee05,0a4f50ba5f1267e6ea92db69eed379fd77de47794c44d4d8d6719baa46712697,studenti.polito.it,-39.0,56.0,1243932.0,1050868,AP-AULA27-05-OFF,Student
2ae78dae4b48129ae1dfed64e97427a71b0c011d4e09295566d5d0dee5922a70,45b3ba01e289ebc5d36015779943e2d91e78729e734e712473befbfb2f49cce5,studenti.polito.it,-47.0,46.0,408481095.0,12246682,AP-AULA01-02,Student
5dd785f0c5441d1eec4451d046be5ad10fb8ea0851fea1250fc2ec46e780630c,632470be7145052d032690a4624f606d1b71194fcd1e19241e2089e2e3c8a717,studenti.polito.it,-57.0,36.0,3122732.0,703838,AP-GESD1-02,Student
5711b8e9df83a2f578fe7c4e59820bd9bb30b4c99bf39dced08fdef316de3031,a7ed3789dd41c0bc945d28565b37d46dea46f4cd8db54d1547cdf82aa643b45f,studenti.polito.it,-60.0,35.0,61053822.0,5152237,AP-BCI-ST-10,Student
415a009f08308935fa823af579e9619719270270be860a26ace7363521411e8b,d67cae5ce169e5fa3ffc60c60e7144a2ab2d47f4cb7d2ff1a473937beed1aa01,polito.it,-70.0,23.0,1874953.0,668763,AP-DITAG01,Staff
aebfd7c72bd69e189c04a25e27866f317f3bf2e8307dac68ffa29a4f6ef5c9ff,f7f3b525ad53a1c8173173334cb959fb6198b8f3a621a5b72725e94671bae523,polito.it,-81.0,11.0,6753712.0,1300866,APa0e0,Staff
2a077ff9660c01234b0344ddc5422b4643d5085e6ab37fe65274bca6b914a360,a264bf3e67c1d5434e835149499cdd064d1bd3096cfc50de064e98493ef7e54c,studenti.polito.it,-59.0,34.0,227516696.0,9522181,AP-INGCINEMA-02,Student
867a031f9523447f88e9ddcb4b355190600186ebd8dbe57485e1f9464f94a8f6,b12133150e870df109bc76fd4b121dd648dee3aa3bd2d1a3ce9b2fa7d21073d2,studenti.polito.it,-78.0,16.0,0.0,0,AP-CIT-EXCELID,Student
1afbc5e822ea98291492678eccbdf2139ecbed80b3cfa7cc8aa0eb0be6f9d5f9,e45542a512e422d46d664872fbf61ba91628ec06bc4afeec2d0b739a558085e5,studenti.polito.it,-52.0,43.0,339300.0,222666,AP-BCI-05,Student
e360a623036726a4dddc39b602e54fcb16d5c7656173bac0e67cf8f08c868024,64d1b84fca364662d1cb06370d5077e36f93ca6d6450838ce633c35ff4a1e2dc,studenti.polito.it,-65.0,29.0,578099.0,291125,AP-AULA14-04,Student
8e3aef8642906090970933090ea5bb71acda5c5929ae9801fc693da44fe2d449,33bfd4794ac2d2ca163398eb48ae022eb237673ada81aa2d7f14081600d3a7b6,studenti.polito.it,-63.0,31.0,7794.0,2157,AP-AULA4T-03,Student
a657071262bda26f5838b90ae9216bc788ea5d6469330ae1d083be2625ed611a,d8644aaa1ac4a62511284c4fee483a1ad09e0670cd848b95d4f258e96fabbe57,studenti.polito.it,-45.0,48.0,43258673.0,15573662,AP-CIT-LABINF-01,Student
4a5d14b3f56fecbbc1b15606017acee667c2a2b8f3f17c1a1b110ac86eb0452c,dc3dd6e62f39aed08eea847962acf0590b8ac18c8c26d47aad20843bae723ab4,studenti.polito.it,-87.0,11.0,1786241.0,479266,AP-SETTE-AULA01AM,Student
2037068c756560393c54f0e5b83deefb950ba4d7b5d52a4f526e73cceda80167,7556defaffa574006893f6831556e415d3ce8344eba91e8edf7dee30783948e2,studenti.polito.it,-55.0,40.0,327670017.0,14705799,AP-BCI-ST-08,Student
25da0293d99edf8e607cef16da605001862a01df2b4362bd2a31a43c61a7ebdd,600a13ca42e13d96235746a2508eb4af35c93bda2a2e681f0dab3dc237deeb65,polito.it,-54.0,40.0,19605607.0,96795929,AP-CIT-DET4-03,Staff
2d0ae7ba7f40dbdd9ba81fd2f932f66779fa0a1fb306af7bb7ba5d204fcc38fc,525bf58d8e6dfa7cc87b6b72e9c24b4095636c7ba7edc90688b61f624993ff87,polito.it,-39.0,53.0,3807897.0,1010301,AP-DIFIS04,Staff
57ec1984dfe745b0852a36754995deea07e5278f1b2387e758d41948e293956d,3d4d2fd0f8351f7026ad549a796e222dba76d0dd378606b14d0165ee3088be3e,studenti.polito.it,-70.0,24.0,123114387.0,6316224,AP-AULA4I-01,Student
19f9126006069864854f99ec4327031c167d070b4c86c7c37200dba2b1253c7f,,,,29.0,9011.0,803,AP-LING-AULA207,Unknown
05e7082b270bb273c69df1161f7e478ff320a3dc1177db791a3d6e8f91f4d1f6,c507755992c8e796d751433d3864b213a512a7b697c1308abc6f35d4c0e6725c,studenti.polito.it,-67.0,25.0,527643.0,332535,AP-CIT-DET2-03,Student
af63e64bf3344496597380d4ed6909a34e6faa56f930163ebe16faa46213fade,d62c3d0c04ee4a4b1bca226c70e2e72dbf77d1aced328dc818738d9ba2c2582a,studenti.polito.it,-53.0,39.0,2303869.0,808414,AP-VALE-BCA-02,Student
28fd879488a48d33ad9c6ffe3ca54c9eb5e4fe719a9b0a8de1f887e55314752e,b79c9c4c7a97e1ac2ce33c77e487528f71340c95b628cf88f8ebc6ac73e32ab6,studenti.polito.it,-59.0,34.0,51767621.0,5705559,AP-AULA4-02,Student
9b0d287c5d148ba9c1b7ffb6f2fc1fca66bf75185c0c95133ac52cbd8b1c67c6,15383c310dfcf62fe049e12e573fe79862b5e3ef04fb57ae3c85d5f616f09fa0,studenti.polito.it,-60.0,37.0,50652498.0,5920959,AP-AULA29-04,Student
e2067aa63c186472a4994655d8a4fc32e585075b33826ca22be07637a6aa2bba,fee70289936b63cd770898ae0147f66a513f58663fcd9f8c6dac3c98a4e45249,studenti.polito.it,-79.0,14.0,1071248.0,448238,AP-LAIB5,Student
65099cd65a9677dfe14353ae623e9a86238dc2743f4ac823eb2e5c08a9384c68,7a5afa28fd184c5702311f2c31c4b64300fe4303d334a28fedb325f8d32fda8a,studenti.polito.it,-49.0,46.0,80798431.0,3779138,AP-AULA01-01,Student
ede929372c135e424f3d54c473c172f60578a52b00fa9b404cfcfa1e1ae221e3,c6b135192f9c06f211c0903e3a1e9432e4819f8bed335ee0de0dddb4b2260d97,studenti.polito.it,-66.0,22.0,10431674.0,3057282,AP-DELEN01,Student
2dba9af7ad51f79044aba38e255440741c27515643bb40982bdd8fd19520303f,019a8b1f4e1f54581accabede6eece7225ae66538125ffab9daea10bd2110402,studenti.polito.it,-71.0,24.0,30288951.0,2107388,AP-BCI-06,Student
9a7898be41b171ece3ff6eed60ce4bde9d3ce289157875b1d32cf4642a06aafa,7cb551d9abd04c5763627f3d154cf36681fafcfd8defbfb2034827f2c48712df,studenti.polito.it,-79.0,17.0,8493.0,4560,AP-CORTILE-05,Student
74986249b731fa36caa057a39e46e6f627fae1f1bbd89917fee8ed69f44be10c,8e2de3c98ccd2bba570651f27cda2d98e5e15e56719295735bf44b44c3cfba29,studenti.polito.it,-48.0,47.0,10746536.0,1974443,AP-AULA4C-01,Student
4c3b00756952a3f6af01ebae5817c3bb4d1ca1111decb376e8c7eaec4da48489,15c587f7fad763ff9b18f72cb1c5a669e171bcfe3fe3fce931d4932ffb9c07a1,studenti.polito.it,-92.0,5.0,80824.0,37059,AP-AULA2I-01,Student
704cf9b42e01869d7ecbbf4642d410e1651aa55a63a011ff02085f7410ce6696,9b25005db3412de27eb63996da2b01a0828d827aa31b9b148cfcdfed4dce7bbe,studenti.polito.it,-62.0,29.0,56516367.0,527467959,AP-VALE-BCA-03,Student
bb69cee60a636a1975a60474a9e33b9de9e5f7d4c429e9cf1a8691846e8cf701,ada1b2f194c57aca9b4f9b8b8b3a3934779e235a5e3ac7bf6bf5da13be033d9e,studenti.polito.it,-46.0,45.0,22759134.0,2702450,AP-SETTE-SALASTUDIOA,Student
89c9e3518adb5a54d8aabc8e5f56f7f4a2833bb06aa56c3b19fe9a4779e1879c,370213d24309bbbaeec73058a1ce02f3fb974d1c15df42311f476858b9693b79,studenti.polito.it,-49.0,43.0,310183111.0,19986412,AP-AULA11B-01,Student
9a18c4f176d81081b44772a591b5e3f30d04f314bc15f585584f2adc5dd55fa3,4579247220541c61adbe46f43612fdc0bcf433b2378ded49eb29dd9d9bce7302,studenti.polito.it,-60.0,26.0,96152440.0,5361007,AP-INGCINEMA-03,Student
6c1eb13795c369ee54332d249dc8fdb5205011ff61cb8ad066c23de05267f7e6,ae5562b20bc989f5f6a422a4a55ef158d4e2854dd4d2c918dbc789c8d9a1f843,studenti.polito.it,-71.0,19.0,790977128.0,28727345,AP-CIT-LABINF-02,Student
3235a75832cc130ac5352431da485ad38c054beb97c614f84d96f53a68b67213,65b4da4eda6c8537ee02cd34893cc2f040599c8fc01b5d89c9ece1563fbfefb8,studenti.polito.it,-69.0,25.0,528844.0,218183,AP-AULA4I-01,Student
f5c14ef7e2a6773f6e037f57c2f6e5804a3d21fdcaf26130497335a432b65d19,07ac048005403c911021bfedfba556f56cc8c218a19434ab3b3601ba913637e3,polito.it,-79.0,10.0,32775247.0,13026017,AP-DISMIC03,Staff
40c33aa5de62ff00b92534e295019d3069149fa1e675468a2a679b9b2a45fd85,bc1dd2e2257c6ffac41a4c676d36f0bd0a2c6e7ffae01ba9cc0031f24e68810f,studenti.polito.it,-62.0,31.0,18736934.0,520443,AP-VALE-BCA-ST-01,Student
e700432e3f5b9272d457c6c5aac550da10b1043c9f2f81b9e81f5c5cbd9f7037,afa3af7c4e652acb559a585bc26d60ed2f8efe3e2e30c1003997596b8408124e,studenti.polito.it,-51.0,42.0,129966311.0,10240541,AP-AULA03-01,Student
5aaef2301941987176ed3ff2eeafe078a49ce9ba04310e036eb8e119c34cf278,9972b6b9ee66c4da81fc260dac04bb0e6b2ea15a08e5cde28d2bd495372dabf1,studenti.polito.it,-48.0,49.0,454179.0,7194717,AP-LING-AULA202,Student
35bf34623d0be799d3c3d4f117d59a212224e16274577b2942e38dbc8b07b8aa,19bcc25085cc428f355ad54bd252c3f45fbe3634b6708675d9617fa5ee2ac94e,studenti.polito.it,-67.0,23.0,13223194.0,17633451,AP-INGCINEMA-02,Student
b2cea0ab5407fdd14e37493ae6db0528b82a6a677903d55186b253410c8b7da7,6fd0eb76664bea4765fe24f0707075e01116744264d5617053e7590d9832465f,polito.it,-69.0,26.0,63455955.0,4661277,AP-DITAG04,Staff
c20550d1620907352597b51fc639f0934bca4c9b32fc35738220868b86af76d2,5751cf8a1d4f6735e9c40ea46d7370372af86a2666ba781b2d6b67dfbd6581a3,studenti.polito.it,-58.0,35.0,17226832.0,481013297,AP-BCI-TZ-01,Student
631f5d4eb49d4915364ff0e6f965e749f7feb299de0938c9624ce3c097a0a715,e9154ff54477017d5b1c9ffaabc1adbbd32050281937e3bdc9489b85606b876d,studenti.polito.it,-60.0,36.0,535426.0,392199,AP-LING-AULA208,Student
9acb3a82000fa5f21a13a2397cfd252376c840a2909531ec07734f874d2dbd6f,93c4aadc478b9493701e25a22dc669c8c5cfb0ba94126dc66e1730b17224486c,studenti.polito.it,-48.0,45.0,59134800.0,5016857,AP-AULA25-TM-01,Student
3fa2e2996672cc8e0f0e28783c4d58d4466d57485f21aacd3ecc57cb24af4c7d,727b670e9767b77d36a0de6d5491800fd3fcaaffd230a25d53a711c0c2906378,studenti.polito.it,-76.0,18.0,6887383.0,1071564,AP-AULA10,Student
504cf6d79492817167102358d3aef7355431243366cd533792ad64cf9f311e7e,65a2fe9b1a887207f2c6e99c0ef5ab292a18c43fa591ac28e30f771980706a33,studenti.polito.it,-43.0,50.0,47161868.0,2950763,AP-AULA23-TM-01,Student
488e5e0c0ef1c77e05e7c6379cccf9198081664ca10bdcfa4dd28c5f385ea9bf,0cee4dd91b677a73793172832eeeb6adfae3714c6585ea9788861dc285a4081d,studenti.polito.it,-57.0,34.0,561760732.0,236289354,AP-SETTE-AULA04AM-1,Student
d4056b084390f4b81756217dc6762d9d6031d1b8eed94880de0ed614d0230e49,ab14776ed937eb9d77ce1fa4befd670c38c39910e29285209b9187c712a0cc4e,studenti.polito.it,-62.0,27.0,293831047.0,40205747,AP-CIT-DAUIN2-02,Student
6a6f83902ac40b4a11060eb7b25747e4d62460756008ffea4918de4c4cd8d18b,ce27bb4a2bae83f473be2528b863c0fa5c2bbdd22a6bf0809025c115bd8ce3a7,studenti.polito.it,-60.0,33.0,22433600.0,21143908,AP-AULA5D-01,Student
2b064ea07494f53ab09b3ec2c86d579b06e1eb4b5a76347d7b369956a14a381a,30dca94b22ae85b9853951daefdb0078c2c43842d8c7ec223e13005655509673,studenti.polito.it,-64.0,30.0,11772854.0,724882,AP-AULA4T-03,Student
9a46f60ff1e3d7aa7eff8423931751ddfa666fa7608d39c37d3a0f833feccab6,608e1ec3d1f353bd157e62fad499f16635bf32a798b1ad5412b166e0f4f3d29e,studenti.polito.it,-45.0,47.0,73006291.0,1396206,AP-EXREALEMUTUA-R2A-P0,Student
f16a6e37b67c98c74d7d172f652a1ec2a5b66c06d53dcacd916cd413d7aa0045,ffa2d66a0b68fb697194b17d826f74926106708a7c98dff9628f53d1852a8aef,studenti.polito.it,-62.0,29.0,627681205.0,31958138,AP-CIT-DAUIN2-01,Student
0e01f48e11d57670ad6bc783bdca1e210f082db35b2a441af7033e9a5bc90970,1375c149db703f1f96dcb7811b7f5ea6483a24f0ae47c9348c93a85803398053,polito.it,-51.0,42.0,32443146.0,3932878,AP-DISMIC09,Staff
898fff54bf0139e041f11f5028f7e7817b38a28aef70fd63a23098f029a08f0b,e14c42c983fed7674b8c8d57fda6a07560f1d346361ea6a20f7f6f3fbf98995e,studenti.polito.it,-54.0,39.0,1446814.0,893230,AP-AULA12I-01,Student
fce3aadd3fbc41e91fc76313ebdb3db136caf7ded89df489ebd4609f7be5e1ff,12f91f9e1fb4e4c0bfda9706c7b17836b005d7219f462033329400e91505de40,studenti.polito.it,-63.0,30.0,36261611.0,10657645,AP-CIT-DET2-03,Student
9d5643079ba6fe6d91ec8e709f6fda4ee10bbe963440fcebe89089fad79f85fc,a480fe1c4501e5a795f9bd9559140de4f0a69b3ec4675be0ac1139cc987871ad,studenti.polito.it,-58.0,35.0,336711396.0,13810837,AP-VALE-BCA-03,Student
47f21ccd20e35b49b76c1264a401f4d905a69af14976f172b74cf111615ed8c9,4d1f0ff1b14fe4830172f1b18178a78272fd87365d3185f7ae8bcf2ef4c41bc8,studenti.polito.it,-56.0,38.0,73975978.0,13159106,AP-LING-AULA201,Student
8fdec8b848b3267d238d5af8e2a6b5dd89ad0b3a1de976dbea5c8b7b73a09f18,55266f1937c097da98aeff9b95a012f8c7ca69a3d78073dc5322a5b1f0a16919,studenti.polito.it,-54.0,37.0,43626.0,55269,AP-ENERGY-AU01,Student
eb220e730604eb82369153d3514185c3accd588fe878f359cb622ddd11256460,2ae5463619629f42d6d1fe8d889d0396a059561f08ed94a84940ec939436ed9a,studenti.polito.it,-56.0,33.0,19895721.0,2139247,AP-AULASTUDIO3-1,Student
0379d8d943a16fb46908493681c6c97179ff1cb88c9f2bfc796746decfdd21f3,3ba3db4164aac4e0b74bd87945f154712ddd17076c999f553a659bf8ed560b0d,studenti.polito.it,-50.0,41.0,196571896.0,23743260,AP-AULA13S-01,Student
036dd7976f60f6d13aab9177073e4ae3cff6cce20650bf30b264e4fb60de9c1d,3ab6849b17000960e15c3f0ce33e8d3e07c3eb1d73ddab40568d69594a408ee3,polito.guest,-50.0,46.0,253416848.0,53405763,AP-CIT-DET3-05,Guest
aef113d97d658a09faaa0f7e3439f0a60c2fa6cd25a8b80cf8e19c8ed8c19ad9,288532e43886705fd09a8a834d6a2b9732e6c83cbb0fab028e6f06cda8252c2c,polito.it,-61.0,32.0,546255718.0,48369355,AP-FISLAB3,Staff
f16ef4fcf0e5c257292cb089be3a62c96c263231fca7b09d741b28efe2713672,d2788c77cc44573138b92aa9c08fd6e0030fca5ed68e9d114e3f0bd0ecbc257a,studenti.polito.it,-53.0,32.0,269423384.0,16634557,AP-A1-DISAT,Student
0c7433a4ef14fe70c0160f16b51dd181e605f07904f6ed469098b9f8cdb35cf9,bc8d050a3900db21b3f5998f9f71db660753e4d5c3c269e651758bcf17d6aeff,studenti.polito.it,-47.0,45.0,161104895.0,11378331,AP-SALASTUDIO4-02,Student
faa47ce00402263f77017b030ac2e6b43225a09870cb72afdc0544542d7bbb0d,5f2aecfc80f1dd192f8d398d57800ddd5bfc3fd66b3f3e955494b538a5f32051,studenti.polito.it,-57.0,18.0,142216961.0,7621122,AP-AULA10C-01,Student
6180aff75726e3cd940431f10e7e854189c46f4ffb470b23391129144a65bc9d,c0ee3dcc3c232b7d2d272512b068c0512fdb6596172e5b7077aa7c163778c63a,studenti.polito.it,-72.0,16.0,96117013.0,4983654,AP-DIMEC16,Student
44e59a88531865936e1b7dd609e357a1d57877c035d443bbae3daa3f383d2151,c31d004efca0df29c0d25a1fa1b143063f48e650fec71fff5e687c6303ee219b,studenti.polito.it,-51.0,40.0,34451304.0,5280968,AP-AULA19A-02,Student
d875baf201ae95dd7f2d21f442e54a80a50e64792fc579181213c9ee3c9c0f80,3a9111d01e70a8e533891978a043e833ae7e80b0a4850052dd5ddf3a2b7bee35,polito.it,-63.0,25.0,2842799317.0,1078036687,AP-SETTE-AULA13AM,Staff
e992b251fc615942b1c24048bcee0ca6a903a2d4c6e2de38bea5b47a6db68003,142b95c823ad5c03ba17d5fbf4ca5b7d29966b8a91a18d13c9b0be025bb96299,studenti.polito.it,-56.0,39.0,103187359.0,5636699,AP-AULAR1-03,Student
866e1012e699a0b4940467e8f5eb7256a03dedfc480040d0f9a9faa3b1916658,5430611e7eeb50bd34bd8e112f6dbd6b723454ffe7810d2149c9b64d04e192a1,studenti.polito.it,-51.0,44.0,50149351.0,6828323,AP-AULA2M-04,Student
4c12529df48440841289df859a7a9cbb5d8942cf63710f5923dd7125669e87c7,3066d761386450aa9ef06d95fa08d552a0ac778fca0606496bbba572e8aef11e,studenti.polito.it,-43.0,31.0,47301663.0,14360736,AP-AULA4N-01,Student
f736880117d845614ff0b440e03f74fd8442fe95fe755a32e38e39903850807d,4499f3d6cdcb3b0971e831ce9a4d4331c45fa90b8e70cbc360a82a776fc5e7fc,studenti.polito.it,-59.0,34.0,55648694.0,2199578,AP-SETTE-LAIB2S,Student
499f1fda295017fcad15cf569d88d28c90476a816c98fec181f92bf809c942ad,98f01f8b4e9aafbed3a318899d9ed0ae1f15dca63b75ab69da73fcb1a2b0a85f,studenti.polito.it,-46.0,49.0,475766670.0,12439077,AP-BCI-06,Student
b08fe1d8672ed7d3e22e534a7108452537c27f345c86cb2f947376d5d8b4dd97,184d84f8f22e53f8c90a25922fa65f324a69a626566c54a83fa898608dd1c8fd,studenti.polito.it,-42.0,49.0,58033883.0,8639812,AP-LING-AULA308,Student
923d7896d32606c515f7d4a03716f0cd9a88ae2e948647d5883a49626a9ec352,51f744abcc4c766cb074e7e191717903dfb65853b035b419647dd6a9116fa25c,studenti.polito.it,-45.0,48.0,38292149.0,2914819,AP-LING-AULA309,Student
86afd9fd47d462ea4021c7bcfdc7f71696a981d890153409de418ccd1e2a4b19,20cdb0d16454082061d84d98393b3d5abea82d1c3d1d148ca3ac6741669dd1eb,studenti.polito.it,-54.0,41.0,175395184.0,14458658,AP-AULA2T-01,Student
672aa688c9657a662215f923ee77ec14ca1bb64a3beb09ec9bd660367f7b1dda,46e7d22ba1865e0741486438eb0ccfff52b208fcaa35a11845ed90c6bdfe68c9,studenti.polito.it,-62.0,25.0,10216151.0,1461482,AP-LING-AULA300-2,Student
d3be74e4011bf8380b5fab5433116d10d36e04e8ae5f0cb151d923189b970585,8bba8dfb8dfadf7038dd5be6e1b609768127464d87dc749b9c94a2c55f49ec58,studenti.polito.it,-53.0,36.0,574881382.0,72131867,AP-AULA12I-02,Student
10d37c6d32eb80569c434c9ed79e890d081a94b9ddb5d70f7a1ef45f99d9285c,ca964dee6285b2d99a700a96f0caa99384b154b1521fb254ec9793614aeae40e,studenti.polito.it,-57.0,36.0,146577915.0,64148935,AP-VALE-AULA9V-01,Student
617e903003c0a1a0b9d9c4ed50f50a3e2c7e984a0ffac59dbcdb87c2910b2f61,51ac527bd614e42e9ef3db10ea3ca7689ce213ad00bb179b65eaef86c334bc2f,studenti.polito.it,-59.0,37.0,104762892.0,143404690,AP-SETTE-AULA07AM,Student
f9de2f3ac18edf2e21c6736f25f489fa2c9ccff5bc8b8337eb8e753dbfc30475,44fcd745881a8146114a241409b9db95bd61db8359cb3408ea3fe81ebde972ad,studenti.polito.it,-55.0,34.0,206341512.0,70874357,AP-LAB-ANGLESIO-02,Student
077a2aa12b092bc0814bab20e824ef5b800b0b71926e43559095bcd872b19378,1c50b0f408e8132ef5a2d97eb4ab03096472f63c5913b612de45f163f1442e6e,studenti.polito.it,-57.0,39.0,120530907.0,7302477,AP-BCI-TZ-03,Student
34e252d5758edf6c6001c895dd4350b70330ae871ce64410b2ef19a479f4c265,d1c9f6a1dac78239a95a7c7c4e003b5f73f4b930ba85584d786a6cac23624ebc,studenti.polito.it,-53.0,37.0,81584542.0,22591030,AP-LING-AULA210,Student
15724ec4680a2018f27d24fea50c2d0c47152932af98ed1f873154ed4b5ee31f,ab44e7e449d44af6a8b6eb4283437e1484af097792e839d380ac19fcd8347cfd,studenti.polito.it,-52.0,36.0,694627.0,978027,AP-CIT-DET4-01,Student
3895b6acf2e01885db22aeed9ee1d427e0d361eef6523d16d172d94255038ad5,4c5343442c8df960d32f17b3dc15999cce9b5266d00d85334cdffbb0df2e4c1f,polito.it,-48.0,48.0,2124567.0,2088055,AP-RETTORATO-04,Staff
da658d23326b90063a0443eb0f8fe446fa2414bfd94e83570cf667df183a829e,ee3e07a64b0af04d03f112985bf3965bf97305bdc295bd1c9cb2245bd4853bef,studenti.polito.it,-61.0,34.0,13088091.0,1788152,AP-AULA10,Student
262c572c78829b127ce42bfec73c0e7cda976381d0030cdbeaf4e5f567eaa745,bd95cc1c21d4147ced383c34f015161778303c2555434c1f1101874f7fd5b67f,studenti.polito.it,-52.0,39.0,23731916.0,4258028,AP-LING-AULA308,Student
0c0ef2f1df57a0d5c2b1180d508f1dbf754ff4956add217002651f7d6e3ace59,34f697b355e27df42451ba6f6cdb1595bc22499f50fd3c5b15e761516cffe9a5,studenti.polito.it,-55.0,35.0,623721591.0,146088531,AP-LAB-ANGLESIO-02,Student
16df2d6afeda7183c56486d53e8255ae59ac57251c79bd7da7f0dd63516159f6,48b55e890add14fb1c42536f38b18a8423336da40d24c01ec3cbc950f0db357d,studenti.polito.it,-66.0,30.0,25662648.0,3499500,AP-BCI-ST-08,Student
10d22dec8068ea4eb5106f522fb90b955621ab9008ee51fa6b34984afebc3b33,aca8ceb9927b687e1bf3558e328b12c70f1488d888577629d20037a6a4adfba8,studenti.polito.it,-66.0,25.0,189373847.0,8125081,AP-CIT-LABINF-02,Student
f12f9aac75b8a4ec22c154f9a57c2e5ac5df82f2d806f33492bb24b07aeea79c,785339d1e4e1972c89f0cc0920a9459fd32e68b799c03dd7a2066df0a839a287,polito.it,-79.0,16.0,3932571385.0,192932644,AP-DITIC09,Staff
0ca400a34dab498d67308d06d59cce4dfbdb0090950788c365f71f0aaa319d6c,5247922359050246292667f6167e5fb4874d836fc42a0cf499d26a5f737e40d6,polito.it,-48.0,43.0,3142291.0,3225415,AP-LAIB3D-02,Staff
ca211ac04faa7d5dda03a107bede2eba45931e3d47f9c66871fe0ad033cc6ac3,a2b1dc1138723f43e8950c8b473af66f2b330f52eeb39d1bc4160eb3f6da60c9,studenti.polito.it,-72.0,18.0,125887433.0,4907292,AP-AULA25-TM-01,Student
5f36e6d53ad6d4e14574d3816d6e949d4ea0ff546b424947b83bb2b8886ffa46,a01e168467070033bb5f49d6e4b8bd78f62b7c20a847451f550c59eefdef2297,studenti.polito.it,-86.0,8.0,647953152.0,164499604,AP-LING-RECEPTION,Student
b25d2c7f186d5fa6b7c031c8bb33168675b7bd64142e8f654af01cdeaf248c42,1b2f5e34abd7fe714d4b451a5aa1071c7af15b56630cd84e122a7b8da6902d9b,studenti.polito.it,-56.0,36.0,106807509.0,14717124,AP-VALE-BCA-ST-01,Student
6346d0d4a7daa697ca155fe23a8e761119cf43cbb18ce057f74c1e110123a9c2,22900a7fcbd872f013f12aad1f348d8aa63e4f5e1a93425d653b0d2f81b5bba4,polito.it,-63.0,30.0,204247030.0,18242261,AP-DITAG03,Staff
571260ca3b0c611b3ef75cb5278c384bb3046ea834da6713b36cf02d70809615,fec30548822d38346e216570fe69b4c95bd7db781a19771b9e4fa5b01323beec,studenti.polito.it,-46.0,47.0,112703474.0,8242608,AP-AULASTUDIOR2-01,Student
07c2e8ae0d64085eb36ad0e51aaf194cbf9312a3fcac777fc47061b4fc52243b,c846dd1da81a552c6490b7b26492424464eb8fe4b5895cd450e0f0f18439a664,studenti.polito.it,-57.0,29.0,169275524.0,37002760,AP-CIT-EXCELID,Student
ad562306d6f8feb32531fff622e6677dbfc139abf1b2d868d6da7c6d93f8f9db,9793439a4c88e9a234c350700c2e12ba36c0f402fec7c0aac393389114f10b49,studenti.polito.it,-56.0,35.0,168091557.0,13974524,AP-VALE-AULA10V,Student
2d90594934820af6cdef0264975c41f799084c4c869d4491b82a92e076f1c2b7,458e190b83fb582dbf4edcff3b739dce90c0602d820e6f3a102da77dea3ff6e7,studenti.polito.it,-46.0,47.0,233130316.0,3998387,AP-AULA15-02,Student
5ec6be5a7bf9d708bd34e6d4355c301b55a4f755732d6be4296e2dc4d043938e,10af003c81286f5b281e1b9af4fa857aecc3e6945e3b30d582276c186c324c1f,polito.it,-45.0,38.0,1746612371.0,195740870,AP-DIMEC14,Staff
4f264f868daff76040d2dbfcd7230943bc62a6c049c497071abad323b42d39a6,4c0a29cf74f0d534642b98231dad78b37c2a4069875872f49eb31bdfcd485935,studenti.polito.it,-49.0,42.0,606526805.0,70458847,AP-VALE-BCA-ST-02,Student
908f6340e0187418c876cd8ee33ee71b84f251d32c7848616398f66c739b9448,85e27670c79cbe6f8a74d4c1b319abc5c10b9e166cae5ca6d203a5d684340baf,studenti.polito.it,-61.0,32.0,3451973.0,1603103,AP-VALE-BCA-02,Student
58c593a69455608a6e0d76610d386b02c7fd674dc4a446cc7cd268470e97e5c0,1db3dba42b4e122b02cdfd8ed49e8e476374f3707087143975275e6c09fd2888,polito.it,-66.0,24.0,258879035.0,34081800,AP-DAUIN01,Staff
a92a202ff58e09c6cc8f805fb9b5164f6c4d40143376fe0af6fb72c4ae3cd5c8,1a4a89900f9768ac647b9de23a70487e2b2e1513514face5de1006958ecff92c,studenti.polito.it,-61.0,30.0,15449962.0,5859722,AP-INGCINEMA-03,Student
9e76e8c2e9201080d6bd9a2befb709bab4a4b03e185759806bb25dea070bb88c,b6d90425eb77328cc143fa1eeaaa4ffc6abc99b5ec3a9f3246380f169e99148e,studenti.polito.it,-52.0,36.0,1919682.0,571688,AP-AULA4-01,Student
68ebf2cfe4974b4b7ab0d3bdfa57fc842e5bd2ccddddb53987cfe6c5ffed6740,217f7f0241eb765916045f65003d00d68010fa5e2acb408429bea4024c9392dc,studenti.polito.it,-47.0,45.0,551903033.0,27521888,AP-SPECIAL-NEEDS-02,Student
8d0e2afeaf955d288adebc602a0a98b8a3ec846e550963665ec978eac51deb98,1d7bf07440f1f7dde0c890d055cc11f4b8adf5fa4a2af55dac0edbd5cfac76a5,studenti.polito.it,-54.0,39.0,989352.0,676107,AP-AULA12-01,Student
eec1ff5c74b57c3c1dbe6669646065f5ae7e980fae00c4f19c05ab18c18a81c2,942a8e5df04d9f9b326dbfc668f4c1ab2c3c2418f4888a1ab1404947cb5b953c,polito.it,-50.0,44.0,496348.0,232913,AP-AULA01-02,Staff
42510f7b74532a41f5c8e3f6c05838d6a51cda712bf28c39003652d0e490ed8b,7c1726eefd699fc76b5297cb8121c5f922964a73bd280d56c29ea401abf0a916,studenti.polito.it,-59.0,34.0,16461324.0,1917126,AP-AULA4VM-02,Student
88aa909758dcfa2bf4e9205c6a3b58d26ef2a87ebf5a5bd63ab1dec3893169f7,19badc8655195f0dabab586559b707f337c83ff2954d244a883a1ef8141e86d6,studenti.polito.it,-52.0,43.0,489406552.0,7165634,AP-AULA11-01,Student
22dd88a9ccde4e230f2fbd317ed0a0c5ce8ee9800a2d86043dbda13b8f7de707,2b0e702a6a0e63b5849742e0e5b5338a03373351ed7aee3e36a94b844c8fe42c,studenti.polito.it,-62.0,26.0,245775042.0,73493241,AP-DIMAT010,Student
865323853cf933fdf483ed14be86b87019862a0a151709418a3c7b598376d810,730b6ffbbf65cfaaeb3a825b79f08dcc1eb1ff4fb8bba76bc90cc4cfe8cbb968,studenti.polito.it,-57.0,36.0,8209145.0,2492765,AP-DISMIC17,Student
a034d01daeccff8f13dc0545dffd1fc16c1fd0e84c25a1ae7470d1c472c8b251,351f4a90566b6c367121e79950ec4d2be57b6240033d360945d66dded3520a48,studenti.polito.it,-53.0,38.0,71252593.0,45905015,AP-AULASTUDIO3-3,Student
0605ae4d925bbbcf7dfc3096399eebd08fb0ab5f925581d996f92f1b66659f37,2480b5fdc690de884ca71bef9f0ec6df810c734ca135a6bb2ad38754a3094ce5,studenti.polito.it,-73.0,19.0,957513877.0,149124528,AP-SETTE-AULA07AM,Student
33e195d98115c329370513f3b87c76722c35464b347cd0dd98ace8cdf2c493eb,cd3e9708dcbf1f37bfbdcc055db22411751390e1c780fef097a395b6c833dfed,polito.it,-56.0,40.0,643794513.0,87499030,AP-CIT-DET4-03,Staff
88830b5348eb732356bdf65a86a0611aefc9fd400b8b75fe2880432780bbc88a,63bc8260483466b6be8804857a8f77781a0a34cdaa090127112adab1c7a77a51,studenti.polito.it,-62.0,31.0,2358952.0,957715,AP-AULA4T-03,Student
ee204a8e1be3e5c247997844b98ea9325056eb80aa0225382f7de156528c7ae9,c1e45c3c5ebd23118e69bdf8f3bf8660e393bd9da59b1c116d73494d230cdb40,studenti.polito.it,-50.0,42.0,129205654.0,9246638,AP-AULA25-TM-01,Student
4da0be435d1605223fe82dec94ee4998af2f337e60c0370402b8d02d516f158e,bc8d050a3900db21b3f5998f9f71db660753e4d5c3c269e651758bcf17d6aeff,studenti.polito.it,-54.0,39.0,1472054842.0,63348472,AP-SALASTUDIO4-01,Student
d823c8f397df31f5e99d59f7afed0b0669b544ff712b3b0e5c75f588f8cddb09,f632b5ccfe29fd22c4a0c621fc0c47fd78fb6f9701e03ddd02d7d3ac83d9e57c,studenti.polito.it,-74.0,20.0,360582374.0,67753029,AP-LING-RECEPTION,Student
c2b6b385d1750a31e1a13d3203de4f19ff3b12a4c2c49b1730410e92bfba35a9,ea130264d3824e78068f89aafda4dd7630172fce5c85fef830ec695ff9c361fb,studenti.polito.it,-80.0,11.0,869392351.0,912777540,AP-LING-AULA300-1,Student
246243faead466b487d13170706c87188fe55021339e1fda4be87ffb9ac1cd8b,134dacec8eb77d57ea017ce743cfa2afaa6d4ef3e9e8f139d07e1fac5b3fc751,studenti.polito.it,-58.0,34.0,280239686.0,90083556,AP-LING-AULA208,Student
43edd890afe224ad64df544a36c5a9b47f21c9607f8c469f3dc9328a501ef825,623c057fca59593c2ee8aeb982aea433152531fd92806a2582defaa3abbbaffd,mu.ie,-58.0,34.0,41236086.0,101623956,AP-ENERGY-EC3A-02,External
a346b5ffb7a9e7aca8a78b9c2508621dfba80db735e75b3e39bb48d3e446f36d,484339f7655569fe6eaf7f7f55ff11124213864381c2c0eaa2b53c54e3db66a4,polito.it,-64.0,28.0,29616785.0,13826189,AP-AULA4VM-01,Staff
94cc54a5b56e275831f38cc1f978bb97a47ebbe71e6b876e6e2542d50f86fd96,cbd27c54fb0b793b907d29f18f871f7af9d5929358ed95606e62e6bff66d1fda,polito.it,-76.0,13.0,23564770.0,10601637,AP-DET2-2H-2P-ACQUARIO,Staff
81eb5783384465c3c10f4349437026430c91985ba46c136c3a38357fb6d0ec8d,0e348dd079c39d605ed8a06c1c1f1b9bc0573aee5e572fe6d1d0ad3308198ccc,mu.ie,-59.0,34.0,63549603.0,825155092,AP-ENERGY-EC3A-02,External
1eb83c1c6ca85fb214f0bf48c5888b561319426f0ba07d7c0b2b2978dcb174f0,45453fd6fb63ad3cf09b52c8295cf8f6c6f1b6a43bab09d392635b7be5ddff0c,studenti.polito.it,-61.0,30.0,187163420.0,18137375,AP-CIT-DET3-03,Student
824bf5320263bd44b2522dda84e7db706531cdc7b818bfcd19f8af9a54784ade,1c4996f6ae61d51ada740b6aa96b39ef4a14c9bb99b07a8268dc1e24cd77cac5,studenti.polito.it,-79.0,6.0,869203787.0,35165506,AP-TRIN-01,Student
7790e78748565f28a613c80260ebff6985fc0d0a97f1045d9fcbd7c56abea735,22b7ee76658a5de13f2324760fa62f5e7431a661810ed610e416ecc3f5ec28e8,studenti.polito.it,-68.0,27.0,50104.0,53545,AP-CIT-DET2-03,Student
e712c4dc359d3caef759e6b788dcbbd326453897841d06c7ecab894ec29a0177,475eaa10bec5c430d3a1adc65e36d9de6271948a28c6de9798c63ec0ab70f7a4,studenti.polito.it,-41.0,50.0,2038430.0,644729,AP-BCI-TZ-01,Student
8df1dd4bcbd1223721750f97a92b29ef98eb5962d9dfea6e045d9a4cb794d80a,fe2da47e103a5b2018103eaab7bc5a27f8d41cec1c9352deeb9ae88047ad9f1c,studenti.polito.it,-53.0,42.0,2042741.0,684135,AP-AULA8N-01,Student
d1b41c00443d7794d45158f66443b4d0a75878350c8b133a88842bdd20db7997,ae8bb2eb54930a090eee62b4a619af7130ea2b1ef0af2b5ec08ff205cc360a6d,studenti.polito.it,-75.0,20.0,314949640.0,22211730,AP-AULA10,Student
5d4afe4bd48fe385d0c8c32706b70322b590f1f9ebca2f31f277fca154525a01,fcb6ef0bb1905f478776beb253d9462a7480db58c22497436654c9e704676b36,studenti.polito.it,-55.0,40.0,39007599.0,2088746,AP-LING-AULA201,Student
d843a42069120d01077df095ef9480ec554072831d7eba46745b4fdf53a42a0a,3c6b84451c7f32d105ff71053a6b2f1d8ad4ed43d089032d40810df1156bb15f,studenti.polito.it,-49.0,47.0,87846548.0,6141368,AP-LAIB3B-01,Student
2a647552b4a9b9d87746a9797186697f5b457fc46791429dfd683a043ae17aa8,e8e3ccac6299b3b1eb619d97956b028d75bf8da518088a0fafee816df8f43cf8,studenti.polito.it,-70.0,24.0,286325192.0,10026839,AP-AULA7-01,Student
a3e0def8eec7545f080b5a07561a303d13769640f71a72f614f3df6eba2646fe,d11c0bfa8d773812ed75a37e24562d4f8af4a07a8230b29dff29919cf9352167,polito.it,-49.0,43.0,38327439.0,5479755,AP-DISMIC25,Staff
92f0bfec2eccf7d12a949beaa0583b52b8d1c8c479d07c0d25f2d74026df3005,3a1cb043e58aff950c8063f842dacf52a5ad6df6232470e4c29913364640f78f,studenti.polito.it,-53.0,42.0,158710888.0,11819348,AP-LING-AULA201,Student
953c6a886152a1b005b774620879c5fcbde2e0f6785f0e60fa32fd8d4a4f945b,a8922b0e9d7f910291666e48e9f7d567dd69724c6e18f3cd8f672ca9f26fa553,studenti.polito.it,-45.0,51.0,276506635.0,4202839,AP-BCI-TZ-03,Student
a46a2679ec8772402dd9b553e4d18ef5d972ff1e59581a9d1fab6d2d5f723664,0ea401e7d2df1d17159644a37a804f4d584cb4051726e4818a555cd3660e26c6,studenti.polito.it,-50.0,42.0,1167622021.0,769418726,AP-SALASTUDIO4-01,Student
420e154c66de9b5d0dbcfbd0ed234b38db026bfd16dca3730e227c6441942516,fb81aa34a13103262a834a4227d76bf58ce4d5e0bdff538c00a8ec2c6c9dfef8,polito.it,-62.0,32.0,2961458.0,575831,AP-DAUIN03,Staff
d49f145f4164ca000459e406dbc66f755b5fef9630bd8788b9cbcb6eab5665ca,73dccf466a4a1e8e57a872b062f647ed156f6713416b2de0d6463b3d62fc91f0,studenti.polito.it,-61.0,30.0,1713483252.0,53768722,AP-AULA4N-03,Student
8be8c1ab33fa9951620c7eec73986c1b99f76bb45d2837956ad99de83b4c65f3,aa4245110f2e488a8e40f34d3db9317fa055306a8abff6953539bb6ece4fd8b3,studenti.polito.it,-49.0,44.0,100604739.0,9869460,AP-SALASTUDIO4-01,Student
1d081fb71b1a1914338b9af8ac325da03fd7d4f2a04dc94b4da5194ca350d28a,b5555c3c4e366598d41379a859320a98b30508d298abcdba01dca30de15fdbb4,studenti.polito.it,-67.0,33.0,19527915.0,8092540,AP-LING-AULA205,Student
6d8ef90bffca109f238edd2554d3a6c9ab059839a28fb0e9476b1f3afc191f84,3d6215d8271567c10984bdc1d0bd0ab17b9a04d798e9670726f29d972cdf8f1a,studenti.polito.it,-45.0,46.0,236864899.0,19130060,AP-SALASTUDIO4-02,Student
ba76cd9ae204b3ee0adc69fdf1a5839ad69c9ab22d0de85a9ebd0ba366267074,36f3785ad60cca3f497096d882bc998b43a26b9c395510c8be1515dbbd8aea08,studenti.polito.it,-51.0,42.0,25856302.0,146329274,AP-MIXTO-03,Student
479d934215873edb13075a6e517456449b089e22c1eeab2e74f545f0f64aad4c,b89c5d0cae5444ba1bda364e9ba301cad3bf1bdbae09376144c660480ecec304,studenti.polito.it,-66.0,23.0,8240408.0,315824,AP-DITAG01,Student
18b1f142158745c4861a9e76bfc470d09ae8d8fcbbe88522fb4a494933faa6fb,1d4900c878b73de66acecc750987473d3a586eaeac110768a0a65a01aae5821c,studenti.polito.it,-64.0,31.0,4016991.0,10059220,AP-ASSTUD01,Student
a94d7a66a7b4fcc84a0ebdd51a73a302fbf1fa17048b8fb806a4f4acc5ad039a,1d4f356bffc02aa2618e154b0cca49712efc61f26d772e5e8c099f94f3bca653,studenti.polito.it,-46.0,47.0,97424938.0,6666403,AP-AULAR1-02,Student
6a7338b1fa5bff83c3bc211eac2aadf2bfde87d6705160b0d7184cbed6d08aa0,234ebc7e896dddae590a4f4fe31c50629580e62cf11725cb94cf86ec4db05fbf,polito.it,-54.0,40.0,8349377.0,2960661,AP-CIT-DET4-04,Staff
d498e532e815de9868cfbf4fb827e9911e18831fab90b4da6e68198411cddf76,8c8003077b7c5aa1863f7b1094701ba87ab31bf5ad6356cb836387475d3b9a46,studenti.polito.it,-85.0,12.0,3472115.0,829142,AP-TRIN-02,Student
40ed38c4e461fb7045d2db71aa5b91504b48f54f17ffabf0f9d1854b39ca7d67,71a7eab799aae7eec7a30dd2a99781303c75e1e6f45efd12c8eb6d9d1c92c442,studenti.polito.it,-39.0,54.0,105213590.0,50367818,AP-BCI-TZ-01,Student
2320dfae6060cf3ca440520a2c5e8259c59c46f804837a6bf978fc75f7871dc9,e9755d2d89e237326ecd78976e797b8f0186e4999269248aec717f9b658116c3,studenti.polito.it,-50.0,43.0,1101115.0,704787,AP-AULA11I-02,Student
6c890a98d8c47417422a860464dc468a9a7399106c9d94925d74b5df5186132b,4f6e7daebd625c0c116882791e2be0540196ab725cea40993466153c7d1b8147,studenti.polito.it,-58.0,38.0,131499.0,107727,AP-BCI-ST-09,Student
606f6258ac9c780070d66206aa05ead973d818d570c2c1342d3a486adace5e84,b5ad72d93ddba2aa7db4ad72b357d8b043f7ce03196972c61249a883d858667d,studenti.polito.it,-50.0,41.0,215491963.0,7730092,AP-AULA4-01,Student
10581fc011370c55d2ba88a2746fc78473a8187ad8be62f3192ffd7f330f293e,a9fe1f42940d538b3fa1948c6c2ffbf3ca82048e285ee793640400e9bbf34709,polito.it,-65.0,30.0,92002380.0,46514885,AP-DELEN05,Staff
ed5e6ec2e5af187446da732b60d04e8adce15bc0cc94cc60f06c1ba1bed0388d,88311d340324cade0f4641cf4f9144bb420481e6d0d7f7d750645883be208496,studenti.polito.it,-77.0,15.0,604764.0,467247,AP-GESD2-05,Student
80dd706c287a96a858f298b56631db519fa98e548fcd0d8daa4c39ef8b6e8ec1,e5e6583cbe7c2193cfb9fd32ef7807af4c7cb6658627c54343724a1af42d9841,studenti.polito.it,-59.0,34.0,64383048.0,23598235,AP-AULA8I-01,Student
eb3988701389a2f0f46508cb6bbafcf24ba6a5b5c039fc903be1eca622e56fcb,c2ebb34c63f5cfae92ae75423cafc7e0bafc9122b1aeaa5d0923e7c2fe108b42,studenti.polito.it,-38.0,55.0,12739430.0,1491795,AP-AULA13A-01,Student
240258ad7db4ea236e7ff4f29e3a2611b0324514f6b27f6fe221ea28eccf9ca0,67b4a792202d500a813237001a3f36433f182748b38c2fbbd349b20a9ebd5d43,polito.it,-59.0,33.0,62763864.0,4810542,AP-COV-C3B-XP03-14,Staff
c20bebeae6e7870e73f15f3854ce88bc9327aaa4788e6ba3543241e25fed9b8a,8b53eebf67844aebbda5a6cb70fe79532d05b1672c748a2c24bba4b84f6ac261,studenti.polito.it,-66.0,28.0,8049848.0,491326,AP-AULA6-01,Student
4c15ac61060b2bdb9d2fc3de4c15b078219de81e9b657ae80bb4ee9a4b292869,3f050586dc11667cfd5f0ea8891d7c18202477a6a02baef14eb09364a25a763f,studenti.polito.it,-48.0,44.0,226295647.0,8829242,AP-AULA6N-02,Student
6d0dda8d4a6f25235a7521e91a3f3440649ba58e81275b91356f43518842a6ec,30af18b26ff3f1da24b1e70d1145ac0ce97f1327a00c87f7e562a1bcb83dc505,studenti.polito.it,-43.0,50.0,21532274.0,2568223,AP-AULA4N-03,Student
40ddf128bfd5748d0d8ab0dcb386c7b16ae698f089a2a1f8b43aadac99c7e64e,bb4e6a1ebc0b212ba2508671b8cbd4b82709ac8b525df7aac0c83e89dd27a352,studenti.polito.it,-62.0,30.0,492228.0,133479,AP-BCI-08,Student
4dcaaa62b3300df50ae82d676a4c9b2536ad3dea48a4246fbaa53cdaf4eeba12,35bbea67d1371ac94489a68659eca2353d1920ac0b3b94b6e3599bca3e9ef63a,polito.it,-51.0,41.0,13704472.0,2073977,AP-COV-C3A-XP03-09,Staff
2a5d518d7f7352805081add90d58513e156ff8321f342432c5564f2035d90870,d0ac3d1c5fb8d6c35e85efbe85f02152eb7fc2a205050cd3d0ea6979b47a52cf,studenti.polito.it,-63.0,29.0,2384959.0,731445,AP-AULAR1-04,Student
78274418919bcc862e334a86ecd3fa9edd6eeb17a422bdae270b6d36966c5663,64278c62947545e10fe68178d157e88d9f14a8ee741372026828c88587b2941e,studenti.polito.it,-50.0,38.0,19283473.0,3034629,AP-AULA5D-02,Student
700dbea4dce291910f9255dc4877b60e8563937e8078b75cc967bd6466e9dcc7,2bed282ec15bf70e46b1d9155b0194c4e5a933af52265201c65bdf1779e1908e,studenti.polito.it,-56.0,32.0,88505855.0,6395846,AP-LING-AULA207,Student
4a1896b758aaa16b4db9f292e1f7d18d776f71f8a4065386ee8b1016e677152d,5a172c1120efff16f3faa64c9dfded8b5c35e48e967dc28fb5afa6d3f7a5190d,studenti.polito.it,-47.0,46.0,225433416.0,5747626,AP-AULA01-04,Student
916ac7a01b76df2337da899c8e494da9ff4c8cdef6bb791dc1702191c0395c17,de0a1a389c54551909d7340372e6b8c51f3a0bd069d4b42fd0c367400e4532f1,studenti.polito.it,-63.0,34.0,1050070393.0,14565123,AP-BCI-ST-08,Student
80824bdf82f7903a4602b1ca142f5efb9f9a06e527a45988d9a1056d440ca32a,2422d4987beb16fe95747c7fec7e24ada88855cc83b82c5ad15400bbde58e7ca,studenti.polito.it,-55.0,39.0,69939835.0,5913464,AP-ENERGY-EC1A-02,Student
93bb3bbafe9ed0af1b0222985dd7b55811064b3596edd41679da21adf6601ee9,97538e3731d2805d6a2897f005636696523bd02368ca7ade5d737235444a5e0e,studenti.polito.it,-46.0,48.0,1031111.0,583852,AP-AULA3P-03,Student
92339e97a2d716c1b9e784715d0ed44cee1900440308fb93fe4eab3b29612d05,62bbe83713d37fc163581d8d31e74a933f9af26c53f176247d92236ad1e789dd,studenti.polito.it,-38.0,56.0,13168726.0,4328124,AP-BCI-05,Student
b2cd62d09439fb4d9e20082fb03ee16491397e664ddf12ab39dce1e607f9540e,f381bb86b72f563cc28dedfbdaa6e7824cd0001024e5d47804bfe515c416a734,studenti.polito.it,-73.0,20.0,15781.0,25711,AP-AULA12-03,Student
f2ea8d569000e68972b2bb2bd955cb445db0e4b9e3fdd6822e988338f849060e,239c80fbb71fc2cc525682345b60f062420398c3353fc54879c86c2848bf4000,studenti.polito.it,-40.0,50.0,11467900.0,126939183,AP-AULASTUDIOR1-02,Student
0d759780b4c5b57f0e4b1e80bef6913ccf380f81c4e62ee3c21481744e7e8c44,aa5484125fe5b78bb22762e414cfa39c28f049fbf5879641eddaba610bdeb4d9,studenti.polito.it,-51.0,40.0,79619063.0,1364067,AP-MIXTO-02,Student
004712f874ef1d8d97759b3e2310a0b0a94e7347fa4df7cfa749e697c709ebc6,b1431ecbb14888c0184adeefa95023c990a29886c50101a98e5928de7b786285,studenti.polito.it,-64.0,31.0,47845015.0,1062446,AP-BCI-05,Student
d9f892d6fa7a3445cefd6ae5cfe4637f6bcd80c27b32d6fcb5dca1b16b19714a,36900ae332592798fefe70194c5bc1943fe1ddf2a5e01b9c482b9d6a2dddcb70,studenti.polito.it,-55.0,40.0,745162.0,1284398,AP-AULA2M-03,Student
4646f499ceb03124d204ac45a142b5684e875c506bdd441d42050c9107b3faa8,091ad1d8badf280aff4d66ace98afb3344e2ab98d0ed023eb3ccb32fe7404287,studenti.polito.it,-53.0,41.0,20071867.0,2944838,AP-AULA9I-01,Student
4c936413f31711c09dfd32b1b06ce5ea1b08f27342fcb532e17bb182d828f1bd,0e2a2016bfc849a9eb3181009ea9d7361eeab8a910645939f94b713302ff6a66,polito.it,-70.0,23.0,1348452.0,353126,AP-DELEN06,Staff
17409415cd00615c85bcb43b847ccfd71c717ba2b2c45bc37ee118adddff1a33,903e6679a9d3b9448f8bac41d9fe2ed3fc1e04065d065f188e79daf4483f9c3d,studenti.polito.it,-66.0,28.0,3582764.0,833440,AP-LING-AULA304,Student
54d156df16a57cdd5f3c8c289103a5a9f3e2c54a0879a815ec1d12426c1c753e,f53981db07158729119b5ce0ebaaeaf2a8049de7620e5d6c790ce01d7ba688d3,studenti.polito.it,-54.0,38.0,581976148.0,20738097,AP-AULA7N-01,Student
459243b132bdafef7dbeb29be4d6ccfff3cc1bb0862440661e8737062508928f,b169cce3c00265b44a64e0d7a39e2fc64a0b5a9749efe62a1fe09e9e7bccf94e,studenti.polito.it,-81.0,12.0,293269496.0,11835219,AP-INTE03,Student
56b531aabb2ee2b43d06bfca906d5bfec3054fb5bb1a68fc354cad8dd5823253,3d5eec0cd18f713b76b4bae48078a7c44188ad79511c9636d1fa5d28c9df5df7,studenti.polito.it,-86.0,6.0,49698188.0,6463401,AP-CIT-DET3-04,Student
ed583dd69853e779e029354a86966b0b97ab1533c593deafcc85ffbf33e74d3c,b9f4e13d83578a7d971e2d742060251a714a75364198a6df8852fcc989033aea,studenti.polito.it,-43.0,48.0,5002734.0,8484991,AP-BCI-08,Student
e6471e0b079cba088148a3fad0810e8c974cf8589f019e8a294d8c852afcb9ab,bfa229001237425b38dfa68b8e4824282d7c65e680cace1662a6129b35875629,studenti.polito.it,-43.0,45.0,100596276.0,57678249,AP-AULA4C-02,Student
841a44b44735b9953c5de62eddbc1bad41a323f099827e42e281353878d91bb7,80a782c7c6bdcb64328a0215492041876ce597d0a07485293065bb408b95f75e,studenti.polito.it,-73.0,18.0,3311633.0,679864,AP-DISET-1E-03,Student
8260ac56c8979c717cea52155fb5eb2d48cdac8454799add6ee65a6cc5a71019,dd74fa972d38017ffc743dc9f9513b20628a968cec5a5d6cb4963fe564ca7202,studenti.polito.it,-66.0,30.0,63239341.0,5319706,AP-CORTILE-02,Student
1cfb1c462e10ad70f9350eda14562c7eb736a82e7867784d1f4e47dbad620cb3,370213d24309bbbaeec73058a1ce02f3fb974d1c15df42311f476858b9693b79,studenti.polito.it,-43.0,49.0,10109279.0,16098796,AP-AULA11B-01,Student
b4aa4521c94645de43d672a40f1bb5c84c957567cd6b12d1dd60094d3be23852,50e02d3653f929a796d5f826f660b21501eb76f1b22e9403bc5c90a123a12e53,studenti.polito.it,-57.0,36.0,160287176.0,8405021,AP-VALE-AULA5V-03,Student
e07baac95096ae88bffbe99e36739f1aeec650e339c0d252b226ae6f5f83622a,4b5d6e027e4e026de1c42e6dd5ba0fd131e98414e1c9344af020e16aa179a5cd,studenti.polito.it,-80.0,12.0,1741624.0,1574223,AP-VALE-AULA1V-2,Student
f8565667737dfb74b6645118240ef893ead33951a6378855fc6ede9e8db3510e,6176f83e8e389673ab07025b4a5c1ea051070eafe57bf146aaaa16338b819285,studenti.polito.it,-61.0,29.0,20337581.0,3643531,AP-AULA12-02,Student
bff1a0965da66623f9fcfa50b979731e7a49a7c71bf73eb35ff2abacd372837d,9645b0e429aeb7b89925f817b3a50bf56beeb2d2e4a18c3018fa15acaa244ec4,studenti.polito.it,-88.0,9.0,86067334.0,21504831,AP-RETTORATO-CDA,Student
4adfde3cee2431bbfcd746fadc4d51de60472328a37b9a62ab73954cba516b37,922dfa6e0fc4974a435291543f2784740e83ea5104c72cdabf21a6cd97245920,studenti.polito.it,-58.0,35.0,335952836.0,13479753,AP-LING-AULA301-2,Student
1e34315a92fb8816c1919d4c61f2dbfa526eac44a384d33ac453cb6abcbf3fe5,d71a1bebf553cef02692a82bfae3971b08629a4e35a66f40e816a2d76bb61b34,studenti.polito.it,-65.0,12.0,4831414.0,871101,AP-CIT-LABINF-01,Student
8ba18979dd88095c77ace00a450a616500a53b5146b74755169d5f7d60728c22,f55ad3820163db9380525df8fc3523d4627f35a5bff44a2b1d342b5f7d9bfa68,polito.it,-89.0,7.0,22077026.0,2976529,AP-MVI-AULAMAGNA-01,Staff
7805e8511eb10d58158bb95b6471756699c621bf92f62d058a1fd8aee324376a,0f4921dc92c838509868cdaa3a552dd60cdf226075827f3e8e9d411058ea41d2,studenti.polito.it,-59.0,34.0,171476262.0,8838614,AP-VALE-AULA8V-02,Student
bad7a0ad7e5849e53cec44431cbf8f5e44e1fec0a1a3a2a36b8d456c46c9f8b2,3f92e3c21530552acfd382da7747c15ed5e21da6101315485210fefde0d0b2fa,studenti.polito.it,-80.0,13.0,139915.0,148492,AP-ENERGY-LAB01,Student
af46769fc908e9deca1eec90d6069c5990d46dcc62e98ec89a29c1220f55ac78,024997a9dab33644af05a0a1f2d33abf628bef20daedbab705e4d9e62630016a,studenti.polito.it,-55.0,35.0,6874132.0,3866292,AP-AULASTUDIO3-3,Student
97c671bfb9fc7dfcabe5845dd3989d394a0f559e5f4d23406209ea112b901db3,1c856670c2f1f7fbefc242f27829454ab94c13f2f9c1e4629196dabd20c9a196,studenti.polito.it,-57.0,28.0,7158026.0,1151774,AP-FRONTE-AULA12,Student
e120d93ae01782a5e487927578640ffd2c148f5bd834a5f523b61a3db5197b5f,620843a3ae84c3b257795a708180d09290b7efaad469cae3d93d58823a6bbe50,studenti.polito.it,-62.0,31.0,9374023.0,3393406,AP-LAIB5,Student
7e3cf2e90cc821822d23747a70d51f0a4dfd25b3450bfcf0629c94cb0cbb0211,e050e636c9de430d9ce7183a3c188bc4fe66e37d7b7bd6e5655fec09165d952f,studenti.polito.it,-45.0,40.0,108989252.0,8044016,AP-AULA3D-02,Student
6e3fc33fddd0481162da807f22b4ef732d19b640302f99bd282d251f7492cec9,38c6e774c505e6534be00d28ecea0c9c7fc9147cba09934f5b6aa60f24db56de,polito.it,-61.0,30.0,96880489.0,498573939,AP-AULA03-01,Staff
78e5802a4894328b86f39017728e83350a2ffb9e271c1ad73a1ccfb7d1d3cc99,ab5d03e0e7f2926787ab13b0c3c9f80948461bee31adba946fbb42dcaf5d3f40,studenti.polito.it,-53.0,40.0,286141.0,184200,AP-GALFER-02,Student
964ba7a530066caba4a1dd99d5b6cb8f8960b15010b676456c9fed5b3dd5f77e,98638ff5c51e63cefce2e046e60a279933fdb6cb8ce7fbf92396e865c5754b9e,studenti.polito.it,-56.0,38.0,263454.0,260576,AP-AULA3P-02,Student
16e584fb769ed7fa0fc60d3f4154ce541e9dd799ae7511088a0e91507ad745b8,053ab8831bac0e44cc9758e0b291a44c59f762ad7add26a0988a5f5b8c14db58,studenti.polito.it,-66.0,22.0,74478.0,105657,AP-VALE-BCA-01,Student
2950f8c55a6d8843a941be144bf03f2b75965f7178a0506aa03ee172577dd544,95d14965aa31c740abb40272c341b39b43dd048d68e0523d4cff8d09d2d1a91a,polito.it,-62.0,28.0,8859405.0,3058435,AP-AREAIT-2C-XP02-02,Staff
7cd8422dac9a3d19803519492773decef6bd25ec1bd9cf2c1aefe8141f025785,ce0a5366f9dbcc3943bfa65945b2bdb255718541b95cbe38bb3d93a65dac63e6,studenti.polito.it,-53.0,40.0,7832353.0,3023798,AP-AULA5D-01,Student
49d3a521f06b8afba3bc78ebc3778c7adcc553fd233b139cd90fa667135dc314,83637fec9a41fc695b94eee98524a75bc1a3a31baf61ff357c1b0394410f3959,studenti.polito.it,-59.0,35.0,10670711.0,2872861,AP-AULA9I-01,Student
202c6ad678144ccf81f7294c8147f0d29341d096a44f04f28bf306fc7667f983,795647437e920fefaa7da710a6af279ce60c2d721b31378637cd6ca2c89090d8,polito.it,-56.0,35.0,13649464.0,22887743,AP-DELEN01,Staff
090872744720e3d2bc540d9d4b57c46625fdae31d3b8907fa9d92be179eb620e,1a6bc2ca59cdd601e28ab4a15d5d3855eaf6af1086e18b78e3f68283f6bab7d7,studenti.polito.it,-59.0,32.0,66389.0,47244,AP-CORRIDOIOAULER-07,Student
66472108488fbb8b4f9605ed566d7588938583718c391e10f1ab277d62f437bc,e084b7fcef520c07cc27350197bd605211f07aa2d58d52246cee6a75a69b3687,studenti.polito.it,-49.0,42.0,267160.0,195958,AP-AULA4N-01,Student
dd0bbdf1bc2cfa151678ac2c785828d8f07800723f289cb16543c4c3e3cc6999,164492f7570ba80f9104884ab92ec89008f88535883c195fb3ba32541242ab5d,polito.it,-68.0,27.0,140079416.0,9871651,AP-AULA03-05,Staff
219d30f6cc0b155faab7997e75f07d957e74b339aefb8394a222c418154dc43f,c81913b7e63b9add1049d52c5ec722a643d92a8822f409c12deff3b6d0f90bf5,studenti.polito.it,-79.0,15.0,48219604.0,5785721,AP-DELEN03,Student
d10ac22c1565d6dc685682fdd120cbacadd64562c64c24d98c33c2f52d1dceb4,8b34d2ff0a01ee4cba199b4617be51bf4751480bbd92237ecf9edf7821540b2c,studenti.polito.it,-59.0,36.0,357574448.0,28591125,AP-AULAR3-03,Student
87af145d387688cb8ed63a5fbeb0455cfd0921b3fdfae1e49907a606af7ccb62,a0c72622f217cf929a46e75412a7dbaa66653400ec8c65028ec9fb33447a5ed9,studenti.polito.it,-58.0,37.0,11972937.0,5901787,AP-BCI-ST-08,Student
71e4cde8ccd003b2dc2ba80e014a4cc4f2ec34c63d75fe2711a7fbdc641ad43d,edc5b99dcb2e7adf2a85b10990ed605eb6ee3ded60ddc1685e77485fe5ceab1f,studenti.polito.it,-51.0,42.0,8158.0,5361,AP-AULA11I-02,Student
19b729d3d8aec25d11e48a5ffd098399409f150f1bf777ef862b9a8bb3ec8322,a919f0cddc5268a7b5316b38234ac1779e2a6d700610d93a516c88998db71b33,studenti.polito.it,-54.0,38.0,7653317.0,2455905,AP-GESD2-02,Student
253c2b58f8ed442b59a4133ee0af33b40548d201e37a4276299d6924b64b2e22,e30b79e6a23b58b2c10ed7d0b6703205de0d96ae8c0c6020f7baadf17230833a,studenti.polito.it,-54.0,42.0,91999189.0,26887065,AP-AULA08-02,Student
58d59c5405d51a90a22e81bc2628dd66b0a6ef35a747be5523d1ba5df6dc7a41,7f1c12849604474c30b72f9911ac2737d74818476d693ad59630ea5c01185f08,studenti.polito.it,-61.0,32.0,10052000.0,16343770,AP-AULA6-01,Student
a3936282076de6e1ca74194ccf84f0d9e37f6cc7973d7f5974d80778ac3b957b,be543b1fdec221e37734f8bd2bcfe8b600ef3d45a6de817aee81ad0be37f4ba3,studenti.polito.it,-55.0,43.0,30708907.0,2053732,AP-CORTILE-02,Student
97a009809b7cb6d6d1a4c0f019228a256df148fd497de2e706ab652909d30d03,bb4e6a1ebc0b212ba2508671b8cbd4b82709ac8b525df7aac0c83e89dd27a352,studenti.polito.it,-46.0,45.0,164946134.0,4201216,AP-BCI-08,Student
fc648c6e073ff4f102c3fbd11858e37f28e168a93a6472ed42c8763fb4f93844,b10ac2920c31e419bb3c4b3db25763d7932a20c96f1fc313353f8289db0e27c2,studenti.polito.it,-38.0,45.0,26850.0,464641,AP-AULA23-TM-01,Student
7dbdb84c965851730c70532b73025892b99c42abfc4fca036fee5f94c8cf6acd,d60cfeeb1cf1f0180f3f20059535616a335a952a8cafdfa14d6436058aa8b577,studenti.polito.it,-57.0,38.0,220610339.0,83000017,AP-DISMIC03,Student
45e86d258b5147b36c9c52e631782af443a8309fdc53ee9c87e323d09e9f1a0a,29aed243542632a5c510d65ba38f2dc2fa9895751c74c105d506b1cf0a1f8bb2,polito.it,-72.0,23.0,304238807.0,363463754,AP-DIASP07,Staff
add6323b48c0071b84c4fb4c743828ee2342d4ce4fe527aa457a0b7085b498b0,50bfe3053377bb944a0343db09aa4915d46ac9c32de61e95e340d30d2728f478,fe.up.pt,-46.0,42.0,661405342.0,4983706,AP-AULAR1-02,External
4fd26677df79e4fadc2baf92ba0c3e645d8640f207411dc2ab051d40250a679a,93a58aeee4332a5aae63f0a505937e8bee04b73a7a240c4219c3152172884187,studenti.polito.it,-65.0,24.0,210059077.0,4113816,AP-AULA4T-02,Student
92bc85a0ff6bbb533dfbe714cfa7a350d90f7f8727821a340c7e3a3477003b23,86bd3e87d1471734832c669ae54dae8b8a07081175518487bb274740c3ae56d4,studenti.polito.it,-54.0,33.0,42367584.0,2723543,AP-INGCINEMA-03,Student
29d7f32050a8f7146bef37bfec4e3758dcda035c3d395ea27e25f27ae8febd0f,23f9b772a2075c0a69446d2f173123e2490c03e79cb7002df2152feb85b32f79,studenti.polito.it,-63.0,28.0,185571516.0,6482888,AP-CIT-LABINF-02,Student
2fc4479cd91a2568cbee4f8f7d5928b6fb9c527a336c478806c840d05f744d6a,750d4cfd8aefc056353fedcb97d6727bb6ae399dc53cd31e151d71fd7b94ce95,studenti.polito.it,-58.0,36.0,185796590.0,5238977,AP-CIT-EXCELID,Student
c20f7c0d7872eb333fad5237b54b51f9fbcbcc972756f4b034f5c9700fdf601f,84af4dbab42c49b69bcf31f425aa52336291262be6981e2b89a11ebd213f8426,studenti.polito.it,-46.0,47.0,7005.0,2745,AP-BCI-TZ-01,Student
e0a721fd9865a251b4efaab2e1c220cc733c99ce8a97fca6a37a79e1eea84d67,ab8045971118a2f9cd403db921d7d791265f0bd0cdab5a739869ca2d11f8fa2d,studenti.polito.it,-55.0,37.0,16428588.0,7218631,AP-AULA4N-03,Student
c6225da9ed6d9c6bd43f2972c016230bfe2f348ffc41178c801f4bde6c9fbac9,85693391e07d6124e282ddaff792d1a7f4b2e7647de51078c538f7a1821a64e3,studenti.polito.it,-48.0,46.0,14887718.0,3518716,AP-SETTE-AULA13AM,Student
0bcdd576285351f620b4fd4610e4ccd05843ca0b744935690f17d0158f1536ea,54a8357f55cd253db92919358f168345d7917e4a7a0f4a037d452894eb49db3f,studenti.polito.it,-59.0,32.0,330983585.0,17275785,AP-SETTE-SALASTUDIOE,Student
2196b256b2bc630faaa1506ae81d338d85a613e4f89f471330c01c34dedc7896,0ad33f9bafcee5f7e076987e613ccf9b405f7b0fdcf6eda801f1e832d4ca10f6,studenti.polito.it,-67.0,26.0,653401.0,1477888,AP-CIT-DET2-02,Student
cdf58230c2b538dcf6d5e575cc02107c6d311b642d8f01a8d83ec4a4cdaeb3f6,0630c0e24fb627ef7f02403b74d77ffea9bfba887ab4f3822baff6eb39a572a1,studenti.polito.it,-46.0,49.0,161756800.0,17681787,AP-AULA23-TM-01,Student
677b5568e3d3d1961b42add3c28e6a1ea089658eee6e562931c737f5afd549a8,9758443913b3bb925db9a0d99627d99f06b451b892988c5d26fcfbb27eede150,studenti.polito.it,-45.0,40.0,9377482.0,2349197,AP-AULAR4-01,Student
6740c06568292ed0ba303ffdb91ebac290a7852abbe6a3492db9e6e9e962ebf7,5d92c13fd17ec6fb38d4456117125d87832c01b980572b842e2f2cffdd5ed554,studenti.polito.it,-58.0,35.0,19628029.0,13314565,AP-AULA2I-01,Student
cd8dc606136b085f6536def76506d0b42be9bc0f8799c07ce1171788f361d6fc,b914a489dd030484230dd4df13054b6e1759dcc986e560dd62cc56c9f967400f,studenti.polito.it,-46.0,51.0,120110661.0,11959688,AP-BCI-ST-10,Student
5bcbf9d63bb0db47741a5ac4e34604e3940f812ba2bc58092b154659f98e8903,fd3c1fcdc228f5f867cb1c89788e251e54206067752f5c25146f6bf92f4fd698,studenti.polito.it,-47.0,50.0,34093516.0,5759209,AP-AULA05-02,Student
dc38226f574e75cdb500730de6ec2ef3749acf491270774932967eb098bbcde2,7bccdadbb12299fa1ccd2f054c4d33e393d03c5105ab849cf033c7f08257bd03,polito.it,-61.0,35.0,1056762574.0,19117415,AP-DIMEAS03,Staff
d5d7e15cd6f16336b230b8075c2a7916cc8c38d8a75e35a929864371c5c3b84f,ce25755536a475dc19a4de927555ea124d3d57214cc505ffe75b2097f6cb5fb7,studenti.polito.it,-69.0,23.0,88624996.0,15127958,AP-SETTE-AULA13AM,Student
0546e24c6dde469e2b9ec2d7ae93cf9340fb9cc0873004527edb068b129eafff,928f6f19eafc433bb6ca121eca5df4fe66e1f258029943819dffd4011b19be0f,studenti.polito.it,-77.0,13.0,0.0,0,AP-AULA2T-03,Student
25887430f893794f597da032e9361bc05a6b148bc4a956964b56ab6e6db11013,49d40fb49910df4758eb25ecaa813e5fbc10649e8a6cc22910194caa611bc527,studenti.polito.it,-85.0,14.0,5711178592.0,103892703,AP-VALE-LOGI-1,Student
e7c236e0cf73153754b6cd3f4b4f50c7e0d3f697543f2f47c445e3d69ce657b6,ae8281fee8439d0f1df417d58a492c1571d30404eb106da76e85afc71b10503b,studenti.polito.it,-52.0,43.0,180612829.0,11776460,AP-BCI-ST-10,Student
33a83b22be8d6626a658429611ecf6b64b44d40448392c23bd162ffa6200315c,17d5031fe000b4064d8fb1b756cb3ec9bb13d94ea5e226ec61fb4e5db75c36f0,studenti.polito.it,-52.0,41.0,24778598.0,4056768,AP-AULAR3-01,Student
9c606fa4bd6924813a1705f26c69cfcfe4a5999fd63db7159800f0fc3a9abae7,1f12f9e62597c7618457954a8bb4c2fe49745f869572263e216393a8ee297964,studenti.polito.it,-62.0,32.0,111895029.0,5666497,AP-AULA4-03,Student
2cd146454ee8020e07098a8a340508d6d42f664993112dbe33a49638ab3882b5,9b08bfd78366c92f185ff6d024d6114eba294a5f83c2ae651107026d13b1cd6e,studenti.polito.it,-59.0,34.0,2516663.0,1068983,AP-CIT-DET2-03,Student
bad96ac5254f335644c53ca3592ea445d1193b9f19960919940f9871059db068,91c521c3694237f38521789fb498d5c2b5a6bed0bcb8734649a32a6ba63940b5,studenti.polito.it,-60.0,32.0,51993801.0,4312833,AP-AULA3M-02,Student
979c1238d1794384f6405fc925844f1faf306d98729b3729a031cbf6535505d4,5289e227c9a87160e4833427e3eb585d08cdcae14212cfe7908ba38bd7bc86d1,studenti.polito.it,-65.0,29.0,6423865.0,1482510,AP-AULA11I-02,Student
fe7ea16900907de7962e2a169e7afcf2be7d0fbbf9157b8d91d5ba0158948c4b,c060503d924586b7e64055667fcfd8bd731977ea13a699383b5165cceb8c22a2,studenti.polito.it,-50.0,44.0,199852655.0,79111589,AP-AULA4C-01,Student
2cccf32d91fd5256a67bca3d88bb038ae821fae3f633620be5bdc3a481a5dc74,4c27944b72e4a84d25d4309b62b42578c9bb9ec54c75aa4900b7ae4693a7e8f6,polito.it,-56.0,39.0,3543515043.0,29055036,AP-AULA12-01,Staff
2a831450e8d138c299d3c48b548913172f2f3ae5f93cb5a644a41f4fa7b0a817,2b1cc80c38b11e9f6da093f7e5bb7528b47a1781de19f71c26af1112c09861ae,studenti.polito.it,-64.0,32.0,25347.0,110261,AP-AULA08-02,Student
d0b817f9782641791694eea5c368b5b072e30e694355c6d4716778cfbfe0eaee,094feedc248f371d3698741f53acd4accaf8327e2b0a4210044267a91b7a93a6,studenti.polito.it,-64.0,37.0,0.0,0,AP-BOGGIO-SALASTUDIO-0,Student
76b8c3ef6db33418e25e37461f5d30f56118248d695d099464532f9394b18bdb,7ce27a9bd65808d36def88aa0c0cd531ac5369644ff66255d756c58c74227daa,studenti.polito.it,-46.0,49.0,16991518.0,924438,AP-AULA4-03,Student
5b313dd960c9d5042ea6526c0d80165006e2cf1943eabbb7cf379c9326dd608a,2428e228bce46fd348b1269c04e0a980f254341eb3c62e4b9edb36962a451b1c,studenti.polito.it,-54.0,34.0,32141557.0,9573251,AP-INGCINEMA-03,Student
201c8241afc453e0efd020e1c6672c5cbc3545704814270dcb575e5662020be8,368549dbf0825e8805833f50b8707dbf626babca56a680019449e6a263497131,studenti.polito.it,-59.0,33.0,42383132.0,4137827,AP-AULA12I-02,Student
b751fb56850f2b1b8704d5e1b9af7358494b41b13f5ce06cc5a442196a67621a,d17d34fb5726203f0d2de54c46f9a03ee85a88f885d3ccf6d545b7c4b7933136,studenti.polito.it,-45.0,48.0,40610499.0,5702888,AP-SETTE-SALASTUDIOA,Student
7ed4df064db5dd713bc8dbd2671063174060583a2278b3a43ae5e9f189788b07,ed757df71bd7400a01f01e0b9b2b65c0f92be7755bf012735e02e7d6e0882a68,studenti.polito.it,-72.0,27.0,1275391181.0,19009474,AP-AREAIT-2C-XP02-01,Student
59112b9085e3b56fa2213176bf580ccb5854b1e91c82f66dd2a705a4a535e034,e62bdeebdc9b9da9517cf59227509096dafddee474b46c8434b25de43ae7991b,studenti.polito.it,-52.0,42.0,3856077983.0,57978636,AP-ASSTUD02,Student
2519316f92a35d63ebe4b9c9b17138ab160fe5079693222e116461045b1968c0,755ded0d5d8aede89bdfde452855801a68d7dd020be7903382097cc911843fd9,polito.it,-70.0,23.0,15682368468.0,1365475064,AP-DITIC09,Staff
16831a74d43cdc3ca4a4652412ed2d0566a56eaa4424ad9845a1d07e8d6719e3,5c4d7f425da89c125767aaca2b6c879ea5bbe50160980749b2876cb591ed4c95,studenti.polito.it,-45.0,48.0,864634549.0,119045958,AP-VALE-CHEVA19,Student
002c2b3e4564106c972205c944a37d426278a5cd7668785a93d541cc672ba7c9,969cf9886420955a3e2e25f6bcc70a50751bbd680a69980017ab43aa200901a6,studenti.polito.it,-87.0,2.0,47013666.0,16577685,AP-SETTE-DAD-01,Student
b98bb245d12b48af3041a1f92c45fb0f49b8ad9bc60ae6839c4784f40d7a9310,b41a77d42df9cece04452fbcbc506337f7262d654a45edf2af0746571f5809f4,polito.it,-84.0,6.0,7924960.0,7877418,AP-AULA23-TM-01,Staff
47ede92154144383504a6e3b38512e3253a4603ebdfa035f7b5f9da0a8c3a5e5,4512bbf34525af6e1099f3acb25aae480c24929e5392cb6da66747a573eb713c,studenti.polito.it,-57.0,34.0,9618584.0,32921068,AP-SETTE-AULA01AM,Student
5636709f7a233ec403ea1eb817f2f2c59495a4533ef18a295c944efddf17d84d,e8167f7432e05a255d5d753e6b6bf43d0b0c51fcc680a6a66280a1365153baf7,polito.it,-57.0,32.0,418451271.0,223368545,AP-CIT-DAUIN2-02,Staff
4e25b26a2d6ed2c3f950e6ea4f3efa87462fa5b836403461e533883914ec71b9,04d87f41cbacb323ee3e7f8c960ae5bd29f7ff3c7dc947408d1a8692abffc058,polito.it,-56.0,36.0,31735344.0,54748531,AP-DISTR07,Staff
3c09f4e71bd6de5afbda7a308fe4d4dbf4fda6433bbc3a4b10f8611f625a9cdb,e286fb2d015517f62052aef35131a6d70cd689e5555e17a07f85d7eada3bc3f5,studenti.polito.it,-40.0,52.0,1446908.0,525447,AP-AULA1S-02,Student
22dce5d2305aa248c2661c2b263707fda7d1537cc68bd5fcc2369f8419ea2c12,41655a1f97b6be10e77765ee03781052fbd8b971080709610eeb6b565ce2e56b,studenti.polito.it,-59.0,34.0,108560997.0,102531313,AP-SALASTUDIO4-02,Student
3ec5b398875a098fb7444f09dc577001a685738941903ab23ea3df2946f6628c,7cf28cbd3cdfbf8aa402983f6bb14d0cc8a221194a3038031668f673c8003e87,studenti.polito.it,-47.0,29.0,24705664.0,5020218,AP-AULA05-01,Student
09a9a799a278802a57d03692ccee104186670259429370b124684c341757d710,dc32d9d62436eb6836464360d9fb91934b7190b045f74e65f5b6e14d22fa8e5f,studenti.polito.it,-39.0,28.0,211394936.0,8000423,AP-SALASTUDIO4-01,Student
da15338d6e5e5f45bdc6b66b1efa1e5d0fb56c971fa57637cf0f1d3e50816949,2c94dfccaf02dbcc0b1f642d851d4fd5355fbb9e9264078ecb7fdee7e6e63a39,studenti.polito.it,-41.0,46.0,245048559.0,19575983,AP-VALE-MOLLINO-01,Student
dd9f3a3b563a1b221487244c79ac3a53a062f1f20f8750733373d381c19b0804,,,,47.0,70987973.0,3831776,AP-VALE-CHEVA04,Unknown
5a9cfbbfbf48210a6a8288a3e48f9b57538eb04cd7d60cb5dbe922f2321cc1d5,fea4a7685120c9c0cf609426b53efaeab78cb07bdb379a633a63158bee4f3bda,studenti.polito.it,-43.0,48.0,21659030.0,4062574,AP-VALE-BCA-ST-01,Student
cf7bf88b53fadd1bb6949e9561d8fb6c7951338e47fa7d5d173ba954522941e1,e30244180f887e4e900c3b3ba10c600de44e9e26922ebc1a26d40c35c550927c,studenti.polito.it,-55.0,29.0,6265802.0,554712,AP-INGCINEMA-03,Student
bf34e7fedd02f3a390a1a50aebc5aa0a5eb96c072e3fcd6b4fc162e58d6919ef,a68bb90b46ebf7cf9652da0945c3737cecb27804d5d7b55c04cbd72933ee1365,polito.it,-71.0,22.0,446495440.0,43718357,AP-DIATI1-01,Staff
2980cf09e34b7b4b91cfabb8068bd70f85185cce18017ab42c0fa23b6a3f0353,a1f77fa5554d20979cc6d70a72315f65119eac6d9f67f8e584e84e98fe7f03f4,polito.it,-38.0,37.0,495411092.0,21560659,AP-SETTE-LAIB1S,Staff
ac54ba5031010c1f56ec36f67f5a42e3e88fba234b1f51df2eb19b3683a5e99f,,,,49.0,0.0,0,AP-DISMIC29,Unknown
b9c148a2f0502a23ec22b2f32ef195f2700e50d892bb543f129d1b0a97c8c91f,8dbda8a6647d08b4fda8afcca88a114bb1df98ce1cbe00f64880b76254a847a0,studenti.polito.it,-58.0,35.0,7960685.0,1112740,AP-SETTE-SALASTUDIOA,Student
8befc2d86c02c73291a578d33184bb36258c21cd9ec3c42b468e49b241ab8ebc,39c9f7ea431bdea53b5a21dca50f27223ad6d85206e814edbeb3909968f411de,studenti.polito.it,-65.0,30.0,1467116193.0,174545495,AP-DISTR06,Student
1045e630ef45db8b35094da5d50e03e66cf78c3fcef61e93a6c0172847d614f1,59e5478f57ff02bc9b16eb5233844fbcd92396bc261a5f8783020b848ab8471c,sns.it,-67.0,22.0,149674.0,181127,AP-INGCINEMA-01,External
7ccb9682911c8ca2c0b6a7e00be764d7f7d7597fd4cdb2b191cb12c1b56cff4d,3cf6ba962adff775a63c5ddcc0f714ee1c6f1da8489868ea90a321b4f92ea9c3,polito.it,-68.0,28.0,996145.0,557311,AP-STAGEJOB,Staff
4bace57c172ddb4f4a350ba12798b3a840dc53fac1eb53ae392a9d92e19897fd,e4e20d28846c626460df55edea25a77bcfcf3eca45583fd3f836c9800d3e0367,studenti.polito.it,-46.0,46.0,581462.0,321497,AP-AULA05-01,Student
097b3cc113573d90ca6dd3f6f01dc4c7b673954d74a0db24fa91ce3bc85adb97,d675de263c95f28f1e9836407ab5d78b1f42c76d89bf924a3cffc12174852f1a,studenti.polito.it,-61.0,32.0,28582621.0,18806721,AP-VALE-CHEVA04,Student
5919b8ded6643c5847dd02d42dd922af7db15b0ffd1e8be7b7870a0280b6cf96,76fcdd5e52de72ad02d75e8e0212d55510e256fbc4c6c638421667128661f685,studenti.polito.it,-47.0,45.0,50200604.0,2830479,AP-AULA6C-01,Student
4525a6760a2ffe67802ebd196714b2fa84adf282f68510b12e32f3832d040f8a,114d55587d35e30d2d4f9c429bdb2a3580efc234c095eeed7967f8fdc8db78c9,studenti.polito.it,-56.0,37.0,57251515.0,434455582,AP-CIT-LABINF-01,Student
674bb865ee786455a0edf285ae56b14f956cf664dead4a1f156076b2e31de384,da1dd39d2d6def89b5c38b3dad40657f0e71b05ffaa51a861b679ef05ccd1007,studenti.polito.it,-85.0,6.0,789063.0,329255,AP-RETTORATO-RETTORE,Student
809d6822c4bd71e66a4ffe59e531bc367e9ce5d8b00cb9bfee378cd083699e06,832bba78492197cf5cb0e81e874362b2a22df07c2572204e93461067a379ae69,studenti.polito.it,-54.0,38.0,54468544.0,3683326,AP-MVI-AULAMAGNA-01,Student
6b1c0b39e03ec52bfd39e0a11519be3eea1d4a901590eb233775edcbdc057c69,3f9f8962eceb0f7ab5c46f0c962003f3f818ce8e2fc275227f11930db69b511b,studenti.polito.it,-52.0,41.0,4353520.0,1650226,AP-VALE-BCA-ST-01,Student
a0998047f5542c7b9234a88e991fb2c3fa5d1b446c499336730b6ecf59a79945,51704b251578de2bc0df7132b17a22d8ab7c7ef32d9888a7c8fcdd816b71f45b,studenti.polito.it,-60.0,33.0,45427322.0,20020639,AP-AULA2-02,Student
3b7a5f00f193cfd27cd4f5f892968342a2f0855969659290eb40b26e64661e51,247130eb190dcf2d06f4996f40f3d879da871cf2c399d307b405fc378ff850f3,studenti.polito.it,-58.0,32.0,20292227.0,911103,AP-SETTE-SALASTUDIOE,Student
1bcf1d9e3233cd24e89fa4d6db55839356e58b408837f6f0d12e2ccd377bf341,7ae07aa146f672e4cc4c0f7264d3eda89913d9755b546e03a8fffaa0e4e9eeea,studenti.polito.it,-78.0,12.0,8107.0,2785,AP-AMM-1N-XP01-03,Student
e1f642caf57d54fe9e4f0a585d185c905e87e60d8b5ae53796a8d3dd2b5ec1bc,60b7da08d826cf29c959b5bf3f01cd143d7d5435d2848c517d68c325e6328aec,polito.it,-75.0,16.0,11883.0,5614,AP-DISET-1E-03,Staff
e36b5f35d37053de73c7946e0ef8522770d966e851de92a277b0fec5d602bd47,5576def633e4342453bf5eb006ad57b67a532ebe294404978e44801f1c51e2d9,studenti.polito.it,-54.0,40.0,427735823.0,133910645,AP-AULA2M-02,Student
ca187a835a862a4f8fbe2faea4e3ecc5134c5135c9a36efcb48c373c740f5e67,57e9dc86904805af08b2b65eedc570ff65b4019399f14d46c27e6b245a42ec91,studenti.polito.it,-53.0,42.0,8963782.0,2271293,AP-AULA29-02,Student
861e43a7bda00d592c819ae89789da50ea7c9ff2e20a085859850411864df2a2,ba0af0a693eabafc9f17d5e6cf14f6cc9661f4f220888ca8f85cfdce60ae2569,studenti.polito.it,-54.0,38.0,599404.0,2289836,AP-AULA2-03,Student
6fb4d6125ee26e9b7d9376e9c02ef3799cfcc91bf427dd657233435436b7eccc,,,,34.0,0.0,0,AP-SETTE-AULA08AM-2,Unknown
16508977e6569c6e088e264a3da47aa00f49741143237afc12e63beec96d9144,54f9061c1602d3068a5e84abdfb800716df7f788d154c22f159463651598ae97,studenti.polito.it,-82.0,11.0,5826011.0,1380285,AP-DIFIS03,Student
fc203f14ce29f393e51fdd470bd660ea28e4306b721677d7adbdb73752131426,8be86ac08b16c88d7fa2530aec38bf646f00cea701650f0f40734d9b1bc3f1bf,polito.it,-82.0,16.0,13376102.0,1999592,AP-VALE-LOGI-1,Staff
066e491bba87a086b87dff49d04c6fc3c1423b6b05a656e3d5b0ba56392ae39d,013ad276b43715128f348f76a4cc9f821b0d1b437b00abfed8d367c2b6dbeb36,studenti.polito.it,-49.0,46.0,35987468.0,10798411,AP-AULA6-02,Student
202f43d4325cd125cc078ca507d35eb876f7d8623e01e31669abf8ceba2a0ca1,c1e2fbd622524531fc88ddd63ec2acaeaf8b9f4f396c6f878560e1812fd52f17,studenti.polito.it,-53.0,13.0,38808961.0,3044470,AP-AULA12-02,Student
0fb8bed54a6c6f3699bbb4830655f18293ab235998c7ef34f4d1cd21d27fb825,e59180bc681251abebe7025196bce695ec5a7fc59bd7853fbd6d49b3eb060910,studenti.polito.it,-52.0,41.0,3813448.0,1004740,AP-AULA8N-01,Student
50e8de935a8cc01f5ec5eb5add9bd2a54215f51a54b63b5d6cf86357fc95c717,175e311bb6ff08b9e516f8d8354af065f0bc98000032ca378187fa4e103debe6,studenti.polito.it,-54.0,40.0,92019519.0,602526475,AP-AULA4-04,Student
1e3419058270a08d723c3cce75404559da3a991d2912cbb43a255dae46b0ddd3,,,,27.0,0.0,0,AP-CIT-LABINF-02,Unknown
7c5e224f314f54eb486b309c290e470ab7098a8a113bcb3dbdd664641a3b46ff,31c05bf11edade60ad674b89fbfdfb6bb7f98b7d9d93c18ac2a514c3ce234ba7,studenti.polito.it,-54.0,40.0,6461573.0,6304407,AP-AULA5M-01,Student
e319f0118fc644ed34c5d473bd52480cec9a819c7280b54d903ab20a918ac9b8,f0df5fffed71f1dda69d8919444713dbb2f0c90d6db456e07d890c7a4d468802,studenti.polito.it,-55.0,38.0,632852.0,367032,AP-LING-AULA301-2,Student
75accbe8fda794ab5e65aab6305e02919d2c169f1613eb42ad8b28a5e01b8b44,ad851eb3b63dd12f9b85f520af64debbf05d9ccaf6020735cbb170c6a1887e9b,studenti.polito.it,-61.0,28.0,70205631.0,3234353,AP-AULA12-02,Student
784aefde270a41c132f446a785ea7b995ad5d349b953a2978a4e4a2ee1f0ba6d,32f59192f980cfd74391bd75714bc898afb6b6b09db10069e25a38a9863d1228,studenti.polito.it,-60.0,38.0,723070.0,188087,AP-AULA05-05,Student
d80e4f8d4b57e3d2afc8f31e3487f2c622c3e7e47652032590eb1281ad8bbda6,a4a0ec89824564b82938ee74f858a0fc9a71a835f4fb075042334cd1475e9a99,studenti.polito.it,-53.0,42.0,19619865.0,2616605,AP-AULAR2-02,Student
3a29a2d61b23798fafed99c4e47b7cea94fc8ff7e60c0abcd4e4afe6e54e6f5f,be4d21526508c86a445dc730242677ba799940d556b43295fd909404094b5216,studenti.polito.it,-56.0,36.0,443612858.0,20288686,AP-BCI-ST-09,Student
b96e4c7f88c40b46cf22a414fd1553339fc9032870469f8ba9ab88deb347e9c4,e4b745c3b7b04d6af9415c8fa63610d302ef3840add479b68e7371226fdad761,studenti.polito.it,-61.0,33.0,14134883.0,25435255,AP-AULA03-05,Student
90c927c24e596a2f34554e5ab9dc343d1f260072d5c824bfea953eaf7a6243ab,ebb80ad56b8e73d1e85315a5038aa2b54fd6e804ce0e15982cc865b6450bee3b,studenti.polito.it,-56.0,38.0,23297246.0,5286671,AP-AULA1T-02,Student
7c4eb959e3ff4945c4fa7cf7506354ada6109e0e3e6e13ecfcc67176465ea88a,10e0051cd38cc929aaceb0f058a24f5662ddb82e3ad41f7759ae89c41d8066eb,studenti.polito.it,-61.0,30.0,1826920.0,151203,AP-LAIB5D-01,Student
27fbe5217227b7263d8a34d6568d2f42263a7a756b27aea4c19316a5cc8eb9b4,909e67ec8111e5eb1c180d029ef1ce8117a564572c75a2e5ca97d274ceee44fb,studenti.polito.it,-65.0,30.0,18671253.0,3190057,AP-BCI-05,Student
f37d23bdf41be18fd483a04d1e3d012fe5700232e15e6ba57b166703f282d3a6,4eb1112309e436c90ca95b0084fa0ca60e41738ff98b70d336e697cc9c17d28f,studenti.polito.it,-50.0,43.0,30003375.0,475210027,AP-AULA12-02,Student
4ea5c119258596b4a9f557d7d3795f531a78cb2a01e57ea7a1ef9d1fefa96a8a,7eb3cbcaff918e52b1c3448366eef275962b9825d55d5f204e481f75a4c4aed8,studenti.polito.it,-51.0,47.0,199829626.0,5182168,AP-BCI-ST-10,Student
63eace15f91afc84150350f8723e87c148b96c5d74707e5d2c5229069256b6fe,,,,32.0,13690.0,1766,AP-AULA2N-01,Unknown
252cd67fd57b39d39776d614cf883e5b55dfd6d257d8517108e174565f063a2a,ab8045971118a2f9cd403db921d7d791265f0bd0cdab5a739869ca2d11f8fa2d,studenti.polito.it,-56.0,35.0,608401.0,100378,AP-AULA4N-03,Student
47df5784e19c111426011131dc67a8c01dd5287a10e6690600219340249c8dd6,3ae57ad3c3646d393392b81e4b4d90cbdf1ba67be466e0d46756fc6caf4b568e,studenti.polito.it,-44.0,49.0,19504144.0,82650336,AP-SPECIAL-NEEDS-02,Student
e7f32a3f10050554a389f472c4738740fc3ccfd2625616f2ca1b2701059609bb,f8c2b3ba655137fb82a1ccbed566a26415a2a76979f79868641c691457578b81,studenti.polito.it,-63.0,31.0,1526238.0,443652,AP-AULA8C-01,Student
01450a66be2b85333af63b31a5280e03384ec0c2824885264cbe9eeeddac67c9,d37bdcc890560524f4d88816e848c4bb860b52566a92f659ca09306f4e945f5c,studenti.polito.it,-68.0,23.0,558421.0,235451,AP-AULA2I-02,Student
afcd5e86ecbb333d5d5dc88d5b8c8c72b3b928bca9e91d860ccf1c3f6ddfba41,7e83463492ad1a0ffdf36ee7dcb0f2a581fff0ee5598ecfd3f89a83881c4e001,studenti.polito.it,-58.0,32.0,3548548.0,1171712,AP-CIT-DAUIN2-02,Student
953eb6dfa5261fe4eca1415437056bdbeb68d1239a089bb904b03cbfb1210d08,25b010d73c71a2e6119969918b91adc4ef63e732afd822a72c321cd728d6737a,studenti.polito.it,-53.0,41.0,1002640359.0,91014425,AP-SETTE-LAIB2S,Student
02d62368f0a81fcd131418954e3da576776d23236e1411e4583102906e0bd814,fe171029cb14244d4c46e635b1ab8d464334673cfdb4528051f3eac120cc7200,studenti.polito.it,-58.0,34.0,17192403.0,7579952,AP-SETTE-AULA13AM,Student
1a38a4e7954866ad1a378d92c024acf6f10b4b7306203088a1e258a70fc8dc62,0e2a2016bfc849a9eb3181009ea9d7361eeab8a910645939f94b713302ff6a66,polito.it,-70.0,24.0,1498935.0,240238,AP-DELEN06,Staff
2f181e1a265fdb6fb18c2806fa5a1045bc155d28e86dee7510c0ab30a570594f,e8e3ccac6299b3b1eb619d97956b028d75bf8da518088a0fafee816df8f43cf8,studenti.polito.it,-79.0,16.0,211482.0,79353,AP-PERUCCA-02,Student
860077bf5a354819a888f7f7ef46170dbf28c2407f764e4c541ebc7957851f06,6c43a183b77a90192ea0e7737f75b5bbdfd4379503eee75768d84dfb64b587b4,studenti.polito.it,-51.0,41.0,5420550.0,36282456,AP-MIXTO-01,Student
d531d28c27f2538c1b64fd942ad38e2a84fa2d617be218cc5738d6a16eb47ec3,80d6e3846e01233d8cab1df5db2151d02a42eb3a9b803390d685659df02dc531,studenti.polito.it,-53.0,38.0,388480015.0,10294066,AP-AULA08-03,Student
9437664267ec8d4c9cd3d272be35c3a04b0360aba318a911f098dc7f4dc798f6,017d4733dfc715a89e6e53d18c34fc73f6162f6fded44b2dc26fd10772c8a405,studenti.polito.it,-43.0,46.0,252354258.0,10871927,AP-MIXTO-02,Student
0e04d8b08eadc39ef1dea1b938595c0550fe6da8f0657a76dc500516c95f8bea,07ef501b3e5fd3a7c47653772187876ac3a1f14b3a51ecbbd4db5cb18c9cb1f8,polito.it,-59.0,33.0,11142160.0,2330793,AP-CALOS-01,Staff
28d6072bb11447007054315baaccc60f992a5dc885cffabbf487154c5eb90889,e755489b4e1aa8f1dfe65addd35378bdf25bd1943f29da25d890c31bf81f80cd,studenti.polito.it,-56.0,36.0,0.0,0,AP-BOGGIO-SALASTUDIO-0,Student
5b7e0402d74d14feaa4794fd31b62c5fc5b92a77d7bbd5bba5ec844e3fae1158,6e0a483022a13cd1b2374d4e063e59f9a968d0b1a49b12a322fd7b79e7fb67c0,studenti.polito.it,-60.0,35.0,182892446.0,8683771,AP-CIT-EXCELID,Student
ba6966b96b7878ea7ab8ea87b5fc8f1ca28512215c1a30bb7b6224d0f702827d,912d8e163c76fdc1fee8185c0034def660a0d4c9d8597b15c012b5cb5af61129,studenti.polito.it,-55.0,37.0,330916075.0,12686450,AP-AULA6I-01,Student
9f27bdab98afc68402691a541698fe86b75edfd0665ba4f3270bda39cb4a8a4d,9f1f7fa5edf01b8e10e631cb3b8c6479ce0dd2faa4cafa0ac6fc1eafab6bda4b,studenti.polito.it,-48.0,43.0,8436.0,26158,AP-TOOLBOX-06,Student
d6545045c33fdb5fcd50386a1a7314121e46b2455d62bf24fd7049aed02a551e,e9f7d6122fb59c6856f532b23c53c6684e49d72155552122a649e51a6d7aa98d,studenti.polito.it,-64.0,18.0,1863469.0,242032,AP-AULA10C-01,Student
887ed64b6e37abceb2a5f820f6ba685a054ea0dae0708970da4766faa20e07b0,b95f2b3f82b75af892ac9c5581d699f0de7417b960b19c0efa632e6e3b84ad58,studenti.polito.it,-55.0,39.0,5153706.0,2192609,AP-GESD-01,Student
eb8ae4dcd0c52b7e36a87326f5fd48ef0b3bd8cbc26ca33a4284143d51379a41,c34c8d08d1d8c4abd16460478c6491207351dfe7d4b4a17cc559cbdcbfd3d3cf,studenti.polito.it,-59.0,36.0,742531.0,294850,AP-AULA2-02,Student
910f981bc20b0fca1b5fc390eabc04964a18f363d8287d03601496107577eda3,67864896e63157700e9fdf08fc2f907d0c7a1be4495e74b2b51f403cf16d2565,studenti.polito.it,-55.0,39.0,765814526.0,8866141,AP-INGCINEMA-02,Student
5f06e2ce2f1858581cd17d8f98ff7bf5adffaa8d9927fe981b814fb27367316d,d695560e8b087282acb54d2f09282c2c9a1a237df092661d85181f6d44f9f210,studenti.polito.it,-69.0,24.0,384852.0,557605,AP-CIT-DET2-03,Student
aa66504647f471fbe5eb0e2299655edb53d570834b8c2980758e90591ad53acc,ecaf886f28605c7ceac148ee98e700c0d16e44ac87c0322fa84e82317de79f78,polito.it,-56.0,37.0,589630.0,307475,AP-VALE-DAD18,Staff
ca6e64d649d732bfc83a7a016e04d41848cefd73e27c7dd4dcdeac838f6a6f35,78893e17a853c0be24202c307a6c14ebcf3f4041b8fec05660c0d19e5e48c718,polito.it,-71.0,23.0,1372547435.0,105116670,AP-RETTORATO-02,Staff
e94c26477639f6597672f59bd6eacc47b1b6a1f2279fe4b4ebb9bc62b38361a4,4081927f6a2b8ce1450ec9604bf2985c07d5e57853335f44749f1dd5ceb763e1,studenti.polito.it,-56.0,38.0,4501196.0,990429,AP-AULA15-02,Student
faab29b5f712099eb6b003bd962ecdc16a255282d23c6bb53e0bbc1cac47f3bd,0e14889e6b8ef554990b37f91b59d5a5de35d2fc38dcdc75795eeba1dc523aa4,polito.it,-67.0,26.0,260379415.0,16762031,AP-CIT-DET4-05,Staff
ae68df74c136b9418952ebdbf81b3ca055477efe54faeec4c1025174b7a2eaa8,b671c9e4c6a81a07858af25389cb1de460d8720b17f10b84360a61232100cb9c,studenti.polito.it,-55.0,31.0,1352033.0,656025,AP-AULA12-03,Student
46a9d0f9a096b67d51e9bdd0f9ef752cc7277ff0b13cf5585cf9429148045ac3,c49b98d90f8e31250be196165ab950d1d71533cd49754bbd7b44a88e89cc46f0,polimi.it,-75.0,24.0,8514793.0,2796727,AP-AULA13S-01,External
1c392c089d39a4f9c66d1d5ff5501e77fcf5292929ed137dcaaf725d0fd7e495,ca4cfd510ec06bdbf8df734c2c3ca7a623bde257ba02e347f7c79d63ab09d950,studenti.polito.it,-69.0,25.0,53475062.0,51346071,AP-AULA10,Student
3b185b806c7ead82b2bbf2d57826f394edc573a2b88906dd6d3b9f3e34f29f84,f300d6d1f85de1b28a34410c531a358ad25231ef82b2c0479513f7ae5d974e6b,studenti.polito.it,-43.0,48.0,11751265.0,3914940,AP-SALASTUDIO4-02,Student
0b150850f992503787bb9585a264a922e92261a5ffd22a4e3b39ffb3b54ab623,d8d5a877a4409b30a0a88b40b6aac1095fa15cd75a54b0c0146a60542fe09598,studenti.polito.it,-50.0,44.0,110520512.0,9457306,AP-AULA2C-01,Student
9b0cbe00158144c8a8bb8740bd9c85cb4842a3e13e17b756f2eb751720d85861,f6a5d476bc7d8f967c0aa9a84d0cba74f5c1fb9915b095d92d70cf7861a5babb,studenti.polito.it,-92.0,25.0,370088.0,180599,AP-AREAIT-2D-XP02-SAG,Student
3dc785b1afa3d498dd6297bd7910585d82dbc474629bf0652403f265ddb86ec2,cd533b7efdc1de375685ec0a83ee7a99d5f65ac387352445f56839b436aab3b3,ozu.edu.tr,-79.0,9.0,17557180.0,4561769,AP-DISET-1E-03,External
2e10049481327c112575ccc129ad8b7f17260845c1dbabb72eba58c72ad1ffed,b72ad94281075c8d0aaa5ab10debfe5be9f23f0b8ec5cf54f1cd83e812ca48d5,studenti.polito.it,-80.0,10.0,2359920.0,628408,AP-CORRIDOIOAULER-02,Student
2090e3cb73facf5f017a6d7d1bc3bcadfcfa96465faf1ab9faf6aa26ecc4cd14,140810839dd127e673687be34dd547704454c53ce274fe598cb036c0c9826a12,studenti.polito.it,-48.0,22.0,62615392.0,19264607,AP-MIXTO-02,Student
8bf223cc3abd99049a2de2a60ac205d8066c20d08f7e9a5577a0c333ce9f96d5,a2282b72d2422e3a9f99008ee75e9ab2d3822216d7fb1f7102b2e0c70a2f55b9,studenti.polito.it,-59.0,37.0,120261672.0,15398377,AP-AULA01-01,Student
c21b0f70590577e77565d83782b19aa6aae1f5799fa1f4af0b0e87b879e37d3a,90367529796e2e0c60fc51d0140d5770c0ca01defb31600f06ee1f52705a7f40,studenti.polito.it,-57.0,35.0,27259798.0,50001160,AP-AULA4I-02,Student
62d305cf6ce629eeb1d5780ff3b62b61121438d24168e15f5ff4327ca444b384,cbeff2a6a4f86185f54789a76e0ef6ec297077131b1244f6f8db436be52078e6,studenti.polito.it,-41.0,54.0,1403266.0,1078282,AP-AULAR2-03,Student
9faa4e7f36b5bfadd5ccd505e634486eebe74d9eed487683a41b5f266d1f263a,2480b5fdc690de884ca71bef9f0ec6df810c734ca135a6bb2ad38754a3094ce5,studenti.polito.it,-61.0,35.0,230823514.0,34691462,AP-SETTE-AULA07AM,Student
c833c0b303421c1bdeaeef4aa193fb23573345207c5c0dd2a5af850f704c0f63,78e0732f05928a7f9152a71aec79d109394cf410d9209e4264e7deb1caa46f2a,studenti.polito.it,-86.0,12.0,142275623.0,10063685,AP-PORTINERIA,Student
b589ea8215bbce657be9fb538e17053870a93aabcc8c7937f66c9093bb8fcfb6,3f1d2c1bc0c1c62ce820c7e736c8276b7f2370ddb2dde73cdfe86a15ffa535e9,studenti.polito.it,-43.0,52.0,44880.0,18462,AP-DITIC03,Student
ce2c34124d2460180d4bb67f9c19b725765c0f87e4016817af23e91df832359a,6b9f24718a30a68a3ce6afd56bff49df0507c3a40d77369f8627cb0b6bf3cca6,studenti.polito.it,-58.0,33.0,9927839.0,5906843,AP-CIT-LABINF-01,Student
20c0e59c824b3d72dc4b15b2eafcba5a68978ec8a0416c65905ae3955f0a0223,5368b39085cdb73feae0dd73a24f3958162b18a9687727919e668882504406ac,studenti.polito.it,-61.0,31.0,329996281.0,3548685,AP-AULASTUDIO3-2,Student
7fa6e2a941b622fd9ae04ae4a071eee5d697e1832da226a3556bdbec368738b2,8bf104ad1f3b398623a0b0246b0d462d0559e050f7f8d4be37f6bb2af968ed82,studenti.polito.it,-47.0,46.0,390871958.0,13525650,AP-AULA16-01,Student
b94c571e8da89145ee913b5e6f4f546fe23556df7570f0aa1eb1296f5a41fff9,7661e5b36cf4d8169019554ef8e921258e87ea352b766ae790827fd8e8d17811,studenti.polito.it,-68.0,26.0,46729720.0,5301814,AP-LIFE-02,Student
c69628cacdfd7194c1102ff2b0125d1f5102320b6d30d6fa39a773397a10b128,d189322a702d07cf2f6c8c8dc8926d93060c79c7983a2ad6c71ffcb97dca6972,studenti.polito.it,-46.0,45.0,91510396.0,2061503,AP-CIT-DET2-02,Student
b4c8968dc8495711ab8ecd75fd4e42fa467f8565f764c22364abdba3bf807c58,ef13268155b00c8d316145fcc22560254ffacd2c530ae2c5b498bb859136e5b1,studenti.polito.it,-50.0,42.0,145280868.0,4691193,AP-AULA2-03,Student
92d314893cbe5717b3fddea318ba26419dc1de54dbe859d8f5f95b0cd6a46be1,f394724994557c29050c5064dc4c3ee5b249d6f762762a91d211cf2f784756d9,studenti.polito.it,-53.0,36.0,36212099.0,1324498,AP-LAIB2B-01,Student
3fbcc1ba9531e97ad412918925a239980c80c5bbc70f425e90eef9809f62d613,9e70d6232ed91b85c09382969937d6c5abc931ba83cbdc518bbf879941e1c12b,studenti.polito.it,-54.0,40.0,88613872.0,5431137,AP-AULA12-03,Student
aaf640e59db5fc8298169027f8143e6b4b5884221779515fb2607f9e432eac6d,736a5ed20a293d422377e51b62be860d51d139b3471f058e5539274a6d581a8c,studenti.polito.it,-56.0,36.0,104952738.0,4750929,AP-EXREALEMUTUA-R2A-P0,Student
175b757cee8f5a4b34207d769fe10f2c1f345d3316f4b7474d77240304f0a990,,,,39.0,39900.0,5174,AP-AULA7T-01,Unknown
0cfbc4a456251037685f8629648f3f3e6d230f22b218f7932f66ac4892f38488,1eaec00d17c22247a08afc614767947d9693c9e1e75b585d33976a0653805377,polito.guest,-69.0,21.0,1826481956.0,78591377,AP-AULA2I-01,Guest
6391bb54fd05b204026f1f75bea018e54507cfed62ad713d5a525cab46197e64,a039fbbccefcb03fe3d90f6b8e3859bc1cb298987f183a75602229156eff22fa,studenti.polito.it,-49.0,44.0,207101967.0,28257904,AP-SPECIAL-NEEDS-02,Student
fa79a6a2b081c6a16791c77a2efd590022498655371d074f7d848ee6216b4db3,5664a5e5e39ae5d0b3d54b112205180905f40df808b070cc26929741c9c122b4,polito.it,-49.0,41.0,901004082.0,26527759222,AP-COV-C3B-XP03-14,Staff
7ae5c4378d837f3105e2c079e027ea1705731305ae245a02279b3da6a36ecfe5,442b2535c64afc1b0d3788e2f54b8a052051d50fe434f0572dedac47225b55b4,studenti.polito.it,-68.0,24.0,392218205.0,8185108,AP-SETTE-SQUADRACORSE,Student
6eed29b8ab86c9c6e3c2c716b203bae65f79c6af2ed6e7461df5783cfb61954d,7c139adfa63944906addd7050556492879a9f6b13aab156c622622b663432af4,studenti.polito.it,-58.0,30.0,19999148.0,3365094,AP-AULA05-02,Student
a8ba00447ce2c415f1b1870b2d795467da1d03594e3e2e9a2ae4575d684ca33e,f11a528d6cd0989afd83fcceeeb9f1bd944fa0e7a05b62610a5b493568ffcd99,polito.it,-71.0,22.0,44640741.0,5614232,AP-VALE-AULA7V-01,Staff
06a903cb6dd1f7b635cf180f9d014545471847ed697e58c805127f0e98e0ce63,df5e292fadea61e2606843df178986580d0ac7660a313c579918d566a9855864,studenti.polito.it,-57.0,35.0,4071845.0,1702671,AP-CIT-DET2-03,Student
d9fa9580a8295436a3c613d2179558f095ec6256dd4ca4eb405982ea502c2e89,a7431e41c99c6e2d160edf4629d7c276540a4412b8df0542f91e6b91e31bd568,studenti.polito.it,-54.0,38.0,64526304.0,4017323,AP-VALE-BCA-03,Student
5e71cf83c2e68999653ddd8506193e8f0ec25c5e2a1dd55f0fed3c55316366d4,c2d25f57a84449fa77a70423ebcea47aa49aad166bec5b195f75255b5f4997a5,polito.it,-58.0,35.0,497673108.0,39588162,AP-CIT-DET3-02,Staff
2c4760079c1e76a0d8df7815762c9c38c819693d32c15e246d520e2b20148bb5,7f6549ccc5385620e953286df6567779cf1223e91a591c582d7eeb7fd4d82be6,polito.it,-71.0,19.0,35792900.0,54000784,AP-CIT-DET3-03,Staff
92c5fda57bb396ad367435ae298f82bccea08a1fc61207801b554cbcf6463a13,77d90831d9ad3c08436215b90b1f94958833b279612aaa7c50c1f2fd719852b4,studenti.polito.it,-47.0,45.0,126037062.0,8620634,AP-GESD2-05,Student
f9b07d0fd5229e021d3cee2b5fcb244c4c9374ed8b38c6ffe5ab0d686dc456c1,fd6bebaa7058deab8cc3b453d345874427f0e26394ae50d70f324cdc647024eb,polito.it,-64.0,33.0,229041.0,164559,AP-DIMEC09,Staff
689ab9648997a201d9d1c0899e29cbff6907369432872de0e2926732234c7638,e20399016a0b7859d2ca6c165e9b18dd620648bbcfeb6db00ef0dc19b1335808,polito.it,-66.0,16.0,13327953.0,360458,AP-DITAG07,Staff
e7c1f3a75e1b4de76d859a55a3eced8439b274674faa05852805ca58f1a23a41,1c9fd8f20e9b58f4fabf6027f525aa814aa5de7f615ca8d5a8116b16c4741378,studenti.polito.it,-64.0,27.0,345611854.0,57968236,AP-COV-C3B-XP03-07,Student
80bfd1c81be1c872ea6802da8a586caeeb2bf16952615b2dd3eafaea675294c3,27156b45632872ffb783d04009736b9067e0ecd384448c282235b4af5b2be186,studenti.polito.it,-56.0,35.0,2493361006.0,47968514,AP-GESD2-02,Student
b32fab14cfa27c013fdc2d2bcb24c869a0ec053777a16fbac162181bebdebd69,4b1055cc9e80888a475aa227a86a762652b367bc8461b22cac66a1abd4a471ff,polito.it,-59.0,30.0,1006216973.0,89648280,AP-DIATI0-01,Staff
69237c1c0514614c44e8af5ddd55df9b1d4a860db037d903c20ae1abf681dd93,3b484ce7dca172176282f41c8e6cf95ad106e83efcd0d85b8236333bec1b13d1,studenti.polito.it,-61.0,35.0,12200888.0,102489724,AP-DIFIS05,Student
bc41909194287b02f224d6c7a6361b9a0cdbe800eaeded5422f0bedbab7e7141,8e5b241f730bb60bbbb7eaf5edf4d5f7bff2f25fef779d4b8170d2678a850509,polito.it,-75.0,12.0,218050222.0,57566179,AP-VALE-BCA-01,Staff
680e2288b53bc505d2e3aeb2ce7a0b8061175881ba4010c0a75d436e6343dc82,d5dd656dd68404a484ba97668ea9aaa7d7ee27a396a0f265dfef6a0048dcf8d9,studenti.polito.it,-49.0,48.0,455182466.0,148793530,AP-BCI-07,Student
2cb0b077ef2b2bcb4caec7d3bb5d03576298148d606ec4648fa02b991e33229f,0d3db22e06055d3e19321ab1e42d8046579cc71335242b24b5b7b0d80fce5dc5,studenti.polito.it,-55.0,39.0,303563236.0,24937305,AP-MVI-AULAMAGNA-02,Student
fd079d3e4b3f471aada60b35a319835866948cd9abdc651bc4ad46b910839196,3baec5829c467c235172f3fe97f764f1b5d0b2d06b1b72b1b1f37a3fabaf9443,studenti.polito.it,-44.0,49.0,108230443.0,4073880,AP-EXREALEMUTUA-R2A-P0,Student
f9ed0a38f6ad011b46bc6d17c159bed6a36e5257aa1ecb5f9dd79123adeba5f4,5c8fd73c801cca3fdcb448eea920e4fee18a1cccbc92de576fb7b5a658301c61,studenti.polito.it,-55.0,39.0,23108126.0,6749995,AP-LING-AULA208,Student
fd74c91a48821c2d4d145b72c5d592bae35a44c763965e540746330b183c0358,94186c1c458f0706a023bb1d30f3db376873d98f4eda6ca26f4c5d25e1273099,studenti.polito.it,-57.0,32.0,105546346.0,13064410,AP-AULA6I-01,Student
d848e854c1e13721e41afc27f18bde78f34f2bb443e2aa7a3cdbec13deceb1c2,7d60f38c7e73bd4c4a99217e2953f8479900ff7bbde3d0d08fbd1eb46fe68151,studenti.polito.it,-58.0,29.0,56434823.0,195408070,AP-AULA6D-01,Student
71f57f2b26b27aca39c306132bd905cdec5bafadd1951104b0b99873baa246fd,f62e9e106212695950f09819e8ff8eebce32ffdb8410c03f0be8ada2d4e291fe,polito.it,-57.0,37.0,6013379.0,1137706,AP-DIMEC18,Staff
5bdc83d04811b29fe2d3113865b3ccc4f818374528aef1fa8f28115a3ca39f27,176eefdd04c67153eebd70644fd186acb1c18204b2cedb566e079a94db1b2387,studenti.polito.it,-57.0,35.0,5227688.0,5114624,AP-AULA7T-01,Student
5b736283a05cd5d249c79ecae6e753467b1d6c5f353a5c2f77ef20b5a5d2c16c,dfbd25f462d25c418cfc7161e4956d3ecfc3de108ceada7e02e645076e751a94,studenti.polito.it,-53.0,41.0,153914.0,300893,AP-AULA9S-01,Student
e12a63f5f1fcf956d2b1a3f1279a051f1fee39ebf8fb0d69a95125434efe1d9c,4a90ee6b73ded08e7507359b179b584485ba184a6fc708d16139f2ebc3a6222b,studenti.polito.it,-50.0,44.0,8588805.0,575156,AP-MIND4LAB-SN-XS01-03,Student
f585c2bb2d0c7b123e3e1aafd3df46dfcbcaa001694feb1376d753e82bfcfa68,55c4d06c745a34722516c6b6a370683eb19728720175f8afa23197c6af525484,polito.it,-70.0,18.0,2161131.0,602594,AP-DELET02,Staff
6e3604e27adf0d6139467d1e3b6bd0351445e4c7c3e3abc9ee9fdb43c4a2c74e,8bfdb90b1b35ffe5364ee336c6aef044af6d4164dd6bfdc25ec5f82aef17713f,studenti.polito.it,-59.0,35.0,167314339.0,8112455,AP-AULA4-02,Student
cb33cb919e8ff9d36f576b8bab6fbf6c7b9037552552bee86dc47a8b21f14554,1fcb3c2ebcf21dd3b4b97d27eeec613a18835e7b5b4cab202b1bde6059881f0c,polito.it,-51.0,43.0,10105725.0,5490560,AP-TRENTO-TR2A-01,Staff
d8fb999b695b4cf99778d61ed4dff67f4daac3648cb2044577e25fce554fa61f,dd02d45b579a0d37607ce3d18bbc05521a0a78e1d92519c801bb9dbe82ea09e8,studenti.polito.it,-61.0,31.0,417691546.0,10394605,AP-SALASTUDIO4-02,Student
6ac56e0fdaf19822e659cea7b9f12eb4e1d2b021c264a9b6f93321f31026ac07,d666c8887a7ec7d226f77ad215f544c51d40627883a68f124348fec4cbce6706,polito.it,-53.0,41.0,198325780.0,7497905,AP-AULA15A-01,Staff
447a570298e2f0521f300766c6c621569e38827d6862dbb0e0bccf59ff50c81a,d52bff4fcbac1de3b034637abccf8f66cf4c0cbd484bf576179b61d061a48923,studenti.polito.it,-57.0,36.0,289316100.0,13889183,AP-SETTE-SALASTUDIOE,Student
18bd32af588d588d911e367a2f9a296a33f1506beff9a37ba48821da77a90487,620366e1b5a7f64b062928cc612422afdd148a3b7adfa86e04103715b82f841e,polito.it,-52.0,44.0,592286766.0,25589096,AP-AULA4-04,Staff
1157e940116eb2fb02decc6796cd6094aa1df92acb8ff604c533f26d56baaa23,,,,33.0,0.0,0,AP-VALE-AULA8V-02,Unknown
9f5e69966e78a549b96c1fc95fdd05361b8fc20245a9cd7dcc9dbcb4030d4ab7,,,,44.0,20271.0,5558,AP-AULAR4B-03,Unknown
770bb184c0ab887371703814faf43d6f99809b312447527b9e4e5c016f038060,3d52ee1ee4823e83ef4c0f5b56283af4d63dbe8ab9b3b1c0ce0495b49e40ad02,studenti.polito.it,-68.0,27.0,25490465.0,5976772,AP-DISTR06,Student
44c2754ed2546b365a455823fa310d702173a2609edf8b3c52a6ec8f65216a9b,a665f5a4708f3b8114c31c4566481de31fb8a6cd8507f011c02df38a1724f734,polito.it,-76.0,20.0,53810.0,36768,AP-DIASP07,Staff
f9631790b3c1c6e1db4e8d9c89f177abb6f69e24f5aa2caeaf8ad0dc05a2c9f8,be4d21526508c86a445dc730242677ba799940d556b43295fd909404094b5216,studenti.polito.it,-64.0,32.0,780723973.0,32230519,AP-BCI-ST-08,Student
ec9e512970f42ba0f5bab40ec2980c5352dc39790a4e0dd72260c9046bbd2be5,4a15340536d853c500e39b232d11d2c4e22dcfe875eed187dffd3607e91ae508,studenti.polito.it,-58.0,32.0,946344.0,186569,AP-AULA11B-02,Student
9b607d818e0a4175103aa61dfc88d801a7b509d5a31669362acfedb2ce34a77f,b71598ef413ed4e9fa39fb8f93253ceddb259723a565f5c28ca8c0a182f96a51,studenti.polito.it,-63.0,32.0,106508.0,84733,AP-LING-AULA201,Student
e30224bb42b00fe63b0e186a1014072944d7bb7fc085298e8d178d11605ec696,8e495b0e9591d2432dec9411457b87fd60f797f29c235f3b58a7f239ad7474dd,studenti.polito.it,-50.0,45.0,10228519.0,9329795,AP-CIT-EXCELID,Student
6d64887afe51ee74db4d2ca9731427772172b6bf85a08f92a7925a74646d5b64,c5984e89a2fad3469bf61cc381de15b4471883b7ab0bcb026b918a466e9c9907,polito.it,-62.0,33.0,2390469.0,746187,AP-DIMEC08,Staff
3b8246d43351d3ed6d3eb7cd7586674f33a486c0bc2dc5d65be16ec5b1d37324,1c7d7c6b0bde8282b0c7aa33fcbd47aa75ac912e15d310104f9aba0966aae4a3,studenti.polito.it,-56.0,36.0,168415398.0,12471065,AP-LING-AULA203,Student
14c1b97b6fd8303c2914af99ac44d58858d29113b4124a65239b83bfdce8f1a0,57ef9c37ce15a174653cf1e91a2b654f2c9c28627f7d704aad84c2ce5ee512e2,studenti.polito.it,-84.0,12.0,182931500.0,4125707,AP-AULA1S-02,Student
ee1ab240c0704e57b7a54292404ada4915cb43677f737ef7ea89d19c6e77c7a5,65a2fe9b1a887207f2c6e99c0ef5ab292a18c43fa591ac28e30f771980706a33,studenti.polito.it,-48.0,43.0,13537801.0,2717149,AP-AULA23-TM-01,Student
f2770f2b7a3d9c8892f0a4f824c816779f7b53daeacabcc4ef20314986161669,264d94c240602df8fd039119f451e843c0562c35cd05c89b342c3fb391608f81,studenti.polito.it,-52.0,39.0,36764879.0,2948604,AP-AULA1S-01,Student
e3ad226b5595c471b5747e078c2b9824bccd6606097f28a1af487e3fc0c9c190,3549e5ed5f4830271edadb5e22eca29a105f256f74b4495d126445bf597ad7ec,studenti.polito.it,-62.0,31.0,3972193.0,763166,AP-AULA9I-01,Student
51e22ea84dca3f566889d59364996f49a742cecf214f36786f26f37e0364fedd,d695560e8b087282acb54d2f09282c2c9a1a237df092661d85181f6d44f9f210,studenti.polito.it,-68.0,24.0,5102039.0,1363003,AP-CIT-DET2-03,Student
5da35b63c68cd620bc4d9df658616a5844b45e2b412b291acf2b7e03f32aa1b3,ac53fe7f0b1e3162006a59c3593c1f4899dfd71563fbd68da4f9ee72b9bbe618,studenti.polito.it,-58.0,32.0,15580643.0,963673,AP-FRONTE-AULA12,Student
f3469eafdd43c4a2fe7f71f610960aca830d007b2a742f13afc8c7a8408eb536,3f0fcd9e44d7ce5cef495bd46d5bf0807f6be71c7dfa2609b10a776e603632b6,polito.it,-60.0,35.0,31412741.0,3620637,AP-AULAR3-03,Staff
f63b55fddd5c200e40468346130af4479c6c3e1a709f7a7c792a02492c86dad1,500c5b981d8917a1b88fed177cec617548234e1c11ae4925cccb49a0349c6556,studenti.polito.it,-70.0,22.0,343970.0,281244,AP-DITAG01,Student
f3d4fb7a3bafb94c2fa98f748610d39d4293e6ef8bf3e665b2dee613c405e3c6,4a626f499c0f15f23839ba90f18089d77be84c1506e6f1de23f5b42e1ceab106,studenti.polito.it,-51.0,42.0,4345474.0,2112499,AP-LAIB3D-02,Student
111f356cf8198263ec5fd83c01d20b8a0ac4dbd3a70ac485ef8fca9d5100a1cb,fd6bebaa7058deab8cc3b453d345874427f0e26394ae50d70f324cdc647024eb,polito.it,-64.0,33.0,38461904.0,3087032,AP-DIMEC09,Staff
88a13d610b5819c25e906135e87e6fa142e5efa9cb89db9d447fb7d5ffb2bac5,ea69a047ffb7ddb0bd62446f8e4cf8c8bb882c5652f22fa7cca07850efcab516,studenti.polito.it,-45.0,44.0,3226240.0,817834,AP-AULASTUDIO3-3,Student
7e02f1bab7661a9e88fffb0f3082a57a0ddf659edfe40989c8359c609c68999a,bf9f68d67cee85d1ae15bbf237d76158dae52d90b2e59608a1dbd5f8ce281a33,studenti.polito.it,-55.0,38.0,204018430.0,12645602,AP-AULA2-03,Student
0c14eac7579f812578975e84547cc3da5354234e7ae247c626caf6dc0a5b7578,838fb02fe4b51e1d079868f4ac3239eec3d9a0fdb30c5157ae191060699366f3,studenti.polito.it,-49.0,44.0,6439550.0,86891178,AP-AULA4M-01,Student
19f144a07e53220065f9e21caa2260bf54879b9854e0108851fbbeb72f94bfd1,,,,24.0,0.0,0,AP-TRIN-02,Unknown
b9de6e668704eb9c08f0dafe4535eb212177be815a1d4a5a934cb7cbcd342b20,41e96a881421ee0a4d61484e36e81592fd6a9fb697bdffba2471792114ddf78c,polito.it,-63.0,26.0,19357495.0,2601534,AP-DISPEA07,Staff
54c5a4170e99feab5a999bc30ad678d97f99324bc6a3cd2c48dd9d4631717784,19f2f483fee9adec7a42a00a721fa1db7c52172ec3997b107454e83fe47cb845,studenti.polito.it,-55.0,37.0,1394506.0,387323,AP-LING-AULA213,Student
681798a6bb73a19ea6f81687453e40dd44179b4a44a0df9896775db2d6de7b3c,03bc5a7fbb7a8e6b95b78ea8c9c46582f61dd4ded8cbad5210b8c4d414813291,studenti.polito.it,-55.0,32.0,195831380.0,206776110,AP-INGCINEMA-03,Student
cb8ddf97dc5e0b652eabb52fc4887e59bd5369026e06d8accca67e44f73ca0a8,d8d5a877a4409b30a0a88b40b6aac1095fa15cd75a54b0c0146a60542fe09598,studenti.polito.it,-59.0,35.0,1665163.0,432953,AP-AULA2C-02,Student
4cd996c83ec02da4638da98a5240b9e56819e768bb241e91bcae8137a72af5a4,d2485b0bfaa6f2dea6c385f12613d03798b3444cc7670b213e26cc930b261193,studenti.polito.it,-53.0,40.0,31412283.0,1540924,AP-AULA10C-01,Student
842f06df88d57ec1bcc0fe66f35965aeaed906253ab609d70857db81846904f4,8e20767b60208033e42a2be0a55a712c3886a074973d242ff5135a303c3ae8d7,studenti.polito.it,-50.0,27.0,10846387.0,10608338,AP-CIT-LABINF-01,Student
e7317e944038d0f6ce56ed64de502527940f520da17ec41b667183eb79201d2b,ad851eb3b63dd12f9b85f520af64debbf05d9ccaf6020735cbb170c6a1887e9b,studenti.polito.it,-54.0,39.0,1906287.0,1458292,AP-AULA12-02,Student
fd30a17462a1b32ff824e4e3a61bdd586e0947edaae92b1e95850cda353cbf68,37e6a888445ce5643467ba16aab3dc928b1924ab82a92c5af4c32d54695778a3,studenti.polito.it,-52.0,41.0,100641777.0,37821016,AP-AULA7-01,Student
069f266c5540504a8cf55916d29f0de06e19e44714383a25815087e2f3ece9d2,55df771b277fdd6f15e9677ddd9878cbf6a5349cab8766000545fc7f307f4f9f,studenti.polito.it,-80.0,17.0,84258.0,62206,AP-EXPO-107,Student
d8026d4d2170ab80d5c80617be4bbf25f56a5e6391b9a98abe4d7cebc04d5698,0942c2a56bf766dd2b48c0872d1cda91735ea3b38207f185f9146fdaf2ef6a1d,polito.it,-56.0,35.0,30363546.0,7320250,AP-GESD2-04,Staff
5db9717aa956ff74c3fce8f0bfdbfe0a048d8a80d1b3a087e53a65dcadb69d4c,d2ddf3182c4c3a0a277b5115b85eac62033778afa810135306d8a3d7cc0c04ef,polito.it,-78.0,18.0,879388395.0,48347605,AP-DISMIC25,Staff
a836b00e3aa3fe6da36a3db9abc020ff802e08321ad39fcb1a34a6339e9a68f4,3888308d24710836ddcf4c91609d67b6fc0afbc0b12ca78534a1e2e0ded66b9a,polito.it,-60.0,31.0,52379.0,16598,AP-AULA4C-01,Staff
10df0f216779836dc9d08036fdd6adaf12b34e4496d131a5c6352ea7a879e9f4,ad56b3ce607f050864fb35e8fd56239d89c46a0334b28ac1158a485b1ed575e3,studenti.polito.it,-37.0,55.0,42414546.0,1551539,AP-AULA9S-01,Student
13977587e7f255eca18bca4a8da2d5937a1ef1793c7c35de7e67416bcea34d1b,7ecbfd5dfd124c0b9c5ce58a5ca86acd27cc6fb955396502fa04617a9f8f7af7,studenti.polito.it,-61.0,35.0,9390364.0,1844569,AP-DISTR02,Student
4183493179a9fd6a7aa9038371efde5a655d61955a67e720e472747a573c4681,b5e358840aa9dc2a53314b3d75a60b4e519be3ee890e0c97b8d0c4696a442736,studenti.polito.it,-48.0,46.0,15585339.0,18472992,AP-AULA08-02,Student
6ddf3153368e5e4383d0715c1e59fe053fc70f895a7b06b0c3a9ae0561438415,9f0c14c52b2d14c688f31e77ffc6902c7caa7e457cfb37ddc7d5f5ea86114dea,studenti.polito.it,-85.0,3.0,68666136.0,10161101,AP-CORRIDOIOAULER-02,Student
a50f824c60bc96435153d3f96e5073801d2bf6ed5c5aad9220a6c4ee07e81347,926a110c231a7e6ee95438f0b9acaddd843dcae0a677fb0cae018e001a9b8d84,studenti.polito.it,-54.0,37.0,374055.0,192098,AP-AULA4M-01,Student
32d18afb6ba2bffbf56ceafddabe8e3512ac92db86b49e5f26eea603f05587b8,9422ec8c616799d75d0b05f5ffc1168b39d890271c239d43c11fc9d5b88eb7f5,studenti.polito.it,-69.0,24.0,3530787.0,1008453,AP-AULA11-13,Student
0b1d05e4762d1a3460c16810321e11861b2db813483c2f80dc4d0474531ba258,14346613aa4c78a123903476629dee26d2ec0162504fbc3bd6ac1e9d40dac585,studenti.polito.it,-71.0,22.0,1348525.0,843665,AP-SETTE-AULA11AM-2,Student
8c4822d4555f5605908496301829608a92c25ac984dcc964b5f220b8e47e9af6,8e54571b367ac6e1a112d79c5fa9f9f9d4f727339dcfff032561857e5ebb4113,studenti.polito.it,-88.0,9.0,4906209.0,334333,AP-VALE-EXCISDA,Student
e59ed7f40401e19a1e6511a841faa681a712bf17400457c510aaff51506ba7f9,b2cfdf023eba27696037c93d85944f4ecd3767dd315012bda2e60ce341476d06,studenti.polito.it,-46.0,47.0,27227604.0,30857153,AP-AULA4C-01,Student
4e293702dfb21eaaf6879b000df8984eb0756ae1133be76e3a70d1f7a034fbfc,633617d2772e522130d91ec36f0a5e1686b41aa48d91f54ee2e96609c87416e8,studenti.polito.it,-72.0,27.0,120306.0,61046,AP-AULA13S-01,Student
7d18ba4c760a0bee4464b9c1dbc1cc9cb189373ef2099b6982c513b26d98d7f5,5b80b9420941488a7b6c2d3c17a2533186b33c67d354a84b8970605b07d8f910,studenti.polito.it,-81.0,14.0,192087.0,188383,AP-AULA10,Student
37a39c1257af17602fc815ed6e1f420b3561b9111c00cccbe60e27a8b5e99242,f92c66370fcb8c3450028870bdd2c75f0e498db8ddff334220ca3e4d24c660f1,studenti.polito.it,-65.0,18.0,478553403.0,16651125,AP-VALE-BCA-03,Student
eaba1c38ab233bbac2f3c3c182fa3ee708b4c6ae53b49ad53b8d87f88c57c4af,54d1ca8d482fd1e39ad5c198b54ca98d005a72466f079b6dd1a647d53bbe1933,studenti.polito.it,-65.0,27.0,12317724.0,34878670,AP-FRONTE-AULA12,Student
b6aa2352d9ed1dd11e2d28b2aa2401733d1418326cac5be90ae6e14318fba8c6,e59e9ab47377f8cdc0a9e7042af1e7ed7060a291c994645e96dd2fcbf57fff75,studenti.polito.it,-58.0,37.0,7798.0,1829,AP-AULA05-01,Student
feebd224f9ec5d83543a0053834f9d177c8fb5d2979dbefbec37d71c2b70f2dc,217e8c2a03a45d77edb006577f9c06ba87d2e2e059b920eaeaf3673e06201b5e,studenti.polito.it,-58.0,34.0,32374508.0,3502341,AP-GESD2-04,Student
5f994c0e57574109d814b66c0fa526bcc80482d8de77e26ca4b3567429f21f28,f852c22299ebf44d3331ec24cee18a0d434aa69ef8e892610da0a21c7283a4a7,polito.it,-57.0,35.0,50155.0,35240,AP-AREAIT-2C-XP02-02,Staff
98e408ccce1d0abc0ddcd39ec6ff54e084fa908e3711ee78ba8385ae7476f0ce,bf28699209580c67df816ca6d6d82d3afdfd1bcedf3328a483d9c55ef438aa00,polito.it,-57.0,37.0,5290484.0,1894967,AP-BIBLIOMAT-01,Staff
779a9a94d32ae67a9968eedb03eb72fe587e508f99dbc33db4383523822b2e08,5d2d806fb1b7e3b3be4ecaeae4d0d40f7f7af1104f541400d412951ec03cabe7,studenti.polito.it,-63.0,31.0,5720650911.0,38294666,AP-AULA16-03,Student
5dae2e677178a378be8dc1bec7c6fe5eb97fe3b2f85bd4c364a97d8631012f4f,c5cbab42147d5ada2aa55391e8fc35118d7b83a4ed762de831d9eeb8d48264e4,studenti.polito.it,-76.0,21.0,76424908.0,2968796,AP-CORTILE-06,Student
425f7e745782d46ab0cc8649ac21800c7f015373b8ef16f0efa47767c490e315,a45c3c30450d955bb08ba4064a8e31fd3c2fddd886344f5cff7fe52b5e744ff4,studenti.polito.it,-67.0,24.0,99989079.0,2311845,AP-OA,Student
05685973816216574280e5883838e2992b1c4b77ab4c9a764e75a6ae4cfb88c5,9acd6cb9d0b4e78c82d58e70824446927bf52989d5908c0681653be33aa7061b,studenti.polito.it,-53.0,37.0,1421488.0,84236342,AP-AULA3D-01,Student
864b15e1ac5212094cbff8a46a9ea01c22a51dee31bfe54539e5e9b860eeabc6,0ccfd94c92df1d3873f44731952e37eb2e642028dfa79c638c70f8a3d887c357,studenti.polito.it,-54.0,41.0,223684207.0,601969680,AP-AULA4-04,Student
e05617c27b102c7e1f35f5827072d9b2efdb123b194b6954c6d1280838ac0f43,d3834d112334f24b4c44059134070a5d14fdea5f25195eba6f80527ef596517f,studenti.polito.it,-55.0,33.0,274683013.0,25528185,AP-AULA4-01,Student
b1c3d437c4939dbac87ec5309d15788d964f108ca0b7a6b7d00dbea71c88214e,80c17b6d03bdf102f56fa92de4288ae7e629126f2f91b17d0e975744251873aa,studenti.polito.it,-67.0,26.0,698021995.0,10312433,AP-AULA12I-02,Student
3cdf33d2592e64adc909bd0a4b344924cd4357073ac5bdd5acba5146b27d97e6,a55d1d7f5132c49f0036c46c1def913d4113f95b9ad319c5560b682a58fb5023,studenti.polito.it,-53.0,36.0,30770530.0,3225833,AP-LAIB1B,Student
83b324be2be68bba99a865d688cd98bfd55ebe91292438304930b94391db7795,3877150417d6b42b66b9ee19804b3c1eb34a76769b56c91e4bda3537db0c279e,studenti.polito.it,-53.0,33.0,208837551.0,19200965,AP-AULASTUDIOR2-02,Student
c67f1d84758ce3f99bc24cd49c656c0e0734fca2d1ac805ddca357cb9013e3d7,9793439a4c88e9a234c350700c2e12ba36c0f402fec7c0aac393389114f10b49,studenti.polito.it,-57.0,37.0,77907.0,33822,AP-VALE-CHEVA04,Student
7ca73fd75afeb1e130e688df3bb16a86c92ad129339b42a21858d1142d9eeda5,e0f752398a75c76bc61a2e340631cdd49c3a71118c628aadaed9417d64bad57e,studenti.polito.it,-53.0,37.0,8746213.0,1595073,AP-CORRIDOIOAULER-02,Student
2b88c5595f4d937d051835b2c603dde472d55160c324c3c69c040dac3b679656,25634c5a4a22a8d37d7afa164979a00fd2ac4884359afa7d7132c9b7bfa88102,studenti.polito.it,-82.0,13.0,5651256.0,509980,AP-LING-AULA201,Student
1a8702d9df14c2fcbcdfaa98639dd1be85f583bd9537acb712d6d9bd9c147df9,6ee8f2bcbad7f37da0689e67b636ce72960b1774eff4ac64dfe05d445220a30d,polito.it,-65.0,29.0,7650463.0,2448671,AP-DISPEA06,Staff
2538604940325a5a53086813867259e856a6e0c19349ec28da921830f44ee3b3,ed757df71bd7400a01f01e0b9b2b65c0f92be7755bf012735e02e7d6e0882a68,studenti.polito.it,-84.0,8.0,69459.0,120097,AP-INTE02,Student
baaea3da7d4e11361c25f67d4a20db9eaf274b6bcb457313d9fc47ff569bd74e,a3c73ad8c9edb748148199465617e30a7bad4db0747d826e95ec2358fa5ca90a,polito.it,-76.0,20.0,15807281.0,585186,AP-DIMEAS03,Staff
6383f38fe7d32627a8c488e3a117ee7862a52832fbab08c639857d16d788b1b1,a8ee8ce99a4e81a4064159a184346ff6075db010846fbec63b4b67b3c2866802,studenti.polito.it,-73.0,21.0,28360436.0,2277831,AP-DIASP03,Student
9f67e554e6bbc291052a4051718059962d958a49b7cfce70e49eb1fcb78f650d,17101b0d2d8317b08ad3222508c779b3e3ceff27141ca685c66e8ecde0e14d73,studenti.polito.it,-56.0,40.0,69981815.0,2325159,AP-AULA3P-01,Student
2829a87ba706c54ea2a061af7f7af823f39f7a72f2581500f90d30531351cefb,2f82c40ee8a9b19a92e6793b08f00926974e1ef5bab0a5a66766bf6e2d047820,polito.it,-61.0,24.0,115529395.0,29213149,AP-VALE-MN2-01,Staff
944be3a164e5d6d182c6974a2c621a7e0c71da9d6827b927394da5cbbca0483d,cc5996ea956a1167f04fa3a2a09aa53cec038ec9f07d2484871e56e4a8218297,polito.it,-83.0,7.0,13370.0,16398,AP-DAUIN01,Staff
178dec8fdb6ee07f599064ab081ad3fab713b6e85a756c7386d16a40d54ccaf6,a608ff1a489d15bf8b918599e89fbb71eb3115ca4317687cec44c8a4af06c4bb,polito.it,-60.0,33.0,519783289.0,152729080,AP-DELEN-2J-07,Staff
2d18b0224e764cf96da4d88f9b8d374c6af370f05cd05b6d58de5ff60fed06e7,4a2ba4ea8dd7878e1e071763c1c9dae20fc9cd04be91579b206aa63687f46fe7,polito.it,-78.0,11.0,20619480.0,11705154,AP-DITIC01,Staff
fb670f475533f1acd106c441e034da7957f9b89a32505562f5feeb731bb6232c,17f858055c8d5bc7be6569287e6f03d54e1243ac81e4b19e1f62b26efdd5602f,studenti.polito.it,-50.0,45.0,619935590.0,21587491,AP-VALE-BCA-ST-02,Student
1f1fe5dfd015b270c1e6264421c7c928d72647f8818d6c2dbbdaf5d84ec7e9b8,7583895ae9eaa6a963db8ed8c016915c3ee03a745da3d8f3fe65abfad0a234ee,studenti.polito.it,-77.0,12.0,27081911.0,17339000,AP-BOGGIO-SALASTUDIO-0,Student
67e1eab8f775cfc25fa576ab125ad18eb82517969abbc903a84909f66055b3fa,1c7d7c6b0bde8282b0c7aa33fcbd47aa75ac912e15d310104f9aba0966aae4a3,studenti.polito.it,-51.0,41.0,759504723.0,12511163,AP-LING-AULA203,Student
e98101ac2380f995a91b051ecedefbd216b9504e5c4b2803f44e8fcfcaf3e331,1bcee803ca1ccd3d4fd83233105ff5ba5c02182f4b6c2822893d3cb9eb0fb51a,kth.se,-44.0,52.0,20214409.0,21707320,AP-AULA29-01,External
f84bb91ba4b3043a8af77f01b4ee962eb6f63c3b2594beca123fb9c7d4b33ed2,3ef583fd56032505af6cbd3e980a26cacc01ee00678c303336e0575ddfb4543c,studenti.polito.it,-51.0,26.0,52875219.0,17109564,AP-CIT-LABINF-01,Student
c67ad6b61dab14bae3800a69209ff5e3a6b41c26b1391a437b1c053969a6c740,fd2e971a44814a2ad3a8e56aadd426f0186351855443420b60a8159eb774cfd8,studenti.polito.it,-67.0,28.0,131748531.0,5117543,AP-DITIC07,Student
e7d07b0ab3482505cdb6e731b17e7d18f960f40ac0b1e443979b9168db262a89,a90c8fae294e5676be3f4cde1e86ebce060832e8d81a4330614a9b835dccc73c,studenti.polito.it,-54.0,38.0,63427395.0,17904652,AP-SETTE-AULA12AM,Student
139049ad8b0854ea402b13616f7bfb7736c4e61eff060c8171f76354207abfda,79ffe9431cead35e8a3a4a5d55421c7b4eb5f244e39e2f484eed3327dc469cc3,polito.it,-55.0,38.0,145361602.0,57498905,AP-VALE-AULA8V-01,Staff
b12c4cefce9a49a343adbf2f8b2ff1126b0e37d0e811f534b1261bb602f59e9b,ecc96c05e65ace6a08db7fb7fa91ad489d7ef3681bedbbc21809008e067b4a5f,polito.it,-66.0,25.0,24448910.0,17215972,AP-CIT-DAUIN2-01,Staff
b5aacbc16c08112eba93e80ecd913e67dad8f19fcf36f8382578a0fe821320ef,b54048bbb30e600ec9a530acdba96e1de1f6335db36462b2a4c634bac79abf96,polito.it,-53.0,34.0,707672982.0,50334376,AP-AULA6-03,Staff
c79da5a9e1a10328bfd74a9b871ad30c2e440dbaa2fe95804bb231e15eedce55,75cb983d1d764ab370e629dfcdb952b196b85a5a3ddf645c138c9cd043f93f45,studenti.polito.it,-80.0,24.0,147303095.0,5742695,AP-LAIB5D-01,Student
dd7719f90597426f967ced31b6c316f18a021a0d76eb50b0359f138f43647802,db1476cf2244f18c39d54e526ec90df856133e2f74c5a1ba8a062e2cda117fc3,studenti.polito.it,-67.0,24.0,14705879.0,1027911,AP-AULA4T-01,Student
681275e6443a9b0b554e94682349f371a441277200fdb4f798bb353a280d44ee,5c161f8686767f9eedcaae4ef05a8971233f940a3ff7aa581eaa1d5dd98cd4b5,polito.it,-49.0,42.0,675601.0,187421,AP-DELEN04,Staff
7d51e39104ac54c1bff0754242efe34af97f691c8c8786a6e3a8f69979c8f8a2,880011f6962ab997939ef5b0c2ecddf6602349feb5f2bf77a0d41f157f21d507,studenti.polito.it,-60.0,33.0,112654635.0,45985601,AP-INGCINEMA-03,Student
119fd1b69ddbd938ae5d65d61fef7e02750c8cfaf77f4dea7f0a941701470625,2493bb12e8e8aed6656ec28a537f599d46c0ce8bda5d2626638d66955ed15c73,studenti.polito.it,-57.0,34.0,1876523502.0,53400668,AP-VALE-AULA4V,Student
d77b40a0af8cd01131544607e50108e1e178d6304e594f1a48a0c45da66324e9,0bde9d391f8852032b182aa1609e4a081bbf98d28cd3f489e62997cccea07059,polito.it,-55.0,40.0,1119895930.0,433513583,AP-AULA-DENINA,Staff
53f3f97f9124252610804653d24442542566b3e639014f081838f79f27daeaaa,7b910cd877677488f88f6939f7656e59c6a12648e6523cfd4c1ce219b114b0e9,polito.it,-59.0,35.0,1427228378.0,474313442,AP-DISMIC02,Staff
df70dd4dd18e074ca84798cb565b5fd82fee7aa66b6869ff27520132f78168dd,8b60bfc31dff6eafbbc4729a0116e5b6d681934096e832470a890b814a3ac201,polito.it,-73.0,17.0,327568418.0,79727470,AP-DISET-1E-03,Staff
51fb10c8aafa3510339f6f18d5baad1e3d8051e179d243c91c9ab8ba2f263de3,c06b2f3c8151c2aa2395fac1823979a7ac4fb0e15ce4873663349d81d09e2131,studenti.polito.it,-60.0,37.0,338416686.0,177530402,AP-AULAR3B-04,Student
94a8d13447d381a4379638d2d0f2ef86d7a45faf03999db83b876068d285e671,ff68eb47b7ed77194de95c14c1e2f7fc83a9b7e6a714e083736cde212b973329,studenti.polito.it,-57.0,34.0,19696041.0,5960201,AP-CIT-DET4-01,Student
f9f695de0562f80427e4aeb2e66cde8c7d4e5a3a643322d62a835c886c13dd37,ef93569af6653d85d7a99407761c2f1194ab529beb425ae0676d8387c5ca35d3,polito.it,-69.0,22.0,162123658.0,1436921553,AP-DISMIC26,Staff
2a1da7f711fb3c242db804a2a7e374d1521a28023bab3b6b9e40245b4667a718,b778902b22bb200e3752e7762805413eb82aad56259f115bda6e00a633c1cf41,studenti.polito.it,-49.0,38.0,1474084994.0,12015154586,AP-COV-C3B-XP03-14,Student
55b836f84bcc4140fed8679047ea9f013ef9741fabbb9f8600dc815c277f993c,bcfcc6ac48e28564cba9cc8c8459035778493eb8c7a9db3e9fdeab3a2fffd736,studenti.polito.it,-52.0,38.0,304312177.0,16058031,AP-AULAR3-01,Student
930d12e93123760ec094ae1588e553195957909d5abf74aaa8a004f5df558856,c507755992c8e796d751433d3864b213a512a7b697c1308abc6f35d4c0e6725c,studenti.polito.it,-69.0,23.0,439642640.0,17693310,AP-CIT-DET2-03,Student
b974bee518914425c0f1ea0245736f24e2624241dc9632c23cc34668f93fca3e,78e7b65f649e39c83c1588e57cad136f5bd2cfdf8930f19ce2680f7b4b7f2517,studenti.polito.it,-68.0,27.0,51879269.0,7517467,AP-LING-AULA201,Student
686a23e9072ecd8e901f9781f36cc1c385175cd781bd73da8fdd32f27db9bd32,f1dbff1dd365cabb692476edd50e2ec56e4bd7101e1da42b6d36a552ac55e304,studenti.polito.it,-67.0,29.0,9877775.0,1199417,AP-BCI-ST-10,Student
24322f2f9872b42a64dd0f23f7e9dbdac0646150c8161e587fd0f8d971e88d3f,70d515a76719899c4468917f8818e85e9d5a6d7ca6b6be1ce6671519d093a014,studenti.polito.it,-83.0,8.0,678575.0,612567,AP-CIT-DET3-04,Student
bb6869da207615e5010f2b456a891182df6e3324ae87e866273d43f4c9bada9a,006729485fc4cbe67e383c66d4c60a99288d8b445f19e617301b57b9a2cf8559,polito.it,-59.0,37.0,2342858.0,1957935,AP-RETTORATO-01,Staff
a26bcafe451778ddfbf620180ed15574ffa48017a65d3f45523ad136dbb391c7,ddafdc1113c3856d93cabf18450e223deeb3c3cd061685f6d9b311ab482c31c7,studenti.polito.it,-41.0,51.0,153947907.0,5297094,AP-AULA27B-02,Student
95582a33aafda61b17817c12502b9241391c82f59ee2647b04daa6e18f02ced2,14346613aa4c78a123903476629dee26d2ec0162504fbc3bd6ac1e9d40dac585,studenti.polito.it,-55.0,30.0,106368764.0,14303789,AP-SETTE-AULA11AM-2,Student
9ab4df07818d847a2a6a21902d828c9173b70fd1a946beafb83ef736a3024477,68b1216b6df51c85b6a0c1faac4ce6081f1791a27b49b9f648fa43aff6605069,studenti.polito.it,-50.0,42.0,145477542.0,21171991,AP-AULA7T-02,Student
09fe0d03dbdbc716496a536282c303efd5247869704a5cbc30470c59eea6dd69,13926df3cd911cb7e29aa2a8b7ed405937a29729ec03a88c879b6c9373c26e58,polito.it,-50.0,43.0,461420144.0,37514821,AP-COV-C3B-XP03-14,Staff
c30dd0c8707ac65e8c15b953d102b0ef9d48da0653971a7c00ec13cd4accf289,89ff14265e01d8274c73bb98eb6e654e22dd64486738ced2a59a46523d452584,polito.it,-49.0,44.0,231809236.0,310080190,AP-CIT-DET3-03,Staff
ad2c2ae57ef2e5928fde32a3226e65b4461ee44de4b101f04d7ac37049546043,f3a5525e451927fa038630eefa139e9f24a76c47a1b0b2efd9c5f7c8b325df9d,polito.it,-56.0,34.0,581125838.0,23886469,AP-CIT-DET3-03,Staff
8b0d5be6f0cbdf84de3c4981179b930a4c8138feaab7b1579ba524174106afa8,9937a34d2d22b04b377c47e496bb609cc3491b22dcfde6cc62fe08d53073bfd6,polito.it,-65.0,29.0,1724401943.0,904253928,AP-GESD2-01,Staff
cc31860fec85cdc27d712233d9f471cbd695de894e078607eea2056eedee480b,562350c6ce56097aeeba52133cb0bd8ee81cdbdd0f617ada9742f9a2d935cf2d,studenti.polito.it,-49.0,47.0,31146164.0,2968219,AP-LING-AULA201,Student
6fce58c74a4073e8e768e4fb96cc0925d26328afc0cd56b043ea9305f7ddfa46,3af715973dd10a561fa4181273566c52b635eb0d1b9943f3b698f77b477cc226,studenti.polito.it,-64.0,29.0,31195828.0,4211148,AP-LING-AULA301-2,Student
c18678879f4c7b23946ea9025ec9ea3265dabb1cdbca8e2fe6e06cf8b2d4198f,1ae3ae532062cb9d5cf87042d7c6860eded678b085b35ee30582d6903d1e18c4,polito.it,-68.0,24.0,514468166.0,46142852,AP-DISET-1E-03,Staff
a06b32e417e6aa8431f00a5efc0624fe55ec600c4dc8bb00a62d108dff2719fb,a4ea4d1fe23d4c8779e80f19a2c6e09bc181dd15a80f9efd012d6ac9f73ee955,studenti.polito.it,-38.0,55.0,6966173.0,2002022,AP-VALE-BCA-01,Student
c310035f626b703b6b4cbb5457288a6ae9a52f20e65522357840d107d6ea7d13,ec5e9c2bc47a8d62b77be097de40ce787d0b3939c33273bcf0711097161cf93c,polito.it,-61.0,32.0,340410182.0,122186231,AP-SARTT,Staff
f7d652be1b238c123001c84e682ff65f1274ba2941724b950d819cab44332a40,e7d01224c964a93da1432cbece1faf01679b42ff1872dda1b646178ac084f301,studenti.polito.it,-57.0,31.0,708243647.0,20671072,AP-VALE-BCA-04,Student
a5d649e45985a3ae986c517e16197e2c8026346d0425357691d1bfb0f89f5040,835a43eb9e64650f69992d4b1de810157e0693d3c8362c1e8eb15e3eaebbd46b,studenti.polito.it,-58.0,39.0,498277952.0,10722488,AP-LIFE-03,Student
adf3bb0a6d07a511bf246a0c7378969a03d39e7674dc9d469d027c8504c9ef33,e55c5bf80c318d55281aea66bde3ecd02518d368d06e0419d4c9d962f3680d0c,studenti.polito.it,-47.0,46.0,114062067.0,5226617,AP-AULA23-TM-01,Student
05aa00600488be2039eca9707e5047b2dd7b27e5993eb6b5612f24e3699ecb28,6ca58275179950f5154dcd2f69f24649dab97bad575bfc542f19e93dc5f55c85,studenti.polito.it,-65.0,28.0,20293246.0,3522292,AP-GESD2-04,Student
e36c0a51b409903898975f5dce06cc008c6d8b26b3cb9179bc22fd1dde638390,bbbe76f8d50f265dd50406b79591d68fc90bc59a21c6d6917bc6cba5e4635f60,studenti.polito.it,-49.0,43.0,15815764.0,6930292,AP-AULA4M-01,Student
4269ab0a14182fbb5bc6be0a27e9807cf796f505b58195d9e114d02e2f754488,29d82e13ad50de34ae379c72ffe667bb1ee65e810fe55bae88cc6b541792a8a2,studenti.polito.it,-66.0,27.0,15128677.0,6311207,AP-BCI-TZ-04,Student
2e8fc68b05d181e2ce69b0d4afcbca5ae13a3b5e6e56eddc61895d2d9312ccd4,38374ae455d702e619d48dbc4e35387285fb2d5392110aa44c28c566fed951cf,studenti.polito.it,-88.0,8.0,60766366.0,3013362,AP-SCF-02,Student
376683f65fec5167d93faa780e6bc287aaeab8544e9eaf29913afe7aa4dba55d,2176bace5ff2e10c912e767d07097e3cdc41367c2cc9cb73ed49a0177a32bb60,studenti.polito.it,-61.0,29.0,31123032.0,3505202,AP-AULA7T-02,Student
fb83e696575de3beb842e117683a26431a298b796ba4345ce7bfe701905cbc36,00b4bb8fc476d69092037e7b6e60225247997b015fa07e2f7f4995c7f8d86363,polito.it,-43.0,50.0,368199489.0,27625147,AP-CALOS-02,Staff
b2938b3a0e6ce5c027d78104719eb6021e237c62e9f79d2e86f22360afb8fb26,a5bf92979f7c1a8bbd96ef25412bd3a49fd9dd3e1b728da9aed647c910d9817c,studenti.polito.it,-63.0,31.0,1583519.0,1032452,AP-AULA19A-02,Student
90ab1971c04b8fc7f43287b815b8cb84e03e5de02c3c43a779bd9549f233ebac,c946798bf14da230d602c29ab020025bea317241e35c6f629b2e161a87542d74,studenti.polito.it,-58.0,35.0,22672181.0,4065313,AP-AULA9I-01,Student
a8ebce1bbb761223576d863e0ff27b36f9cdec816a176794dff4814fec4771a3,42a13bda7a7cb37db6ad30f7c9ad91879a9cf82327b18cd63031780e9a8c5589,studenti.polito.it,-43.0,43.0,138154709.0,10798688,AP-AULA01-01,Student
6a32595357e17528f57c7fadcb90941cf4204b6182683d92452dabcd8b6e76a8,ba559b1e4f5fce66d7a4330edd04c8b51b510d102ec70fa16e276aa0a4fdf5c6,studenti.polito.it,-53.0,42.0,5395300.0,551264,AP-CIT-EXCELID,Student
a5f995cf663636e5a4a2658df3982c73c1ff4bc8e236cbc543768203878d2743,,,,22.0,273.0,176,AP-AULA7S-02,Unknown
bb8bbc483f0c5d5920099859fa1512eab662aff471e2b683049347c7fa5a8105,141c0f5c84aaf367461c15e4c11f3612e1d9981ba4965db043e370595e2bdfd7,studenti.polito.it,-68.0,26.0,21865351.0,1110365,AP-DISTR08,Student
f01474e9fb91673b55367c877d4d38a1b2562a37e69d9f121555d6c9d645e3ba,ad20deec426476ae6106ba22c398f59a9130c06a34601ffdaa76718f404b77ee,itu.edu.tr,-55.0,38.0,148363679.0,7036294,AP-AULA5M-01,External
f5ec7ba0303183fd4695efb7f3bd08d4f880531ec7095b788a9199cc103801c6,4e26bec8727fa747baad766a258c1083d7d1f20859b8f23127aa5fde0e0369f3,studenti.polito.it,-47.0,45.0,36479.0,27982,AP-AULA11B-01,Student
be76349ed4ce9c3a5d0caf447f9770c3a989208970e1691b266f5b4d14183eca,526ab5d5640d16b984c8da26169cade465aece35089022b9ffa204c8518e0f4d,studenti.polito.it,-52.0,39.0,43355.0,19773,AP-AULAR3-01,Student
e81a15e922b04f1958bd905247d6101d6851eee88d2b318be353d328c852f000,3f6f1f302a14aeb7b0547fda4dfcc7fcb273e6d10b5255fa042402e91ead60a2,studenti.polito.it,-62.0,29.0,6864030.0,2120264,AP-AULA8I-02,Student
fe98e599b37ea9c7020bbbdcac160462c18fd432a0b870d1d84fe750ff15ce7c,dd6863f80cb63e7f31e5c8f16a341e57f35dd8658126269842ecc79d4de5b27f,studenti.polito.it,-67.0,25.0,91530.0,69883,AP-DISMIC04,Student
76a32471b5e9070092f5be8910f2a7998151f8919d022070ad04e10509057047,ac1ad007faf98b55345a684af51e8f8d8e464e43428341766655c923c88f483c,studenti.polito.it,-42.0,54.0,2468177.0,7509609,AP-AULA08-03,Student
840868445472504cd1f3e41dcdc80b83f8a417fe3aab3ec7e0093611904f8bff,255eca7da11f13edd14badea4dbb3da385a2a9843147707d89f84fd10e8a265e,polito.it,-66.0,29.0,32396231.0,306868297,AP-DITAG06,Staff
75e37456a8ee37783de62a90ef886d24723b82435c20a2aefd63acc38724730a,48389248a3a2140e2d8551277b37fa6d1a7873b736b6a5fa747cef0faf7229bf,studenti.polito.it,-72.0,20.0,187463340.0,10831827,AP-CIT-DET2-03,Student
67a0dfe6bad5530e22a0bdb62327e2907b193da3cd10927a469012ba95d7c04d,f1881fecd56339a5db93b3904e0bd3f0e22db28d4ff64432b23610317e0fce61,studenti.polito.it,-68.0,23.0,41702.0,37889,AP-LING-AULA300-2,Student
c2c3208f160b0adfe4d762b86137a956b34553b45685b04d8418921db62d1631,333f9645414050c8fc2336c460892b574a5ca3092f2f6cf824057ef617fa1ce7,polito.it,-51.0,43.0,3030572.0,1446137,AP-AULA15A-01,Staff
68b77bd16589e2a7a5e6bac3a15b024ed3bc3ae98f84abd07fc035c28ebe4c7d,2f534565a8243261291e2b6c1b7ec1d827f7ed2e25de6c0c020728803579c43b,studenti.polito.it,-71.0,17.0,17409536.0,1134781,AP-AULA6I-01,Student
1608f60f2f47ab575674cfd1ddf3bec1d13f238ff650191bfbe95f52452106d4,241cd2b0797db6759798b91b3e885528bef51178e3c79f64d23b2d4dbfde6dea,studenti.polito.it,-64.0,30.0,74064200.0,3651478,AP-AULA4C-01,Student
5e2c35fafec05fbe498ce089df23e4bdd0d6dac5cf3e362e5e6696ff10c3a9a8,1694313a2ed25263ca68e107b6f07c3697a9f8ceec9f36bd50e7404a9e3f97fe,studenti.polito.it,-55.0,41.0,6859235.0,564652,AP-AULA16-03,Student
da3fb84d372439379ff7a925e6b967264261a97ba066c85131980b9f09ecb187,4a626f499c0f15f23839ba90f18089d77be84c1506e6f1de23f5b42e1ceab106,studenti.polito.it,-51.0,43.0,54258.0,24416,AP-LAIB3D-03,Student
599f9ddd388e3b86c0ffa89ed66ac23f82c9b0f3af29d0a2517c0d0b87dc1189,8b443df9122bae8ebe273c15dab2984ea26fb7f55bad1d9618b8a6c3be791396,studenti.polito.it,-65.0,28.0,799308.0,851439,AP-DELET03,Student
49a9a5ed37cd60a530d0da457b4f3d8798e2708fc963cf7a172b0fc2c1b55567,b5e3c075070ad1e3c17bc622dbe618645015816dfc6f7c5735529e21132503e0,studenti.polito.it,-47.0,44.0,209042074.0,17962195,AP-AULA08-05,Student
5cfd9bff154a53f80909ca6bd93f8ac8cda7a48714739ce43784e8d566ce2dc1,f8c217f287f783eb3f189320f618437382fc4f7ddf5bc8a2934be749fd0ef226,polito.it,-55.0,39.0,38058528.0,3493963,AP-DIMEAS04,Staff
28e7ebefcd7dcfd2713adeb35e928e8fac8599aeb73df0be348e3a62646a1ae7,45309afa772789bfcafbb650409c5f08c037c595281284ee4f3bb7fbb7e920e7,unesp.br,-71.0,22.0,36086413.0,17861954,AP-DIATI1-01,External
eca8ee1fc48a931d27d233be1092f4fab296c0945756f6d3aca31f5d08e1b64e,060d2919659f1e7d4e514b3e03b01ce8ba6dc6c93fa4917ccd970b7822dac8c7,polito.it,-51.0,43.0,389962297.0,1112000940,AP-AULA4-03,Staff
35938a67c9e6820ae0dbd5ad370c9ef6ac1af5e3f8effd178988c5625be763a2,ec519c2a9da8aee961b5ff9de17e329920250cd704e78d30b73e157f95be4e2f,studenti.polito.it,-64.0,28.0,149404374.0,8027487,AP-SETTE-AULA11AM-2,Student
a601bdabd9824d175a73176c1bd67f67683308583629159dfc1254fffc436c33,f46ac7b4525e9b85286653f55fba8707d7b2f783e9d2fd46c05e26ccd22fced3,studenti.polito.it,-45.0,48.0,112660454.0,43552169,AP-AULASTUDIOR2-02,Student
aa46eaf6609488224e9f8a0409cb8116fd55b77a0179a8db2c48975795e90598,a608ff1a489d15bf8b918599e89fbb71eb3115ca4317687cec44c8a4af06c4bb,polito.it,-60.0,33.0,60578147.0,3800051,AP-DELEN-2J-07,Staff
bf54d05cf19b65af2f71401b6db544875698a2d18906d2cd899fcad51a492b76,48bf3ff0fdfc065b06f3670082dc8f36b5a8df88b55ab2a2c2e686275fa7b3eb,studenti.polito.it,-52.0,40.0,1172042.0,215988,AP-INGCINEMA-02,Student
3debc32a3f586b320bf96d41b28561807cf056492942b7f9eb30523df41701a9,f7a27bde4c22ecb4c5ffdb7b40aedcb95fab05ec4532a5c7ee2a1fb260fd234c,polito.it,-55.0,39.0,479894314.0,12950953,AP-AULASTUDIO3-3,Staff
5309107c356c82974c790ce3f825db109f7251cb9aaae8c31e4e7c834061c407,2648121bbfae12988d9411ea23e0a6022b93379b8ce489137bd9208a59697dc4,studenti.polito.it,-48.0,45.0,3928507.0,784162,AP-AULASTUDIO3-2,Student
de6623a3b9122b595f5789b211eb668b8128e4dda5a8804060835a9e1bdf06f9,7ecc119ce9157ddf546e25ed1098acef652663b6f48c0948c00fb293b5489478,studenti.polito.it,-51.0,44.0,111664620.0,15142965,AP-AULA2-04,Student
5d6e2d026a8eeb89584e1071026842b963d3ac686af997bf372fc0a837881466,c32507accb015872791d174b52c46bd310b0429bcef375d7f1b67380d3d920f9,studenti.polito.it,-55.0,27.0,8625767.0,16369521,AP-AULA10A-01,Student
e3a5bed22f33e3be71da4568b53396503e43018112278014428f146a07ad60f2,134dacec8eb77d57ea017ce743cfa2afaa6d4ef3e9e8f139d07e1fac5b3fc751,studenti.polito.it,-59.0,36.0,363270985.0,19756498,AP-LING-AULA208,Student
8c987f976b69168daad81d38067e77cca672246688f477fb4251cb0e8cf56e3a,a96ec0e46a4e62283615262570580913bc6bd8ded25f3e5118a62b657793b187,studenti.polito.it,-62.0,28.0,17085214.0,2143709,AP-DITAG08,Student
c48148d0b58cfeb50710c557b25209770cc7f50b6d4eae3c61ba130fee8122af,0466f91f5765382b9513f2d9b60d9e3b3c0029100736f719d63bc2bfd183c92b,studenti.polito.it,-43.0,47.0,5993604.0,7041092,AP-LAIB1B,Student
956c8074708ff0c882990ed74db6fef82e8d08d6bfe9025758da808c1414b64f,2288c2af7cebcfd118ad886b53411b904a86565695adff844094ca23a7c9c580,studenti.polito.it,-49.0,40.0,161425288.0,3397720,AP-AULA6C-01,Student
1950ac3c7c1109ba3809bdba6b0417194de6c6d429caab320c3bba9a6409ca83,40255376d1486a4581f747cf5d7d1580bc2dd74e843891d29e47595b2164ede3,studenti.polito.it,-41.0,54.0,2613095.0,268103,AP-LING-AULA205,Student
e5dc278e1b87a43b151bbaa05c806b99ca8a51d2286405894df70f8e6cbacb81,8e6777e675a43f2113fe82165ade8334d41519d55940829bab3e21477794c6ac,studenti.polito.it,-68.0,24.0,6428606.0,2480877,AP-AULA16-01,Student
b49941426cf56f9095e6fd5d150fbafa45f7ccb5279ed554dbdde87a91872b87,7554869c4d924496c54f9e5fb7b327b32ddb575ad292a4afb67e134cc5801184,polito.guest,-66.0,28.0,347852457.0,18254674,AP-CIT-DET4-02,Guest
ed923895d719f0ab1c59c548f7ca67b44e7194fb4f12ad35e73289ed09168108,8749111469767c2e03cfd561505d28e091b2fde9ae8ca8b2886343b27dee9758,studenti.polito.it,-50.0,45.0,310684.0,12328103,AP-AULA2-02,Student
4626a2170b2e31db4333024744fe6141eae6d6bf92688a533886d55feced8bc9,963d7c541908045b3354325568bc7baac8d7287f63d04e704f72494b28d841d5,studenti.polito.it,-55.0,36.0,1958277.0,787214,AP-VALE-BCA-ST-02,Student
b3b07aed1f611a72e715f3f75de0e32f96579924a0085ef8abca26dafa1c0453,57e9dc86904805af08b2b65eedc570ff65b4019399f14d46c27e6b245a42ec91,studenti.polito.it,-43.0,55.0,5036747.0,1672545,AP-AULA29-01,Student
7e619cf7e233ed976cc6bd53b9a450b939a90347ab62c8e0463fbde6fd1261af,ede18646e3f9447bbed7c691497e59d20fbc5957fe4bf789932a3c731bcf7884,studenti.polito.it,-40.0,52.0,3928193.0,1382285,AP-BCI-TZ-01,Student
2b9a9c396368bb4d0aa4b268842886130cb63f1eb1267f4f4f8489a9f628ac6d,7a5c1527d705101e57a51c31dd4ee4d7a14584a30b9bf0187bbbab685a18b231,polito.it,-63.0,32.0,188462259.0,3082334,AP-AREAIT-2C-XP02-02,Staff
c625abd5accd0ad36a3769d1c061c5b430453b0a97916ab33ea04eecf32e7ca7,3e16bc96051f92cacee048a3ae629885ac5b133710ab5af0be473c32ee3f7a97,polito.it,-59.0,35.0,268521.0,155172,AP-DIMAT-SALA-OSPITI,Staff
000668dbd687868ee7fa096639c1bd87dfacc0f0587f75b9ca7f580cdbbae01e,f60a9873b82796746cda627ffd4cd0fb5c5b75c7b245c5aa28ecde691aa59f2d,studenti.polito.it,-73.0,24.0,160098954.0,16261262,AP-CORTILE-06,Student
a6a958ecb82b082e776c57345cc743d95ba687c72f0ff9f18bb6921fe0657f60,23b846b845fc46e2f9c5565e755befdaa8c72dd9ca715a7af6d6faf5b2c13dbb,studenti.polito.it,-52.0,42.0,64287238.0,198738040,AP-AULA5M-01,Student
01f594868a4fa84140b285c48a8600f2433dcf4352ea618c5b15d9f2f4eeef39,ac0d88cbc4030444a9fe065d4b5d3ce21394c7212380239d23e9c850f4ca93b3,studenti.polito.it,-60.0,30.0,93117252.0,801304,AP-DISTR02,Student
08130dc8eaf760de6fa1b063be5e3cd44add3e9c3119826b5d6a4844086e54fb,d1fc803d5f8cf61d993ee8361db347c79f01ccc14d09c166359ed62823e6453a,studenti.polito.it,-54.0,41.0,1155149.0,658524,AP-AULA2-02,Student
ed4334c87d7ed6d0fe4ef73db823ac1a5e13c666bf097ba62d9a76a59ddf98c7,2d9b25b7c7da23d18dc3aa9c787ed9539552c6c2fe0d37a19b5a910c2686d446,polito.it,-82.0,10.0,19565735.0,1321417,AP-DAUIN03,Staff
d9bb92c0579495e6f2a921e2d50b6b1dda7f8376ffb4914f5d9cecb47fc819bb,5473eaecf3ad5ae58ae66b0c728baa1396df623e1e7b98cac745d676e9ac4048,studenti.polito.it,-55.0,38.0,1207488.0,343142,AP-LABDTTF,Student
167aa333a22e6b9f56d7a3a90fe5237fab09e0a3fcb21ba28ced019929d4bc00,397384b071d8afa4f3721fdd56c98c48c619a86ac5e11f1db920a342735b7cf4,chalmers.se,-77.0,16.0,841916.0,351909,AP-DENER06,External
ed79145387a5ff2c58ee2de3d091eef7997d7dab07299aa285bfb5b26a6d8e9a,ef70fba1ccc31022cfa84f65d6c05f32397ec12fc1b7e8c4616c9f155f3b666e,studenti.polito.it,-43.0,52.0,524549936.0,25442721,AP-BCI-06,Student
d9b80fef5e061b7f583e85362ed5c185be461e8438f6c8d9e21794fbd48a9996,85bac0e3ba96ff2103f2f667c1c8ced264c4d17b938fcf0c835c1e1594b8896a,studenti.polito.it,-55.0,42.0,2936108.0,1550024,AP-SETTE-AULA02AM-2,Student
cbd92c504e1b2e1d65956b1a7cf2418688f74ac22e11dee63f9a7b5dbc5c2f88,8eca0f5e1574fedad9b4921c4d6a75c8439576fd9f683467de5d378dcbbd8d69,polito.it,-65.0,28.0,5364257.0,674871,AP-DISEG02,Staff
4fb82bbc9118090fd912b1ae7a0310689cdfb40610c424e80107242351f2adbf,5ac7ea35241d633a86323637a4c1775fde809b26bba4672a10531980724b1bbb,studenti.polito.it,-55.0,42.0,72957807.0,5686278,AP-AULA08-05,Student
f068368a3610ee0b2516e4f080945cf502853de7de32c533578f70ef3fbfbcd4,2921511f2b3fdc481b7b15b58beccdeb9668b3fe8894d6aaf99aef843222e3c0,studenti.polito.it,-34.0,57.0,164117366.0,10134561,AP-BOGGIO-SALASTUDIO-0,Student
0794a6a9ee4e7fbcb606106f2098fe64bf947a46eeb7a2f4d422620d294daac6,cf4a832b8170b4687955cc61537e944e71ead813bab7422319e44e666f09d2a2,studenti.polito.it,-52.0,44.0,4362621.0,10998369,AP-AULAR4B-02,Student
b2b5f305aad1e0fe68219881e2df6a03f59b8c230490ab67348fbf5685772641,51364b9046127d4ac1f9de93d0620d4e832ab0b0f4597148204dd4fcf7458681,polito.guest,-43.0,47.0,8179723.0,4049420,AP-SETTE-AULA-CAMERANA,Guest
1ab3202037df573e413923d3c77c333618e02824f36deadc25f1999147d8523a,8f6bae67edc1883d27afa4bba108942b27a97fb42c03013287c7214ad66b025d,studenti.polito.it,-69.0,24.0,3784002.0,2734698,AP-INGCINEMA-02,Student
8dc6ebac2629831b1971e1689a402035cd3303115bd135fe666eb0d30a0f4d7c,,,,23.0,6842.0,883,AP-LADISPE-01,Unknown
a2523664b0d44908e951c6f0965e735b23bf083b4e220aa6683e1bde5183a7e7,5d071555fbe8b8aeab75d22086674528d2b93e3aed0b03c1ac311510be1d6ad2,studenti.polito.it,-43.0,53.0,24193041.0,2706110,AP-BCI-TZ-03,Student
77435a03890551ffdcac58fcb34460c552d2a30d7f2e5ef50328c5c8f0ecfa4e,b1b55f803504a6e90de08c8529e72c6feadde9293b1873a91a0e1b76ba3cdb81,studenti.polito.it,-57.0,38.0,1410070587.0,72374492,AP-GESD2-03,Student
68f3d4560cae7743dcb5797ec9b0d7c708cc44833f1c63e6b6031a980f5453eb,56fbe2724930c98874a2d684784042d068f91ab926ef1869d0e1154d78e83332,polito.it,-51.0,39.0,89800311.0,16303495,AP-AULA9S-01,Staff
7acdbe8b39e6f75da500528cedfe2625018c688650922c870183df52d7d13517,dd5c216b27c3f62a80c33183c6bf6bfc06ce14830422e1cdb62c2f87f0a4c7ec,polito.it,-57.0,32.0,57840735.0,8790367,AP-INTE02,Staff
a94ee4c70251abb1c60b7564941557779474c7de0beba70e4dc9f0b2bfeea891,bd93c8635c6b918de8da7f2083de25bff8674dd24414d6c36b31a49daa82258a,studenti.polito.it,-59.0,36.0,22224276.0,1830953,AP-AULA2M-04,Student
281eed2681d1f1c7674b83ea63de5a11370ba65b2c626488e8f26458a0280270,905ad5482850c7dab5b42d05fe4b7634b253948733dcbab9b492aa177827a4f7,studenti.polito.it,-53.0,40.0,25151619.0,3801960,AP-SETTE-LAIB1S,Student
8dcc7880e526d74844788d1533c0a46d30cc87cc1edbe3b9069b3629345c6818,4fee268f831b0975a905cf5134ed84879296e1cd3e50ed82530d4a50a616db0e,stud.ntnu.no,-50.0,40.0,29330451.0,5124677,AP-LAIB4-01,External
9e3cd4ca5c7b477b1ab2088c418be19094b56cb4a3f4d22425f3ef9a57537374,61c0250ee08903852bb7ab3a8406e4e31b757cb50b7495309990a89eadb23f8d,studenti.polito.it,-44.0,42.0,89524381.0,13910565,AP-LING-AULA300-2,Student
a4e7220b3c3872f609551f4019bb62ebde750ebfe1a84b4c3bd4fb7cd689505a,88b6ad8a1a75fe6d0b506197a40f49521f199f9a1db2553888adcdc104a23817,polito.it,-71.0,22.0,70470855.0,5282764,AP-FRONTE-AULA12,Staff
5fd291fdd681a951bd3f4ef05b608c0063b6980a997d76119606f752f27e715a,98f01f8b4e9aafbed3a318899d9ed0ae1f15dca63b75ab69da73fcb1a2b0a85f,studenti.polito.it,-45.0,50.0,1679780807.0,262149022,AP-BCI-06,Student
4fe114c889848595cc312732dd7f80716ed4a4eaaddf80ded5ecdc842d5e03c7,49a099d7608ba8fed134b94dba3a81c4b97aa5040c3814cbb2f22d00fb3c3851,studenti.polito.it,-49.0,44.0,4036808.0,2378337,AP-EXREALEMUTUA-R2A-P0,Student
ae0f8ed2bb942b135b8358a11fe5aee470dd700b40a76e9dc344366966ff174e,e3562f77147cce2d60d14cc7db7d09cf03b6e83c4ef288ba5ebbf7c3face2aa0,studenti.polito.it,-51.0,41.0,179197740.0,7044476,AP-LING-AULA301-1,Student
59264b0b61d0adb371ee44e119185a31cd0657bad95916f9feb0ab530dbdc732,23d16af78de7f27575269c39cb422f14f6a190bd2da25136d1e669647036e6fb,studenti.polito.it,-53.0,44.0,48157041.0,8462773,AP-AULA2M-02,Student
1742ed0e3313506b7e59eed5c6c8b15fb5d28fdfade81033b2abcb3c3133d8ea,e20420d865e5ff86335ad7f05e20086833d89c25be8dbc07018adf0d665c7ae9,studenti.polito.it,-58.0,33.0,1419418.0,1104745,AP-LAIB2B-01,Student
1d8dda6fb246515470624edd1f9eafc1e49b968323bdfa94a4ebeaf1ff03828b,42d374b56d32001cd3bd87aef9a1cd53f051e33eda2f4519afab027f2b98a193,studenti.polito.it,-56.0,36.0,3222028.0,16593981,AP-INGCINEMA-01,Student
29a4314732b9db142e82bc2dc1ef28e606ac3d486f8329e035343006cc237bcf,dae6f6ecd890c11ef5390416b564e748d0661a7db1e0bd691fb0b3fc6b70cf29,studenti.polito.it,-47.0,49.0,14571765.0,1823099,AP-AULA27-01,Student
2fb1ff4fdcb77def33c6b11e8b6cc8b9edd1c799e35f8df22be8470f20e81664,3eef8e22f9ce30e6cee7644badc1337385691aad46d5623a367a9e8eb906c55a,polito.it,-56.0,36.0,63084366.0,55724752,AP-LING-AULA301-2,Staff
a8e381b3b49e9c004ba14c1a36468a13645e0a7ff7864168d9a4e31c59b7a5c1,b57671836a4d35c17dcec6b47b13de8ed4e39707a09c767c66bc17e33f3f7f0f,studenti.polito.it,-64.0,28.0,487733.0,210198,AP-AULA03-01,Student
7b37b493da96c17318251bb6d7120c62a9b09b55c351a819d8cbeeb429f72425,885579232b8ed4a7744c66311ad737c88e38c6cea91f4abb16a4f14fcbe8bcb7,studenti.polito.it,-64.0,26.0,1614071.0,6627021,AP-AULA6I-01,Student
94fd971744809fc3602c703deb8690346762cbf8241851540670dee2f40a5ad8,f05c062bfc0b2ad049677d63771dd409faf834664f99ada6a6b92d9bc3fac167,studenti.polito.it,-62.0,29.0,72233754.0,4326883,AP-FRONTE-AULA12,Student
4efe909927e7bbff26264060bd6558d920834ac9c00a24a5004d3b1574f433f1,1988704519f51c1d2d5c75c039bc7bfd0c192f36b91ddc527837408e2cf97536,studenti.polito.it,-70.0,19.0,55681382.0,503348303,AP-LING-AULA300-2,Student
2f600c9b30654db88d94f08a39460acf0c866138945b3ef6a5db160193099c77,a3b5219e8ac602241160cfed2c0aea971bdd3ddea8a278a26dd5491553ef54b9,studenti.polito.it,-53.0,41.0,10123988.0,492776,AP-AULA01-04,Student
d0aebc2d33bf3085795ae238aab5b7fc03f243d5b57af55f72a719b2d5a73a8c,bc471bdf869ce132f6bbc4e52c27319a1bd9e69e944e6acc0444d970258dc928,univ-lemans.fr,-61.0,31.0,20408845.0,3191976,AP-DISPEA06,External
9e6aaaa861d818067e08b488cde19cab1d72c79431ad5f8201dadf2c9cf709a3,6776216f1a0600bd470653da4b3f16ee95bf9a8b452e1f0e8a2fe2338a314b40,studenti.polito.it,-66.0,27.0,74806142.0,4973584,AP-LAIB2B-01,Student
e02a1fecd1c3920933892142c356338ae4970756d5569fbaf04dae3795c6a390,8ade57011a9a42c3a7010af8e325befc853065ff206d302820a50b355b6435d9,studenti.polito.it,-55.0,39.0,541992.0,281306,AP-GESD2-03,Student
ec83cf331af6a267f0670474513727e3d30ed7b7b4e5016c153b2bfc7589dba4,d76502f7f1b2b8d808375db2917a03dadfa1ca4fe5e9272a8b40c961620e33fb,polito.it,-68.0,29.0,1540336.0,413862,AP-DIFIS04,Staff
409f8c45291ed6c274e746b219e9c7a2014e7db26a2a283c83a6b60535b16f5f,b019269a267e599a8ab2cbddbbbf4307ec229f9c9780cb7ecba5458ad68e4b89,studenti.polito.it,-48.0,45.0,7522435.0,15282614,AP-AULA2N-02,Student
7927d0733097157138871d812d8901e96dc7fbc0d74e2706edf9555dd828d2d6,cf344769cfbf498d048e517ef68cc9c12a0e69462ad274b5c2a78206136ba444,studenti.polito.it,-83.0,9.0,538308936.0,14687045,AP-INTE01,Student
938d51595836d93a633952be49c02b752ad2e366a413308c186a0afbb49bb3e5,60869b27626a71c51bd3ce42596d1e3865038b4f197e759bfe07171fc9239223,studenti.polito.it,-53.0,39.0,473939.0,992578,AP-SALASTUDIO4-02,Student
09bc84350ccc47c9f9448a7ee5842f7af3031a0a9b50bac0ea04b573d4bb1c7a,633896a10645c99ba2e6585aa68b653d0913e43fb095a11bf9a42091ab913a01,studenti.polito.it,-47.0,44.0,44620600.0,867271653,AP-SALASTUDIO4-02,Student
cca3525988840dfedbabae4f85df6fd5740097872d23dfc8d54b71c341342408,acaecd8bdbfa3c4576f2d81f083ab685dfa5336c143cfed734715c812d56aa8f,studenti.polito.it,-57.0,36.0,204748397.0,15923784,AP-AULA27B-04,Student
d626090c9cef922c2b550a1ddbc8b0f26a63745688043e9b732c00d9b187fd05,d7289239c412875daa882b7ae4bb2705ea6adb2d6fcb3bcf153dd66dcb78f931,studenti.polito.it,-83.0,8.0,1125529.0,629584,AP-OA,Student
c3d4e8fe3c4180012800318527b6b8c6a2687216efcd4879f8cc2d3358f805e7,a49f58d14c7548a81b565f0ed573ea37c5f8ffc178e763e98f7d6a0510efb2ec,studenti.polito.it,-69.0,25.0,1896920.0,1189431,AP-AULA10,Student
11cfe294280df6152e0c72f7d278df78ff00a68106e3661f9b2e55029f26396b,d0b1f16aade3cc455a4665ce9bfc2a14f74224d14faa87d47b0a981e2748e8d7,polito.it,-45.0,51.0,108576234.0,9815725,AP-AULA27-04,Staff
3519bab674393545c8a90f5bd91a93251066dd32ec859135b4cc5b6b04e3edcf,,,,12.0,6604.0,718,AP-LING-RECEPTION,Unknown
59dfef8a728597d177892a7409b0a2f21dc1086a5801b766cdc8ff8ec664d26a,2ce7ab7d6369c6fd71a382d87538fa7f4946a4c862281e0d5f4720a8c5243b58,studenti.polito.it,-71.0,24.0,1573898.0,485774,AP-LING-AULA201,Student
a6d5d9b9d3b00b92ae51c9b38583cbdc45faf9f8c1dc1211fc460f909f7c3be2,50f017b0adad572ac91e14c9c37cea14fba20e56a7559ac95e64aabf356d0760,studenti.polito.it,-54.0,37.0,150977596.0,12938141,AP-AULA1M-02,Student
eddb9d5610ade3ec098ef7536c00c17a2f0197e70e6cb962108949910400ff8b,,,,17.0,7049.0,1537,AP-ALESSANDRIA06,Unknown
8d42083a979e96244945912f19bfa656a1c72f22d4cfcb76780e648893d2c2b2,e9a653699268edf96efd629244d0aa6bf0c670f43ad21deaff9dc198e47115b0,studenti.polito.it,-56.0,34.0,26589665.0,3505044,AP-COV-C3B-XP03-08,Student
659c960cafd340ee529fa43e9c4d170592889c2595ab48a739fe8e9f5a5f2431,96e081c29d7ebc649c706cb8dff653d3c1e4f58ccea3ce3da91908f324bb82ff,studenti.polito.it,-47.0,27.0,140706479.0,8717870,AP-LING-AULA208,Student
b40d281f3065f2589189f4a276973a50880dab878c267a3e5df2e50134ef3000,967f8f2f98dac14000dd63e5b40afdff4c9070b5c83b080f52b0eaa3b634f8c1,polito.it,-63.0,26.0,4408851716.0,1900975341,AP-CIT-DAUIN2-02,Staff
ba2a4e1238906c595602ea3e09470782653855d22991048fd2f75abc2ed2e204,a019df23f5505cdc771066070b380ad3a7179aacbe34e88dec005716fad20a75,studenti.polito.it,-58.0,32.0,12187360.0,3183385,AP-LAIB3D-02,Student
f88b436ed0f47e9b1db264288fbace1775fb715a4884cb812059836f2c3dca5d,8cd766dc2bc3aab9c1c6b2a93c3250c199c0a1a4c3fd9e91e2bb54273a13e857,polito.it,-52.0,40.0,289095931.0,75240521,AP-VALE-CHEVA04,Staff
7ae358960427e368043164b8eea1816904fc0cd38d248a2e4815bf9e242559df,f21ef3ac266e08171d8969e85d1a9a646595a6771290cfccdc73d730d5daa916,polito.it,-63.0,30.0,437650359.0,3346105192,AP-CIT-DET1-01,Staff
e6a3d8e0000280726786d5914eb82a7e3d5d470690158ddede1010087c6a32ef,46174ac64c6f02e69e805eff6ade6c6b188beaa8c9c5552eb733d9af7f120c87,studenti.polito.it,-53.0,42.0,784313357.0,6679052,AP-AULAR4-02,Student
a4ad36d24a7e0ed33cf43b75f6e29e7c21371dd2b62a2a59dd5502c576d2f9ba,82f7661d8ba6c60d5a634a4d4506c62ae50c3faddf76592bb0d6c1987dd458d8,studenti.polito.it,-37.0,55.0,20979415.0,8325786,AP-LAIB3D-02,Student
fb1842a808971cf4225720dd80dd1577a20078239a78ed997badc92b92b412ae,66fef76af4c00e5fd30effc1067123697e583082f72d1aff2a562dcc0077c203,studenti.polito.it,-45.0,47.0,33633767.0,7092918,AP-AULA27-02,Student
e085b380a4892cfef57a411e342c63e89b3eb883f8279e96aa5d4d8c0b0df610,1dc00fcfbe1428822cae461c87db77e77647743f466c8d72d42af2d56ed54256,studenti.polito.it,-55.0,38.0,10564373.0,3504047,AP-INGCINEMA-01,Student
2748d3287142c33eb2b03b8d9f9e4f83009ca4e372b1c860ea10398a6b7d05ed,7f091723a5dc36dea5dacd7a15c37c3bb11c714d2ab83d079e7f2c3b802cdde1,studenti.polito.it,-55.0,37.0,226807419.0,47199227,AP-VALE-AULA5V-01,Student
e5d09118dffd3fea133c0ccd3df27cc94d5d0e2366f7f3cd931caf2fe7631aef,9f0c14c52b2d14c688f31e77ffc6902c7caa7e457cfb37ddc7d5f5ea86114dea,studenti.polito.it,-63.0,32.0,1848281867.0,51207306,AP-AULAR2-02,Student
a175ac94d25312368a5eeb85faf519fe0de1b279ae6a6ad60f31eb5237a93378,6874c266760338bf2ad8b5f7ed6deb34a7a80f46e85984b3747c46b4ac0ca3de,studenti.polito.it,-60.0,34.0,5549728.0,4284433,AP-AULA10D-03,Student
1dccc3e78a40da18a751cb7df60b651ade7e22718bbbc47e87016ce36eb56e6e,b008d77ae0ed19972999c879a67febc3190670a767a55481a9c106e642950676,studenti.polito.it,-59.0,35.0,25317066.0,5037395,AP-INGCINEMA-02,Student
5a2f95bd7afb7e57fbcd8100ea45bad9b0d498d2eb2b458c6ab9e48c26897fab,cd506c95a687128cf456de6ebb1a57375227b8563024bb93650014731561adc6,polito.it,-80.0,10.0,95720859.0,30664911,AP-DISTR02,Staff
1550371b82805773101bbff5e32d953bf709280681cf35815581ae1c82a829dc,b1431ecbb14888c0184adeefa95023c990a29886c50101a98e5928de7b786285,studenti.polito.it,-57.0,36.0,123485305.0,7873089,AP-BCI-TZ-01,Student
5b63873c54f8ca69f444ff3e6a49f4af828d678127499d6f9136618dc8c0de41,8ebdcbc7463c102520d347129ac5941f2b21332d02c6d83eabf25add10a2376d,studenti.polito.it,-49.0,46.0,925149986.0,26232180,AP-AULA29-05-OFF,Student
2c637d23c7152370f5e15a50a099afd4c94e529ffb621056135380084427da03,11ec726ad65ec5828a00d41572e79cfb415314394fa224d66c307719aa199cbb,studenti.polito.it,-57.0,35.0,23606655.0,3469064,AP-LAIB3D-02,Student
f1c46c1294868fed6dcc656077ac5e37fb93bcbe655a913c70743e34068a777f,c982a51a95b3d17904c1979e3f95a667de1d0668539cdde8a8991709ada45fa1,studenti.polito.it,-76.0,17.0,1100514007.0,904789913,AP-AULA6VM-01,Student
ed6b3e2cbed7c899f5b183bccfffe3c7781a34da7abd8fdddff81662080113b3,d733b24be77e56d587b90a33d1673126f7a71c92a7c9011e3c91edc274060501,polito.it,-60.0,27.0,111907378.0,37906675,AP-CORPOZ-14,Staff
e9b9692258071901a7033dc73aec4d21e66a3d7738d5a79df2d835b106806bb6,264c820b91bce5f53c86487815201e369c0c0bca21c0d6722d8b976721b87b66,studenti.polito.it,-49.0,43.0,17814923.0,11279938,AP-DIMAT06,Student
9bb623c4c1ac6c2ed3275c146cc926b5703ef74e43674a26f9e096698a24cc99,1c40d6084f1a2058d881308d9bf4be1dcd56748f3130417bacfce2b9e18761d4,polito.it,-53.0,40.0,4147329.0,888273,AP-AULA15A-01,Staff
9aac7e50f2ba44688180192362ae96de2f415c45d06137a253bc7c87a9ba1d80,60420215b7e4822aa53450b7d084800d9b6285b3b4125b12a1d5b74a9a95892b,studenti.polito.it,-50.0,43.0,22263107.0,20115974,AP-VALE-AULA9V-01,Student
66f9f61854def277b0bbfc290a5991f0fdfeb3a83520749cec922193aefa973f,000e64170b78789ac0ef40e3b6864340ba41109b735bd8704a7adf2bd33eaa6b,studenti.polito.it,-58.0,34.0,186217098.0,6070473,AP-AULA3I-02,Student
825adfba27d6636b8115410bcfaa215436e378c81872b7658b146c473b9431da,57e9dc86904805af08b2b65eedc570ff65b4019399f14d46c27e6b245a42ec91,studenti.polito.it,-50.0,41.0,3752948518.0,77338736,AP-AULA29-04,Student
8d33cb6fe31c79c529d1ea3076eea38a93703a22af6147340eb52976ecfa4325,47ebf8fa8f16352eaea5eea7252e6cb30a425512683740f6291b859fd76c6be3,studenti.polito.it,-47.0,43.0,512188952.0,34758549,AP-AULA9S-01,Student
303633a5edf00d0de9acb23a88ea1f41bd892c30f3af58de01051a496a7d1500,91134ab6990daf8e478e1a182169802a05d16655b3a2cedfd8a24f8be2b66bc0,studenti.polito.it,-76.0,15.0,22920.0,6299,AP-AULA8C-01,Student
99bcb1723dc8a27b48bf2a188227a5e9e154bb6bf208266b1f9256551bdf93d9,46130a0bf609d4025d7091982a7277f1b5513a780082b515e61c58d5590b234e,kth.se,-62.0,22.0,400410214.0,17465659,AP-DENER-ANECOICA,External
1614c8d82029b6d3762166c659127faec7c31d199ee0ccd56b0c3d1b9cfa0e3f,daa185888e9bb9f8652f293e5cbff1da3a26831692147329709a892af31d1d48,studenti.polito.it,-57.0,38.0,95538883.0,4373281,AP-LING-AULA206,Student
3203968a97ccd2aa504fcb86d26f0058cbaedcc660af68f08e01ca9d195d4e26,8b4f9c174760b228450d68c425170d13fb813de2d8775cea2cc088f731c290b6,studenti.polito.it,-61.0,33.0,202594256.0,6052006,AP-AULA10I-01,Student
002e1b79bad2bb3e9246c7dfd65c96b8a18c17ee564b56d367fed8c1bf784d9b,de5ded7c04a6d829064f2c5ba3c3148c120f8a093efe2a3bade6eb381d825287,studenti.polito.it,-41.0,40.0,76790923.0,6276020,AP-AULA15-01,Student
155df2cc9a4c1b3925b55f411370e043510ea0a18437b3f99adcb20ec3b0385f,b1da7e8e4cb58ba28858a174c03138d62abbcaf72da69f56bb5894d1e23ff6c6,studenti.polito.it,-55.0,37.0,124050.0,124144,AP-CIT-LABINF-01,Student
b05cff21bb1d1a1e93793e07da1c77b412cfeb236e57258bdc20cacd81ea9f3e,,,,12.0,13801.0,7328,AP-AULA25-TM-01,Unknown
583fcb39cf0de33c76299fd3a4ae661d6ecb34b00aeda1af99d7fbbc525fbf6a,aacc34217f2b9d1210d649a803021e878a20995efdd96bee941479182fd582dc,studenti.polito.it,-63.0,29.0,163236308.0,37992613,AP-AULA23-TM-01,Student
023d8aecb85b66cc82a86fc53320cc4485ebbe272cadfa502c1e00cc7e24422b,1dbee7a23294379db9a663b3b5448f80ef3c07b4eff279f88f0770c6b787a59f,studenti.polito.it,-59.0,34.0,26940658.0,3894205,AP-GESD2-05,Student
c1bbb7a53f89c75bcba999c55772c4cfac93d25fc0deba8c57ff84309e1e9e67,8628cbcac048508f6e5679b2e220f048e259e72df9fe123454c5ba4c5f733061,studenti.polito.it,-48.0,39.0,237941195.0,15974030,AP-COV-C3B-XP03-16,Student
4a2c2f25b1f3390b64b0c18bc7ff075ab64d3a181e50489bf8edeff823a473e4,4c05416260f731eb12c14fa2ec7825b067a26f85fc781bd0c31e60532e183363,studenti.polito.it,-54.0,38.0,4108626.0,1012507,AP-AULA11B-01,Student
811d9a4e4621c47339aacdcd0869afa3eb28845bdd61351a56ff691c26ff47a2,b9f4e13d83578a7d971e2d742060251a714a75364198a6df8852fcc989033aea,studenti.polito.it,-44.0,47.0,190329717.0,4795039,AP-BCI-08,Student
2cbb5cb24b6dbd1183c663450e7addaf74cd2f0228d2f571682c4146e1e5f64f,d12f8122e4dfc85673eb00d5065814bba8717d1304154b9a825b05a57968ec53,studenti.polito.it,-54.0,40.0,5360361.0,0,AP-AULA1T-01,Student
1c5f0d93e9705fd1ea056f62f20c9f86cb79bdc3a052820a1d82b8e066426236,1a96dc7b56795351dbd7e34028c52d1391ce996af2928e44f6842414d82cd226,studenti.polito.it,-62.0,31.0,5946073.0,2049282,AP-AULA3I-02,Student
b3977d394a97c272f02fde85dc63aa9f130a905d082abe2839839774144f90ac,638edd2555e63a1155903f09434df6de9fcf233bc0b466cda77042dd1639fc7c,studenti.polito.it,-47.0,47.0,230491552.0,22726826,AP-SPECIAL-NEEDS-02,Student
a49263fcafda85661498ea21ab453d9979001b33733db28439a7c5dfc3adc194,d37bdcc890560524f4d88816e848c4bb860b52566a92f659ca09306f4e945f5c,studenti.polito.it,-50.0,47.0,92456628.0,12007647,AP-AULA2I-01,Student
4fdd98336bd6edaba7a5adbe1fcb5136d1c7d5dc76846d5c30543a32630e5ae6,5402a28f26701d8ee0b2298b0d1c64b851558ca1ac3d54ecace103a487b4e8c5,polito.it,-48.0,46.0,865429954.0,309619169,AP-LAIB2,Staff
0e5c9219502595131643d50c4cd637a4e63070bb886b07fe7a41ede1fa946aaf,c9803d434332068bec38564d283b7911940c52675b021841aaf96d7628e39827,studenti.polito.it,-66.0,25.0,117584321.0,28367924,AP-VALE-BCA-02,Student
f648210c5c674d3c1ca8df16f49a3baa1b1a5d149bdf8328d53ae83deb1202c1,5205e400409c688d6287aec7701154ec728415f7ae275ea9c1846f87ecd12d05,polito.it,-60.0,32.0,378985930.0,122771097,AP-AULA5B-02,Staff
21373806fd5eda4d63090b942ddbb79cf69cccb2794d22292b389441932fd5e0,cd17972c0d0bb3148e8d498c18a941d43443a2d38d945dc10931f7f47c771b39,studenti.polito.it,-54.0,40.0,88749500.0,1910551190,AP-SETTE-SALASTUDIOA,Student
65ba19ea540ccccc830e9a6b5dae2862cefad9bd350b432ed5eb09571075d771,34af3e8ac4df5b2ded9d798fa75a47e25b43d070eecbe5e93a6843c609930551,polito.it,-69.0,19.0,875964339.0,159501727,AP-CIT-DAUIN3-07,Staff
7ca2970da12f4ca430b12519f7aba3da6df627736c64e48d46508d54e2981950,09105de6cf67485df9a6029524e053d3f4b9c02b195fc78d8c4e8107cad0a455,studenti.polito.it,-58.0,35.0,874049952.0,35011364,AP-SETTE-AULA14AM,Student
64a6993045564db6996a42208dc34d738da16a6ab32dd97df8935d776b482755,5e97c18725dd22d2fab5a283c1a48d03541dd30fe5e7a8c3512c7d1be249419a,studenti.polito.it,-52.0,41.0,418325752.0,91366537,AP-SETTE-AULA14AM,Student
926e691e57532dc9e6fda83b6dae56cc5f2e552ed86b8e9e884338917b9da258,,,,6.0,209886.0,20315,AP-AULA2I-02,Unknown
1d1f4ec06d295c83b04d6bb69f567b3fd178a336f1d5bb262778108cf40994e1,caf9ba0c0af1ef62fdde7d7f2283d1d9e8fb291fa358fc1c3bb2164bacc05ed9,polito.it,-66.0,26.0,9681741.0,3621984,AP-ALESSANDRIA06,Staff
a8cbda0b1dda71c15596b3127ed6203a208d1e55ce73668d1097b512f5180337,,,,17.0,9586.0,896,AP-DISMIC03,Unknown
2b09f6264f3e7e8622de22ecdcc6164d0a8816420b1c8f4a5c8fab3fb28ce77f,1e54b402e7226aa80b1898bc5d5afb150e03926d88556c3e9afce8f0591dc7ae,grenoble-inp.fr,-59.0,34.0,65135331.0,16923863,AP-MIXTO-01,External
0281685ebfc625a0d95dbbbbfac1253690062afb7df67d3608c7614b12db3d32,62bbe83713d37fc163581d8d31e74a933f9af26c53f176247d92236ad1e789dd,studenti.polito.it,-57.0,35.0,215366366.0,87702780,AP-GESD2-05,Student
63eb5cc5b4f6902b32eda151ab4e5f1c0f98c6c0d6eb4a4bbe57002cd5f83586,36c84e9ddc5c4141a63aab17456f3c21cc5c2e5dee3a7c5c537809d145d8b5e9,studenti.polito.it,-55.0,39.0,787794965.0,344960246,AP-VALE-CHEVA04,Student
6f25b2cec9c6e6469c641eccc9d50402a6c6f1fd298bbd4a764a7a38e5527646,217e8c2a03a45d77edb006577f9c06ba87d2e2e059b920eaeaf3673e06201b5e,studenti.polito.it,-43.0,50.0,1829457234.0,40685022,AP-GESD2-04,Student
7655cadab1181c64951e67e698356f144e2e119bb9b235926316de094e05ad36,f24f6de0ea966cf5f56efa453d6e05553eb8817228095218ccad3c110f279538,polito.it,-64.0,31.0,120729847.0,17991131,AP-BCI-06,Staff
df62656bc644d84d40ffff3f998b58cacf96f38759bdbf5598ed573deaa0f2b0,a49f58d14c7548a81b565f0ed573ea37c5f8ffc178e763e98f7d6a0510efb2ec,studenti.polito.it,-66.0,28.0,83433085.0,16275771,AP-AULA10,Student
14db734766aeacf3721d51c7b26eaf79121d551fb753d309781db990e04ecdf0,e8aec91941eec7aa21aaf50c94ec8a293a866733ae6198c45b99bdda11a976d5,studenti.polito.it,-48.0,48.0,147798210.0,60221086,AP-INGCINEMA-03,Student
218c528e3d8ec5b5499a4a55e6119bf8c3ce42ebbc1b082a9fdf236c43392f78,2116aa73f980ee603bca5596d30cdece768a478fdf9bd5d9982357c90b6cb773,studenti.polito.it,-52.0,43.0,50897126.0,4180609,AP-AULAR4-04,Student
89a7e7b8e14aba03b44dc52b9339246a6963e023620eaecc71fcaaf14527604c,6d5e01178e4b3b1d34af47737839e10874ad5cace3c70b56dc6d3b595315def6,studenti.polito.it,-36.0,51.0,21174836.0,4094981,AP-LAIB1B,Student
8b1e98384cbceeb5e5fb1f856943426fe3112c8b5bedac0207f29b3867f07ae3,f94c34d0567b69b6f267cf8568ff71892cd9f977bd31b2b4897e43d0965e1ef8,studenti.polito.it,-65.0,27.0,131024184.0,3490212,AP-INGCINEMA-03,Student
088761fa96130dd4cd3ebb122f6826c0bfa01977746b9b74b8daad226c0c3123,caeae2723b8a440ca6305fab58539b0f2ad26f9bcdfe93bc8c3f14eab0134168,studenti.polito.it,-56.0,41.0,9172703.0,981907,AP-BCI-ST-10,Student
cc895e48448e60d906a98893ac1e2a1886970b1124b1eb72e229f282056cc8a4,36683bd77174e051f167171469009a9c44965e0710a4eb083088b725ef09c0f1,studenti.polito.it,-40.0,48.0,31791820.0,5072777,AP-EXREALEMUTUA-R2A-P0,Student
3628094857c1b56559ff34e2263089e6bc07b5dbd9d94718d49b2a73adb8ecf4,41147f90a2d3fb270b71b2bccbbddc8ea358f4f03cb5ec6e4f98e640d55a6cbf,studenti.polito.it,-62.0,33.0,100113376.0,5954383,AP-LING-AULA206,Student
db33ef57bbf78c9df144c6d1564609689fbd5d3a70db878db551a08d8d1076b1,718754f8deeaf1c3ccff19fcb898692ef40677d6376b7f9e4e36dd5079340db5,studenti.polito.it,-50.0,43.0,46237865.0,9200733,AP-BCI-TZ-01,Student
ee155a763276a97317b9e8755628eaca3f289694b37ceb13ccffdcf7b3b35ba8,768cb44b76407151719ab560c83ceb511aedfd4d11af513283f37aab5ab3f687,studenti.polito.it,-49.0,45.0,484234.0,377632,AP-AULA7T-01,Student
99ce64d98ae18185c9169aaea8c62246b28e51b8d4edd5d385a084a0c7f11339,df7f8b43fb4e48b5ea7bdf218e8f65274c1b047fbe21d95f3c54bd75ce743d6f,studenti.polito.it,-55.0,35.0,12468021.0,26606434,AP-AULA5I-03,Student
e7097c3a87a41ed53fac2be5f8b115b38297c289ad6e565751e43190b0cffde4,f35f27bc786a30fada2e7a7f223ad259c12790263c95e48e15a589ba35f7acc2,studenti.polito.it,-52.0,43.0,91581696.0,9882251,AP-AULA4-02,Student
f91e83710a5874a424defb8f80cefb388fd77d223c1ad7eaa3b2cedabfadda53,d9fc5d284670b2312242b99d81dba4cf3a1d549eb7c063f6e074cc8acb2be697,studenti.polito.it,-52.0,43.0,1227980.0,646570,AP-BCI-ST-10,Student
8b7853c620c80361ab960344cab7dd5c97e659628a74c233d2b1263ce7469e2b,700cb4aff10df74839def03b40e65f9da952d6e5e48c49c4d86e2dcdab294a40,studenti.polito.it,-53.0,41.0,1720564.0,446056,AP-AULA5M-01,Student
db7ca8ddee90860ebac088144ee14f52c586e65929d672af2f8fe471b5477db5,f6e0293194a6bb23ff269370b13d172baf7e1dddc345ea9cf422e1f89bb7009d,polito.it,-59.0,36.0,253477727.0,17400922,AP-AULA2-01,Staff
f8020d27725984d1f71135363dbc60851792362c9566315146802760cc0db201,7cbe1a33742d2313f2ee4c3695d49aa34f0ce0a033dac8f0e8b8cb8768504413,studenti.polito.it,-85.0,7.0,34248483.0,2238056,AP-LING-AULA308,Student
81c250474da9c467a637ff03713e6592000efd8ca32ff13e8f1a341fb5a6d3fd,dee5c74a1e736a60c4a8a452ad61bfbfc14d5ed6b3e0eb0e04f3650c4285b34a,studenti.polito.it,-49.0,46.0,10420329.0,1976511,AP-AULA01-02,Student
5f2d4ddfac1cd37da4782e6b1570ef0e60a12b26d99208f49a7ee93786fe93b1,36b8be77b893843d0c51e81b69e16fb6d198f26acfcdb2fafdd260ec77d9b6a2,studenti.polito.it,-56.0,40.0,416162354.0,10428198,AP-AULA03-02,Student
adc3e992593828d1db71b3b648dd21f3bbf36be8a5abd455d81289201c2df678,645932c1619c365d4c868b8af67820fcbebebcfcf6dee0f78c4f355ddca7baf1,studenti.polito.it,-67.0,27.0,5096620.0,1199982,AP-AULA10,Student
e0879fbf8da86d3ed9d2414035e8546b81002e601f5bb68f4aee2d373600cf55,1a2018a0fe39c03368a95e8feb1c6a1f319d7e34b638abcfe6cbce81336d113f,studenti.polito.it,-47.0,49.0,525983788.0,15136522,AP-BCI-ST-08,Student
88b76c3dfae47d642404308877f89e6f297a5e46abfad51733f3bbb6096d4d8b,223abfe950e5f7410f115d41699fb34beb56f786765609eaef9c75dc364d5a2f,studenti.polito.it,-69.0,25.0,807489.0,132748,AP-LING-AULA203,Student
ea8adb09f15fb3375234c88609b4ae2857c0c17abfce249413d8e17e53aecb00,93893f2d972cd3719aaeae0609a45ac919ea9ca40c2bb2d53a9714792e517a65,studenti.polito.it,-49.0,42.0,22604553.0,1894238,AP-BCI-TZ-01,Student
8993901744376dd941203f2c29fa5204d58c31ae06bf761d06d3aba99953ac65,64316fa78266dd2d78666cee891ec58237dd2d0407cebb56484d79b082bb7d7e,polito.it,-69.0,19.0,92780.0,44358,AP-COV-C3B-XP03-08,Staff
2b94b0804e35976392ce3a2bdb05d4fcdd7033a3f2062cb5976185b447a3a407,e9d0790fbf268958b70cf397c5e82b5251c8fd26d73b2ed0a6b3139b0fd57640,polito.it,-61.0,32.0,340611957.0,14699309,AP-CIT-DET3-02,Staff
ba7587c55e4568872c2fdd45e29a15a843230e07e6180c0a4b979b53f5d68f46,7dbaba5a90fb47ad97f41055d87eb7e603076d4d70ae4ebae733a762ea208a30,polito.it,-65.0,25.0,332547.0,152003,AP-DELET01,Staff
1e3266e17cb431a7e87356c38c8411dbebcf53f8502e7d3bc871ae83c3a571be,fb5873a57a51f214201e84bc87a055958b3248e0b41b92e621b054f58d6fdeb9,studenti.polito.it,-60.0,34.0,77640837.0,1133930,AP-AULA3I-01,Student
ccfe98ab4bc88b974fb607046576aba4c0500f87655b66899d2fa5867acd84ba,1d5f638e6ce73b2d344b8a0abc7be11d964e02ce23672b884899ae2a9e70501a,studenti.polito.it,-51.0,40.0,68383492.0,9552077,AP-GESD2-05,Student
80bf1ca1e32b461084cfbf51896884e4b9a6f3e4b7862c5855114b4bfa887ada,4df197f32f62ea4bdf1bd358ffccf30d6a5a54125aa9e3bc8e97f9cbb092402b,studenti.polito.it,-65.0,28.0,10441496.0,1436430,AP-CIT-DET2-02,Student
ff1308818b3cb359a30b38bc3f10399c6a3f41c23dbb4b2f861bfb4f3d5626bd,fa090a69b4e4f26df3518c159418f7e9473f1f30562dc0f3c49ffc2895d2ab3f,studenti.polito.it,-69.0,27.0,76528734.0,2191028,AP-AULA05-03,Student
95aee8599971edc37627927970b31caccc4742c6b2e5b7ff839e064ee5e62bc6,ccf44eec2e2ffa68d1f261212884dd5c9cd51bbde022dc12919414656579a18f,studenti.polito.it,-52.0,45.0,50416152.0,6806441,AP-AULA08-05,Student
64aad6296e88b732941463f1ca27808c2f1e387e91357d46d2cecd13ac0bca32,e64ffe66d2346f532e022748502a9453391875958048f7860115abc27ef6ffc2,studenti.polito.it,-56.0,37.0,668730653.0,23682117,AP-AULA4C-01,Student
1046e3beef2dcfbd76b9e79d3468ef7720f5192630c8348b2ebb16ad407d8054,09e1155eac7b514b093f469f28dd5dc4eceb8769331e243a57b116a215d50980,studenti.polito.it,-60.0,30.0,980747.0,329807,AP-CIT-LABINF-01,Student
cb49f5be02be1772f58015755095261720f68fb466eb53fdebd36417b4cf49f0,b4476635269542d1372608b4aaebc7658fb73411a1cf07f88af01ca2461a76b6,studenti.polito.it,-54.0,34.0,714648.0,469458,AP-CORRIDOIOAULER-08,Student
e1283c88e1e013ec0ef96b4ab1152387c790a619f11568545578a240b0830b65,47d36bb71bdb78abd07ce50f452c8e1a30366c2c3d323cc68bfdd4fc5ab09844,polito.it,-43.0,48.0,680679.0,527088,AP-LAB-ANGLESIO-01,Staff
e993af5b68585db50006271fead8833e168f48a09104f8d182d25d789dd6b752,c5df071d1aab2d04005d14585cc00ba23d0e4385de12612f6d0be2ff14d1d3bd,studenti.polito.it,-49.0,41.0,12095.0,7939,AP-INGCINEMA-02,Student
06c6132cc45fc947533fe80aeb0b1f47a46ec013082aca37c33d5b0baa567f0f,7f208e5e09ab96ee911f769aa8a0b2c5f2885e31d1793cfb05361f6c723bb51f,studenti.polito.it,-52.0,39.0,18491223.0,2216740,AP-VALE-BCA-ST-01,Student
9ea47e20bdd4a009c63bb7dbe2f36e1fb1260d80e8770eb0b991cb3ce015f17c,99e07b8d9633302dd28cd27be297a63b56163a5a26c511916863d4491176dc9e,studenti.polito.it,-48.0,45.0,4481900386.0,65512229,AP-EXREALEMUTUA-R2A-P0,Student
a388d5114d2fff2b817d2d84e8cfba8ad647a90b283219e59d60e16ddf71884c,,,,49.0,20201.0,4803,AP-AULA27B-02,Unknown
13cf0d717d9dacaca79f8bfd29e01aa1b867e54b4deb457e619b2c90851c05d2,f34b65e2be2ac5c56271d9508eaba33bdd7f15fb6335c5d131bb8f8286c0d392,studenti.polito.it,-68.0,26.0,14509475.0,24855448,AP-AULA8C-01,Student
2b5f096c5f953034c843ee45e62b5e329aa98d6323fbccbaf67d4155f6a28685,ce69cf04f5ac840a48121311d60fdfb59eb91610f4a90b54a95d7a482d4d74fc,studenti.polito.it,-50.0,43.0,380341.0,307433,AP-AULA4C-01,Student
8343fcd0ae591dc0488f3807e20ea45d65a5c4df89c3dca58254babd7d55c701,80ff68c30adf3f9a16e66a5c88cb14f4679a61a67ce369cedeea9b2b01e83aca,studenti.polito.it,-51.0,44.0,27941048.0,6931230,AP-AULA4-04,Student
8820cde642dd169bb9daf371a9688f2d6fa3b14884f4ffccc3c338b276f200ae,56f0c005053eaff1e14389958c4c70a1c7a33cae9079fd7d56f7adc59e66b49e,studenti.polito.it,-79.0,13.0,3439154.0,1288479,AP-EXPO-107,Student
65efdebca249c31d2bc29923490203d4733fd2e8b8125014da63c442915ce081,8a0af9be9043a68605df74642f50dff068eb78c62106ee24d90e6e16881d3867,studenti.polito.it,-46.0,46.0,422071.0,268527,AP-INGCINEMA-02,Student
3f0515c4fbe2ec63298b0a6faa6c07b706fef05e0ad0f8aa380c125d03532b5e,25c8b300714f3a64249242bafe2b3e36dac2b832472cc981661254c1478ea0bc,studenti.polito.it,-51.0,38.0,1568112.0,3567416,AP-CIT-LABINF-01,Student
c09ac577aa3e4cac23e01e71a53d8162ee96415f451b92a40dc28cf475364b48,a3970f9577486ca2b306d8f110831ba265a20b7f21fd32a47e3eba2c5a56b7d7,studenti.polito.it,-61.0,33.0,115804230.0,6775380,AP-AULAR1-04,Student
3209b69ce6d3b0eef5a2cd1fe82513da758006a820c258b8398273d19bef0e9a,f5b9978b612aa911d44fc8c7b5d0e01ff565fd388dfc5428fb4328742dd7e023,studenti.polito.it,-79.0,9.0,8679614.0,2644195,AP-CIT-DAUIN2-02,Student
002eacedba59ebbaa6d35ee6743350042a970607914ec4519562812f593050e8,81ece1f15dd08fc57bf2346e55aa5361ea00926229825791d3bb21a7595b2ef7,studenti.polito.it,-56.0,37.0,4941836.0,2069089,AP-INGCINEMA-02,Student
feb3022a66ab35b527bddbf72111a7bc96e9173c4939a09e53cc6c05b8fa9cbe,bde9a178c2a64a58698d98db0f85898085b4c63982aee1b07c20d80dce58fc08,edu.unito.it,-63.0,34.0,598688768.0,37334871,AP-BCI-07,External
34c96c013f5e482d144df02c1518a069689f7f02ac65375ad042262dd1188940,2d7cda1729a1a8a22c20b1b803dcf25ba9d4d098a6b2496e589a6bdf2baeb90f,studenti.polito.it,-56.0,39.0,380212406.0,83969786,AP-AULA11-03,Student
1eb0a481d994b6e7ebd4b69cd85baffb64f6f0b326d5351c81400fa666987963,240e489bbebaa1037aa6e9753157f9c123f18b2dd0848095059e98d11ae176fd,studenti.polito.it,-55.0,42.0,52011699.0,11322248,AP-AULA27B-03,Student
38d4ee3ea5c85ecbf05a4ce51f709f9bc8bb9b980a6d6c12a9bfe993d60e37b9,fa9eee3840dbdfcf0f7b8ab2d06fa52c6cb24a3ce7ff6ee5bb39d022f47fe776,polito.guest,-50.0,39.0,62822938.0,1045058,AP-SETTE-AULA-CAMERANA,Guest
a6df17f52fe9a8bed11c96368cdb266d7888e6e9e88ede71d191cf032bbcae08,1e110998bb35c622939b06df5c1712f66f87c2e48fdce8a8c5c9093defc6fb2a,studenti.polito.it,-40.0,49.0,4831221.0,569956,AP-AULASTUDIOR1-02,Student
d55656e18b10e355789673dcb5fe85ac63d03c0b398ff1c996b87885904b5599,058718c90becc553c736a917420a26cffaf86dd63662561d052e08e900a8d6e1,studenti.polito.it,-47.0,41.0,145625.0,57054,AP-LAIB1B,Student
e2bc135e19c47a8f72eb173829f948e32d70d60219b6ea063e6f33b884a5dbc7,e0833f481053a899f5f23db8089716abd5a3dafc50cc0c92ffd4562ab3c96830,studenti.polito.it,-54.0,35.0,71230.0,20102,AP-INGCINEMA-01,Student
804c9173b760fd0a23d606fe7b4c93b06a69f3fc5359e0eb223d92487f743350,2e65cd4a192bde8f3c2b378ec6f31bcaefbdf7b875c0b7172e574d39bce9bcfb,studenti.polito.it,-57.0,38.0,9297792.0,1569314,AP-AULA8N-01,Student
f6b604c17fef431614a4bb5ce598fc5d1884adda3fed6c4ea6c84a6cb0e51991,df05711783fe5ad3342653f4fa07f30ef04c55fab6965719cee168631808fe53,studenti.polito.it,-53.0,42.0,5718695.0,1337397,AP-BCI-06,Student
a776d9c7ff2e461885dd5ed4573a286f02c6d4910d6f10f4c4b3c68004a04c3b,36c84e9ddc5c4141a63aab17456f3c21cc5c2e5dee3a7c5c537809d145d8b5e9,studenti.polito.it,-64.0,29.0,803198.0,511151,AP-VALE-CHEVA04,Student
1b3d5b27e349a2f2c029e86db485676ecae2cfea60e9dcbc4b9a4f8f10632e91,9914b8512cd5d17b4b2fa324ff376ec002eb17b4dcb13e24478553340aba30dd,studenti.polito.it,-40.0,56.0,671987527.0,85650846,AP-AULA27B-04,Student
4332ef3c95dd146e7002ae19a6524e7d91994b073f861ef7b3581188ff27b786,7ebbdaca71b91933ce4f3b8d1b36c1e3578547a5efd19c8adf0104c8c1c019ec,studenti.polito.it,-58.0,26.0,62215.0,26490,AP-AMM-1N-XP01-03,Student
ecb1c53572fba4ebda2964bc9bd237f5891baacbfd31fd9ac3a710d51b930dae,4537cbff178ce3e6f4870296d7ba16fde8701ac4ab4b9aa6c52510a76ba15b3b,studenti.polito.it,-65.0,28.0,3092456.0,931482,AP-LING-AULA207,Student
72017891348d1303ef4808204ab4c570b68805f712392a0da72cdc32de4c4f09,0f13d45b0fb5238362885e0fd29011bb77e538253989d0baf3fce2f7a3005189,polito.it,-65.0,30.0,19326704.0,3337295,AP-DENER01,Staff
5f7613c357ad7ffa47f8a16cffab25773e6ccbdf7124b8d8476a45dd7551b51e,d85800559700e494068e8c3e3ee7dfa0445c2ba0de45553895d2432b6c57ba66,studenti.polito.it,-61.0,35.0,2212925.0,1122784,AP-AULA01-01,Student
f8661a383cfca8970c46b659ea4ebda1d8f15e190ca190e465452b377dc52844,6664ee1799472ad7717764bf89a56ea574fac406595c1136e1df50af3bb4fb7e,studenti.polito.it,-62.0,31.0,138760490.0,7928857,AP-CIT-DET2-03,Student
676f4d22c6be7e82d50cce6b3e49e94e76b257ccf31b0d3877c755cfcc5a9a88,2dadb50e13930a8975b882e01531c7ca8e7f20b52fec6a73cdc56b5c2b514eba,studenti.polito.it,-51.0,43.0,296177432.0,17578128,AP-AULA4-03,Student
22da7fe40ce23410ebccde6b40f255ad257c21e11037c97ae94ca13436d246ca,485d4a532c8e047eb13614749d881080f1629ce16cc7196a457b56a1f9846b1d,studenti.polito.it,-64.0,29.0,3998092.0,1300886,AP-CIT-DET2-03,Student
c950c4aaabe1d36df12c0cc3b8b57351b0cf8a7bfc1616cd308cc2802bd08084,c20c297d283a16ec0f2763dd27c08345927435f9df980b7f22422be402e0c606,studenti.polito.it,-51.0,44.0,15842136.0,1293097,AP-AULA27-05-OFF,Student
a7261eb3c185fa1c5c57c228db77dd7d7a93c2da55e2bc9d9d9183e5dcf6a7e3,90e2f04cbadf909867d5a1d7a7d236fa36f7cdeec9d29542ad2329199212f3f1,studenti.polito.it,-66.0,27.0,474770.0,213979,AP-MIXTO-03,Student
2bf5dcce52c8e677a31ac4f0c9987893cf114381a0266fc8f0303da2d4cc4408,acabf67372efefb581bca9ec6864b8dd980ab9300de36b09c896a157909e1411,studenti.polito.it,-56.0,39.0,173735926.0,3451264,AP-AULA27-04,Student
d8ad2f3c6cd00e0aa425314daca3f9f6ff35c91454ffc245e12da7534d2463d1,acf36844f1dfd37a747a3a08f72bf5c38d7cfde7c67c5f91165b622950197776,studenti.polito.it,-58.0,35.0,7815367.0,2479876,AP-AULA4-02,Student
0b53cbdf85a9b24544abfd9249fc626645bf42ee77f19d57e0a6aaac1b6cd0e5,c9d486139faf22c2058a1b9d404fd1d854635776a6eb41e46b898fcd1584c5ad,studenti.polito.it,-63.0,30.0,7451.0,1458,AP-RETTORATO-RETTORE,Student
af2f4a64bd5310fd15adc9598bee5ba51a49e36eb6760f5fdafb95325c189c17,030357c3d6cca26e4d03c66a8d6eeee538f8e4ecd1736a52da44448f70c1e65b,studenti.polito.it,-53.0,39.0,31361436.0,2100292,AP-MIXTO-01,Student
5b9e8ed10761d6b47ccc2c54ea6f0d2e8e12ad56629a715d04adbb0bc4e41348,36c0a234c9869437b59647e60b78b2585f6c9546d719923f2bf2930bab31d5bb,studenti.polito.it,-44.0,49.0,279540.0,280437,AP-MIXTO-03,Student
cfc1fb8568d8cf0d104fc888972ada3f5516e3f5b452e5b13b56690eee1bd5ad,3f0ef0e8e697e34de52f264a5ebe1b58a67361e6f2299800cedfe26a29ae6730,studenti.polito.it,-75.0,11.0,14122193.0,9258518,AP-INGCINEMA-03,Student
e9443b087f414445318a2a95b68a52c42f2460d4f8f14ff9d8aeac061007a6df,a5d91f696016a775e7a3809ea5f83cf6cfd4389704e06e5602a3922424aef4a5,studenti.polito.it,-52.0,44.0,28075750.0,63619951,AP-AULA01-01,Student
7b42c0f84c9c5128c95cf92d7193ca32d6367bd26de5f0332cccc180d39e63f8,2f82c40ee8a9b19a92e6793b08f00926974e1ef5bab0a5a66766bf6e2d047820,polito.it,-61.0,25.0,724278.0,372778,AP-VALE-MN2-01,Staff
cea39eec62ae0a0e09381f1b18e15543258e45cb995116ae44fbcab5a32b2dba,a3c456b51a8a5ba151ef995be0627f6e8666596c2882bbf5d897bd982523ba3a,studenti.polito.it,-55.0,41.0,43618542.0,3289547,AP-AULA05-03,Student
cbe95ffbecd865ea7e58b2f629a6f9444719777b9390ea9a5097064308e00cbb,c9c2ccb3b9fece4628a34d50859a0585122d335332ecfbd608e1a2c876c9a43f,studenti.polito.it,-52.0,40.0,550451443.0,57256440,AP-AULA6-02,Student
3ffd2a9d88f3857c2d692914519b22ad0cd53a9e431c0dc0614b6098a13fa712,73c4e918e1b2121ff98d30492a6cf533bcc16bb7945aa031a9f1a4f63dd96c71,studenti.polito.it,-45.0,48.0,67169355.0,2806981,AP-AULA4N-02,Student
566b2b29c04f6fc0c8a6b806bb459b12f40c9c4b8939521dded35fa21007bbf9,de5029de2ba622a1f0fdd3a3bb88b5a2c39a3b858829254ddcc0220f6d8c382d,studenti.polito.it,-77.0,15.0,1262077.0,625759,AP-RETTORATO-RETTORE,Student
9d730e73cd649c55293edf9a9580deedc95fa2030afe8972f032b1887a6e2f1c,c953b1412b34a1ab1075443bdb142aafbb09e1f511643dc4288e51eac3b5f3a6,polito.it,-61.0,31.0,23095360.0,1770398,AP-DAUIN04,Staff
b1c4865c7e0b72217d81a88b67aa9825b90e4c54b952baeb83edff90ac2af21d,8f8c073a149558cb03493b9cb83ec9849614c83ac0f4a33dca3f7b0bfd28e5fd,studenti.polito.it,-64.0,29.0,20586528.0,128398009,AP-AULA13S-02,Student
39a67bd9b8104c1cfa81045ec6509dfb817e93852b024420f40bbe818bf1ad18,1234d440f5bc44003936a07deb60bde5bb85a3ee40fc99a435f2abd2fc4c6a13,polito.it,-56.0,37.0,81978584.0,6936834,AP-AULA12-01,Staff
f0eb12cfec290d045be3e44b7f9842304dfd29066bbbfbbb5dd8fef5c126414a,8f1cff73b075fa287ac57033d2734bb921df4611580b300ee2f72df1478e46a3,studenti.polito.it,-51.0,45.0,791771121.0,31443491,AP-AULA08-02,Student
4b759d9ff24ffddf812774c6f6ff3c967c51b991f6da0fe932790f517b80b1fc,f7b3c360fac8fab29f70e02a7ce3de2b72209bf1803676f027154c95b5bce7c4,studenti.polito.it,-61.0,32.0,619944.0,189062,AP-AULA4N-03,Student
c9000ef1eababa0a731e68781077fb547c134609594dc1683879f75f93985530,c941a21a15ad2f351012dce5c7f697fb15a9ae432615c9bb6d3f7cfa932a3fc5,studenti.polito.it,-65.0,28.0,11059970.0,1524339,AP-LING-AULA212,Student
d8fed9c252a8f4a024da193a2f3e95781b5f4d0ab1e8b68cb767f16d81b5981f,c456794ab6675995366bb38e17146e4a5093e16e3bc50b4231e1e3163a4d7e04,polito.guest,-60.0,32.0,237611020.0,167916596,AP-VALE-BCA-ST-02,Guest
a7cf0764706d5c35c72d84637c38e3cc428e5041337c5d1b465891ea06072f2b,3f92e3c21530552acfd382da7747c15ed5e21da6101315485210fefde0d0b2fa,studenti.polito.it,-69.0,22.0,1567170.0,328937,AP-ENERGY-LAB01,Student
78a3798c346450ba422db97afda4a22e3b7e535ce263c8bb3693fe2a21abbf73,60cc2924c1818c8e6d6b6aeb44b85a3755e7814dc18404ca4b6855585800ec89,studenti.polito.it,-61.0,31.0,330784498.0,11344294,AP-VALE-BCA-ST-02,Student
dbb12d81894869541659c789a1be1e0aae18ebf75d44a8e2761c6b1b15e6aff3,b3c9c44127088ea9b34646351c6517922b0f462b7e076a0a8cb93f295fbac20f,studenti.polito.it,-57.0,35.0,7097911.0,3333219,AP-AULA12-01,Student
b38f3d7d7988219c6bd469aba4f9817963e92698c477405961a526eeaa43ed08,4140f1cb93008b63a212e035d8dfecf9ee0f8e8bfcef2b2f1db8c7e494519bdd,studenti.polito.it,-47.0,45.0,1712033.0,25939453,AP-AULA12A-01,Student
6de0a32b8a8c0b9ba86a6623e31af3cb56d412cfa391d560890de272f19e5577,91eba80f028822d06a09341b6c02605715a527841c49934ed1dbf5a514b0ba29,studenti.polito.it,-64.0,15.0,356413596.0,18700114,AP-CORTILE-04,Student
b7da96277763c005cadc167b8d4918204ec4985ca95e3dcf335144702cf1cda0,ec618f5d05f4c09bb495a185f158367379e1a83cddc7bed861fbdf4c2fcf9733,polito.it,-75.0,17.0,19018419.0,1973081,AP-DISMIC23,Staff
42cb0de52e117110a85cdd6c5e1d226910707c2c4005956b34bb7e047bb8c905,edc5b99dcb2e7adf2a85b10990ed605eb6ee3ded60ddc1685e77485fe5ceab1f,studenti.polito.it,-56.0,39.0,24477865.0,1392243,AP-AULA11I-02,Student
0600548f95649c9add23d21b6ccbe22510d368445b0bcfb4e7bd198349cb3058,3b2386f0ca3d7bd772e32bbbe99143b041442fad440042c14d5ca3d5d2624812,studenti.polito.it,-50.0,46.0,6746438.0,7377285,AP-AULA08-02,Student
0274a2a2e8ebc808b3eed125d3fc753b613dca5a3ff9a9d8d0a10ad675dd1b8b,78cc5bbed071f0e1dd615a306ccd28bcbd879915566977f8ab571b17780783c6,studenti.polito.it,-58.0,39.0,131768470.0,4150884,AP-AULAR4-04,Student
733495bfa9c8844350388bcf17b85f78675f4cc23445f4f8629298ac0bf84f05,4f1865486a037535979f215c334a8c4e25204a0bbadcfddcec48ad0bb2bfe9cf,studenti.polito.it,-53.0,35.0,136570.0,196606,AP-CIT-DAUIN2-02,Student
de0a8494c63eebad735ba64fa682f0ddc2ac3f2b39bcd76a3b772f25d65fd39d,db1476cf2244f18c39d54e526ec90df856133e2f74c5a1ba8a062e2cda117fc3,studenti.polito.it,-55.0,40.0,1457110.0,280511,AP-AULA4T-03,Student
358c70e92c28db9410985200a5b77f64645ee739672bcfc9ef0456e01a4ee71e,ab0b531dbd6e84d4df518eff435f6c378473fb0e4706aad72e0685b55e1d66f4,studenti.polito.it,-68.0,24.0,87560.0,72705,AP-AULA23-TM-01,Student
2c7eaf912e5a347e316ecf31a3dab2497d3aa8b48a4861c8db8725d186a15f5d,39c92e501157425e645ad29af4f69b595d929a931ea81a68519047d1cdcfe6d1,studenti.polito.it,-48.0,47.0,46948392.0,3789256,AP-AULA01-02,Student
61298c573617e9b0ea6bd1e157dff788e8bd213d8eec6006b1939db40096139a,7fd61440a29bb865c78218442d7008090f836840ca16518cc343a2ffee6b9378,polito.it,-67.0,17.0,4733618.0,2280907,AP-DELEN05,Staff
bab24f2001ae8b7099717688371380ba53b895806a1a0d8c690cf32dfc25d363,,,,34.0,18459.0,25355,AP-DENER02,Unknown
b7b5a107427f53f59c9fa41a7254b45f2b1cc39b8bc5e01e0c3e644284c1e615,,,,54.0,5396.0,5508,AP-AULA1P-02,Unknown
80ab27f663ee34b06d0a04fd45fc3cfe8be50a7cd0f48948c1f02e8b6c446bf3,,,,46.0,63345.0,88600,AP-AULAR1-03,Unknown
52de4f635bc854abb58ec379db8fc6fd29fea0cc683f2c5b0922af2d2da1190a,641c6ba86436b3c757ba3360faae9746617035ede0b416a5a7d640214550eb62,polito.it,-80.0,11.0,92929722.0,16627831,AP-DISMIC26,Staff
ea892b7913ef2a7c6c3a9a2fa7b274c78d65f4065b591d776447a3be0be2a161,13419ea138d1bc9f1579d6552d59183207683f7bf2130b1bc0949ca8da491f75,studenti.polito.it,-62.0,32.0,175821939.0,21524716,AP-GESD2-02,Student
3e324ade66fff56d388ac7dfe2442cccf497bfec7a7445f0295e03bf6f49e1bf,fb14fe6a7b2997728ed576190b2e62a4990b4b7cb20c7ab62b223b31d32eb182,studenti.polito.it,-69.0,25.0,33098783.0,3782169,AP-ASSTUD01,Student
a4eb1958d02a2c936b36b6f43791676f365355b0a5729499776fb28e5ec7f54c,143adba04772c4cccfdeb24932d118cd92a44edc4187b185800a69eade48f97d,polito.it,-57.0,36.0,46741220.0,8096246,AP-VALE-BCA-02,Staff
ed416ee01b79fab749c2052c139ee43611e4b3f175d7e20c40f620d21c47d2fe,7c2ae7517b425f6b4125df3a7585f33c8fe73c34d60348bbd75178f5e549285f,polito.it,-72.0,19.0,153584736.0,11341424,AP-DAUIN01,Staff
01593742769679d92ead6218ea41c7b920ca49ab15ce727ea3acaa78d8f21b2d,81a9efb2978d28d6046e5d9e46661557d4736d17cc00d28916779ffe729d1afa,polito.it,-54.0,24.0,523669854.0,193960044,AP-LING-AULA306-1,Staff
5cf04ff147dbaa59984d5eb272f807f4e6396979573486a9e5aa7a6aac351983,28cf10711f685ba5d3150aea54bee1100f8d5682a49cea9cee8b429003ace6bf,studenti.polito.it,-54.0,42.0,355747786.0,21194142,AP-CIT-EXCELID,Student
b87fe24873544d6659ac36f1a965a1406095b7bae5eaed6b1723a356e680bad2,4a2cf1107d391b46d2804a683ec8eba9fcaa4d3dbbf92869df30bc67dd23f38f,polito.it,-82.0,11.0,130231.0,93990,AP-VALE-DAD18,Staff
6dacb8c7a12431a230c95498323c3f55ee452f2b0d0d702eb2aec00b7b112c25,56a9ef426e84be303d4cab6541050cce7a3b1961bf37712127e5f6e89573fe70,studenti.polito.it,-53.0,40.0,169473557.0,42107539,AP-VALE-AULA4V,Student
f2a50e4cd6bb4f2a24915aaadd00b732a43968c64d1fa3023eb4cfedc8230b12,02bf51d0f26a113c20710f0b8c347b0668ba83c96786d7128cf2a978d18e461c,studenti.polito.it,-42.0,36.0,149248391.0,16828288,AP-VALE-BCA-01,Student
4bad9c03127035046918383fc4fd853e570f24b68abceaced19620f757534ea0,394b7b58898e61925aefc69adf4dd36294de3828487c6951abf1c5e8161ba69f,polito.it,-81.0,11.0,220526938.0,40168538,AP-DENER04,Staff
e3c50afe8ac6aba5034e9fe4f1d4fff7bcbca2de2c192aa999d4842e2568d8b0,f515eef05090bc55188f910f50454960a63b0a8835a7969fb8642b922fcc335d,studenti.polito.it,-58.0,32.0,17320734.0,21583423,AP-AULA3D-01,Student
fd1a9aaf334465fddd6b4bb519d96846bcb80d6faba716ea96e945fbea4a6f3c,10ec171c78f8157e374d40c9a548dceb9969740c534e40687706a8e783d17bbd,studenti.polito.it,-50.0,44.0,90245288.0,16616706,AP-SETTE-LAIB2S,Student
d6234f80f1546105689c270f86b66cf8901a7d9efbedd5500186442b9f2a3c43,7b23da0c7f18fbebdc15f2b0b95b088a92354643d3ea3ee04c6f16647d2c2eb3,studenti.polito.it,-45.0,50.0,85798344.0,3964690,AP-BCI-05,Student
d28d0bede87aba05f159d6f227d2b8f32f85e496bc178a3bfba72601d25ff22e,76a004b9e5a848cabd6943bcb581b73c98f3a0b39d28ee35e76aa75d09e0487d,studenti.polito.it,-74.0,16.0,1212549338.0,218061805,AP-CIT-DAUIN3-06,Student
b0605f8c2c63341bf073c60cebfff372af84cdfcb3d558e53efb0242a33036a5,36b70142f5bc1daf4bbba14f06164c6516dc9cd7a2224eecc229cfdda38e4ccd,studenti.polito.it,-57.0,34.0,0.0,0,AP-SETTE-AULA11AM-2,Student
73e219366a4c00dd85a02670b1924d1f5b7678dd72dab8b1c1aa90e07d1c5a42,8452d2f6bf457714b4f2de5da2ebba9421a14577af34bbb755f372ba1fe83eec,studenti.polito.it,-55.0,40.0,421120548.0,9476076,AP-SETTE-LAIB2S,Student
62e861c47b3ec5b657da55e2c0d3e54f4a720c05c859b6f88311aad540dd6c2e,c5c44307d1d7483e6f197e843d3f914fcb946490e1b5a76791e2ffcc2bee9744,studenti.polito.it,-41.0,53.0,152950728.0,28492102,AP-AULASTUDIOR1-02,Student
34d1a1f6af78b18744d1b75b0576c4080a81b5597656feb9b09681e70dd93448,592bf2cbcfda2e71f0973a98dffc671310d5fb3f266d623b19a5fe36a72bd826,polito.it,-61.0,33.0,1333481998.0,54653182,AP-SPECIAL-NEEDS-01,Staff
7631f415de65963fb20e975c0af942abef86ab4360789439970829dc0e840dbc,e419fdaa189d16c04986719a0b6ad7570cc815c1e86962db46136e51c16be11f,studenti.polito.it,-50.0,47.0,585220870.0,12844227,AP-BCI-ST-09,Student
cc9dd8e3a3857a486a44a79f7451c229151f711596c5c02c15afa2336296cb35,defbacfa2fe5f942fb467977b6a10953d402955a915c2ddc7d10d8c5d9608ecf,studenti.polito.it,-71.0,18.0,1143150673.0,105727011,AP-LING-AULA209,Student
4d17f5248a05cf602e8806fae9e5e1c30a287ea24e2b58ac50d973181e7d0f0f,c42362f85afc97b6fd77392c094a8201f326ad44a63b375b28fea743a3c1f8b6,studenti.polito.it,-63.0,31.0,752765939.0,80458752,AP-AULA7I-02,Student
880631d9ceb7846e334c80109143a2168a5fd9589c5613e678e32be684577d09,3e302bd4f3980889527308cf2f7e785ef23cd2f92d39e57f8562fd6f7c5afdea,studenti.polito.it,-43.0,48.0,77147440.0,19360711,AP-LING-AULA300-2,Student
c65e6b607c1abd2bc9b4ea826d0b6bfc29b6c6f402630de19024064564c04420,164492f7570ba80f9104884ab92ec89008f88535883c195fb3ba32541242ab5d,polito.it,-60.0,36.0,28739.0,21866,AP-AULA03-01,Staff
0aaae515e1bf06e7a6707a8113c8b410bf913e4821fa1ebf0f391345d7e50d1e,e62193e1becf5ab066e687d2d94b0636393ec3c67740e71efc1302f1dc6b1d97,polito.it,-50.0,40.0,364072861.0,142111527,AP-ENERGY-EC1A-01,Staff
e15f0d413a8f238bf4e3f5ab82772c22548f6fcab4667867af8555d37662e08e,81010c8b74873e6646fc49037ab450fa26db258573b3623982074a59d666a1ef,polito.it,-59.0,38.0,25015478.0,13349407,AP-DIMEC02,Staff
6735326e5cfc56ee56cb57b43ba30fa90e4c93d0dfd3803e0ecf6bbd9999be64,27b8ed2433115adfc8ff10a9156a3c06c0f507b92bbcc2830b4587619c7827e6,polito.it,-56.0,36.0,5386313.0,4201097,AP-CIT-DAUIN4-05,Staff
06e725bf11be04a086f8131c0e1e50508df029f0bb1b915320d0b6043ba10f71,6de7f558a40432c6bab315f4ded70a9669a2c9eb3d01600134b6b30d08069862,polito.it,-57.0,36.0,173864382.0,28510902,AP-AULA9T-02,Staff
9c54f3dadada85c58384f4b4604ed23f370257a8ef187b6b752c703b9c4e023d,5e12360ad70d0eb75e991ea9721b0eeb837b4c6952594cd62fa1bedad4c86e92,studenti.polito.it,-62.0,31.0,992305.0,606102,AP-CIT-DET4-01,Student
13faf689703f838b8cd24c8bed581c630a6027ada9c364b588874ae6fa7d4663,c92bbf711a36bcc5f96dd4922a92b8a0296fbf141913798b8670ef0f9fe36256,studenti.polito.it,-48.0,44.0,3897635394.0,59958310,AP-AULA7T-02,Student
07781e20e33f6c1801c3dc435843f5217564827a59319e064d71481f8a0d67d0,65651885d1008ff0b8887482307af4c174c92d160a27844ce6abb52dbfe9173f,studenti.polito.it,-55.0,39.0,329579550.0,36955255,AP-VALE-AULA4V,Student
e82e41158127b6a2e6478797b01565dde137b93cf3cfcb9818333497f81527f8,b8c8849a5cbdebd279f9786dc9a580f4d4ffd318dfcd7fd9736315aa87b38ce3,studenti.polito.it,-47.0,27.0,18328975.0,4280401,AP-AULA05-01,Student
71c073a76879d209d179b31b63a6719fd4d524db34af3e8f69cad4686ed30443,f0df5fffed71f1dda69d8919444713dbb2f0c90d6db456e07d890c7a4d468802,studenti.polito.it,-50.0,43.0,291227124.0,7310676,AP-LING-AULA301-2,Student
bcd1c83a22b16451c976a08ffce29ee9d3c4165dbc628c94e96a640160bb0f92,847e02b3a6f49376dc32efa6bf66bfc8bda1747e42fab9669ecee11aadf691a1,polito.it,-54.0,38.0,1149648771.0,411799824,AP-COV-C3B-XP03-15,Staff
e5c97196b14ca4176c2297c08ed2fcfee3424ad2edd2b4d71324a984e634cc75,2d1a3b27917cb4859d084dca73a749bc2d2b42e7f801589e9e3d8e23304cb0fc,studenti.polito.it,-72.0,20.0,1410210.0,666249,AP-AULA9I-01,Student
4fd296c074303bd64f96007f2e75f031a6ee8fb61745a805f32c2f359321a4c3,dba64f2b8e2df205e31b646d6cd140e20c4de862f11ac5af62d470741bcaa206,studenti.polito.it,-54.0,41.0,274490320.0,22266295,AP-AULA4-02,Student
6864f3f5771c4cfba5271a2ad67aef0f5a2c9c2974fc6bfca5d2fec92f851243,4a0a33a2a642ef0c9f0ddaaefc44ac149cdd9f6efac86de3914f9bf6a401941f,polito.it,-86.0,6.0,31638125.0,5433812,AP-RETTORATO-CDA,Staff
f4973cfdf8998e60604cdbb4e63d91567dee155c567719a14b14fcdfb3ebed22,dd016784a4382a9f0dd578666afaca47cd9e4ac13f278df1f7dd13c6f7067b21,studenti.polito.it,-57.0,39.0,478102970.0,27103357,AP-AULA03-03,Student
8fc1a56c4713bf4c9428ced64a7059fa81cf204999f69eb41267d482d4643e0c,d5f5229a4127d451f4890e6066558b6e808fd129b53908b5d532a34d25c37e17,studenti.polito.it,-62.0,33.0,148524670.0,6276392,AP-VALE-BCA-ST-01,Student
45dfeaacf15256a17d6fb5b2be63fa996769d9bbac255f9991a8d9a458f9f659,02ce1f7e1c565316ce6fd1473da22b8a681bff7f4306b0bc0b29cfec9ac508a7,studenti.polito.it,-52.0,40.0,653491.0,378143,AP-SETTE-AULA04AM-1,Student
c325b01baebba2ecdb3e73c634103d9881b84d558139c2fdcfe07cad2df34e19,9607cc3ceac818c1fb18fb76c9342103416d9c34cadd976b9be314607036b042,lu.se,-59.0,35.0,7526295.0,3032347,AP-DIMAT06,External
4b48dab833a502e32632886833e199716377f8c59df509e6c294aaa9a5bf920f,072ffa9e5b1b3611bda10652bb7e78e3e76b42b6c0389f57181ea27d691c320d,polito.it,-79.0,14.0,39654707.0,4514809,AP-DENER06,Staff
de7b6e769bec15d421038bfdddb72ac171f55dd3cbaf0b395f5602f689544d91,,,,,0.0,0,AP-BOGGIO-TLAB-04,Unknown
4a735a9e43ceee8d320ac805f4342d05fa5c409c255f9bd62597abc05af52fcc,af72ed01c6d73188bf5d1b5c704ee20f77d570035acf337091a32a68919e2aad,studenti.polito.it,-55.0,30.0,143999.0,106046,AP-FRONTE-AULA12,Student
85b1e648d8d47fbb027cbf7ca66a4050fa60211b2a933833b85717ef0372ec93,3bccee81740bec39c5cfb11ee62c16d17e653d13825d15779d7af64c32593298,polito.it,-50.0,45.0,1973817321.0,57962721,AP-DET-P3-4,Staff
5b88c8e2d82c7d4dc2488ff14579a80f174373d1157b057b712be072fde89599,ca1a28317cfa74420f97bebdb65d6cc5296b99eccfd187838dcab62d08bc3fd8,polito.it,-53.0,41.0,220935306.0,140379943,AP-OA,Staff
9d2df23b445a52fb9cc9e5fcc77ff388f356a72b16adad54d3b18bdbd6895c3b,7c139adfa63944906addd7050556492879a9f6b13aab156c622622b663432af4,studenti.polito.it,-37.0,50.0,6377429.0,1995686,AP-AULA05-02,Student
a9cab629f7ee19dc78b1157d07ecd8abc4ef1fd20c8c16b343801482f1775c27,176eefdd04c67153eebd70644fd186acb1c18204b2cedb566e079a94db1b2387,studenti.polito.it,-63.0,30.0,63736.0,19907,AP-AULA7T-02,Student
30a8a4345f8dcf7ae8b60ca2ecbd23aa44361344ef81202964a47b6d68e50574,448ddfd76c19fb964ab5d374169084a9f24dec5701214cac721367544e6b21de,studenti.polito.it,-78.0,13.0,38962880.0,11432748,AP-BOGGIO-SALASTUDIO-0,Student
e0335a7a0bbb5dc01a4c5521b89f5fa06a365596bb14482e2a9df5923039e234,4710e12a359dac8b72bf3f8e5756e319c99819f3d10d2f07d6683aeff1abf202,studenti.polito.it,-53.0,42.0,2086388.0,1333200,AP-AULA2P-01,Student
ae591f703957f75c26b44d86a5d7bda968e77c7016c043aa05f2486b522f1ac7,ab8f463c2d86ea311be5f680b0e72dd7fc67816667bc07e0a5bdea538b6d88d8,studenti.polito.it,-59.0,32.0,51965827.0,3021446,AP-LING-AULA301-1,Student
8b3155336be3cf8fd0abd32b97ed81a4984928b7cee18fb6eb6eb6a7da912ee4,d27b74fdeb46b053351e225f72742c8da59ea88aee42168df3b13decb03168ff,studenti.polito.it,-48.0,50.0,3733367.0,6059769,AP-AULA05-03,Student
e030fb201b5892915c2b6f0cd5c1451e1eeb4b675d7c19dd9248dce4a3cf57ed,4282feb7ed022a01409101fa44a5ff1f0bc998fe3b649380490438cb2aae83a4,studenti.polito.it,-58.0,36.0,113298103.0,20883617,AP-AULA03-01,Student
821c4293f01a8db15648621ed089ca63f7f8e50c8291b0a990991ebbb41b8722,39d2c5e1e55d55fbe41e85e0555b838be425df37869e76f82a92e1c2ca58c7ad,studenti.polito.it,-71.0,24.0,6130305.0,1917963,AP-AULA4I-01,Student
f1ba102397219d7e5b28347476e02b6779930316efc3fef7feabc9bd6f3edaf4,ee6e3d6ce7f11015519af47bd9027b47fc02e1739632465edb43d06a0a191e6d,studenti.polito.it,-55.0,37.0,4824740.0,1008347,AP-AULA12-01,Student
28f589e10bdd3ff968a1224a7883322ee2b2caa06e07f2fe1ba2dc7d9f5aeb31,f46ac7b4525e9b85286653f55fba8707d7b2f783e9d2fd46c05e26ccd22fced3,studenti.polito.it,-87.0,4.0,193080273.0,9097274,AP-CORRIDOIOAULER-02,Student
b4eb18f0a1694115558fdc0df18beed194e9a0a1c2a6337b8c8f4fda18d72c61,68263e63ddacf5598fac70e21bd22ae2df6217eab8abde7679dbaba2ea3b1541,studenti.polito.it,-60.0,34.0,119566806.0,224450310,AP-AULA10,Student
333f2195f157be68c37922d1a6078e9bbd76c5a5a68bd4701a78861837f8bab8,13dc9397b4f661282fca5c61f5516c77c138fab279a284dffee64c0660762527,studenti.polito.it,-52.0,44.0,3524271.0,1316937,AP-AULA6-01,Student
19d9b276706bd2a8e2ba7af70e9253f4d05f7d629cd70f6a3aa9a7f4ccae0f36,3f17cc81e28b82d125c4da2b10b8c258a0b517c3e932ceaf24fad1c7a3c66ee5,studenti.polito.it,-52.0,41.0,1471369.0,579564,AP-AULA15-02,Student
b80da991c0e4452c7426d217a93f28f35ee4b69d9c9e1e8602517ab1435a8c2b,19b40be2ed25530d1cb3c81d4e71624bce945422e22a6dfa2945bb94123d5208,studenti.polito.it,-52.0,39.0,4791026.0,1432121,AP-SETTE-SALASTUDIOE,Student
2dd4213f37cd5836424031147b7e270261318da1f785b4423e0c49f3a5a44e35,,,,10.0,18584.0,1223,AP-CIT-DAUIN4-01,Unknown
018207b77c11a7809b6a544208318000d0dc29e32034348501087e4de3dd8e34,e3a9e974f0801edefd32330456ab10ca25c7386a97189e478587b16a5fab504d,polito.it,-56.0,37.0,6354130.0,7394814,AP-COV-C3B-XP03-08,Staff
c09d8bf545f5484fd8b4e1754d1e1dc974db29706fe4c9e2a433018bd2b4b2ce,fe52bf92ff884d24aa2211bc66f9cece10a767531a09c00edf2cc40c459bf31e,studenti.polito.it,-55.0,39.0,42124057.0,19099023,AP-LING-AULA207,Student
cdf53827cd2f4341e888ae967998c86148c06cdf0d76baf977547c1a8084d6a4,27ac27b24f79507180b61d94a72876c4effa8719474d892668b015ebf927090f,studenti.polito.it,-59.0,36.0,1366276054.0,383276279,AP-AULA08-02,Student
7ce6aa9364f499bf82c1b7e38625c645e673f053335e9b3beb7ace4be83fe212,b88af77c6b1f3212fc40b1e196327191fe60bd692bee45c8ab19403e556c6016,studenti.polito.it,-61.0,31.0,116293488.0,4433278,AP-VALE-BCA-ST-01,Student
0ff451e15e4416e76e38b118cd100b4ec744ba800729f79bf0e3631527f2afe1,8e140e28f0979351a2bbfabb097187c9f4a557e72f1e4a8fb6194bca42131dcb,polito.it,-47.0,34.0,170169962.0,17722172,AP-AULA05-02,Staff
29239e08857ef191af1423548a65fbfe5b81b918c0e36bf0b7278f0fa0827228,159a648f5bae52f08b644fc3fe2c14554de0b17b5de4d253950b50bb9c253c6b,studenti.polito.it,-50.0,44.0,30858340.0,12543067,AP-CIT-EXCELID,Student
e02d445013868a2b9f2bdb407950633e443120cc01e254b80d25de2d93796c34,13b140d8031b277c6e5c95c9f8d045ee9b75e5253c00099030bbd645fb073fbc,studenti.polito.it,-85.0,8.0,738788527.0,21350696,AP-CORTILE-03,Student
7884e98610700feb98a721eaf72db896ce1b50c4f8525d89f7fc730ebf0d19df,f2d451965147b611c0c029198599c7036ce9391e7fa6a6e1e9949813169a0cb1,polito.it,-49.0,45.0,60385924.0,10661204,AP-DICHI-3O-P3-04,Staff
f7620cfd119a6231528a2de24b4919d53b166970111f9db07633fbdff891b6ca,7db3ac597ae699b8900cc53f3ea55abf6b5da4babc2f83aef07ee445e4cd3413,studenti.polito.it,-55.0,41.0,457024.0,376278,AP-AULA2P-01,Student
65ff39d498375b5bab05363c6b480a5fca6ee73c9cc419117cd11223eaa17dc3,35cbdfee49d67021d739c8e1bf4832e93ad9b29180deceb4a185cf21ae71526b,studenti.polito.it,-57.0,40.0,25160385.0,3394509,AP-AULA2C-01,Student
bce53c56b186bd6eda188d724fa620b1bb99c9ed344492184186beb78ca4a4c6,4c819a4755ce14f0af15469835883be6373ddbe3324f85dca377ea31f2a49d2f,studenti.polito.it,-55.0,37.0,306567.0,135227,AP-LAIB2B-01,Student
2f8230a8ddd504224761359a0015e18d15dbf54e96d2683581d5607a0a8b4b4a,a13d3bc8e87feb8c5d76999226f889fa2f36d6190db010a64590aa3a946a232b,polito.it,-66.0,25.0,355669.0,106441,AP-DIMAT09,Staff
e927176a96cd32a3367dbcce72ee02d72962e1b2e708b9974b13b009245a91ec,91164be3b065a2f48e1fc16a4f99ef7fc61d25508b75732abf053bb719d8348c,polito.it,-64.0,29.0,10985105.0,23631997,AP-DIMEC15,Staff
147cbce6a3c79bb49b7f3643d2648898e92bf166bc365881ab061c1c28f44122,b3b9317ce0db7849043b9d26bfd6cb0adfaac6813c790dd0251db56faf6ec012,studenti.polito.it,-51.0,38.0,152912507.0,33542186,AP-CORPOZ-16,Student
06f3c20be9a38f339e87210840b188c53bea07c5c79032b426d89f283aaf58cd,6324da7186989e1bd78111320d9098d1f86225187d225161a384dbe8ffd7ce59,studenti.polito.it,-61.0,32.0,239178969.0,3758748,AP-CIT-DET2-03,Student
44f61a3c094366633b1b0556e148d127630c74afc8bd651bdc4bc96aff63f730,fa06e7dbdaab36eac7418a7eb46439a130c1a08df19dcb1d014a19cfa63b3e6d,studenti.polito.it,-62.0,32.0,24084048.0,2571649,AP-AULA4-04,Student
d6d85709d6fbc7efdd6d07bca8dc409764f81cd2abd90c1162d878e716628d6d,36c0a234c9869437b59647e60b78b2585f6c9546d719923f2bf2930bab31d5bb,studenti.polito.it,-58.0,35.0,59665.0,167207,AP-MIXTO-03,Student
e3066c20edbaaeafa1e03209ec86ff580868894defcfbe4febd3e09282d49674,ac56a51966fe5c227164e40089e3cc4acf6ef5e00924a9e361605649996d48e8,studenti.polito.it,-52.0,45.0,81412904.0,5355526,AP-AULA01-03,Student
6c11f7081edf90b458d3b53b20d17a85e704bb0e4ec60515cdb684bb5c8c03e7,4c371d55d3e067c600938b8b30d12610329ac043902b6cdcc7f8b3f1f93849a7,studenti.polito.it,-53.0,40.0,119564.0,175608,AP-AULA5D-01,Student
e155db3b70d9cf296e554da14d18efba07a8871b8a9a857230c8cd3507e98c31,b73ca267f32d9b4977d74434b0bbd32a27f502b2b7f7011a4132254b584e7fc7,polito.it,-84.0,9.0,9529077.0,2653402,AP-DENER-DSF-03,Staff
61ad662967296f9f4f85ee6a94a1ed5829f96703baddc6837509344349bbfb20,0160fef76dafae8e49b130683024c8fbcc0c0454b946f35a68aad505f8ec8db1,studenti.polito.it,-55.0,41.0,153570481.0,8492645,AP-AULA4-02,Student
761719c3c740272e17070255fc6a2f2d421f9405c3ed7955112e8ead4a1f4d55,f0bf25cce20bf686c69081e9588a6d9ba2e89c669fe5d1279644c150762ec381,studenti.polito.it,-55.0,40.0,329183223.0,7669992,AP-AULA03-03,Student
ffc9a136ee77c0b087df0ac2c9e4a8aa5a1f13b9fc3510cd621702ce328152e2,63733f4b29bf0ff382bbc56a9447d3e79f5d63f61e9c87e8b5ced9b691c7503b,studenti.polito.it,-48.0,44.0,328181.0,208818,AP-VALE-BCA-ST-02,Student
21f27c3849d82522c0a13f11e761f1a1b3c69ff7d7d53b49723c25f3acaf23bd,b410d92b176edcf738f00fd0a5a8baa56236123e0c5a8f25440e472258203bec,studenti.polito.it,-69.0,23.0,38904504.0,2508338,AP-VALE-BCA-ST-01,Student
9c88a25830e8022e1ad2cd838762347c58c1b169a22e8f4838c78b51a5606a7e,417a441759415c86ef63d3bd5caaebbcf8ec53f40149d26f38f26bb1784187a9,studenti.polito.it,-81.0,7.0,427163.0,288238,AP-AULA11-13,Student
1a54c2c329d404a3db07a64f5bdde6e3a22c4bc41a0451db25a9ea92fa74b124,b7b5bde3d27f30dafb8f4051e4f3c2919e6ce3c04271403d8f2e3609b1379a62,studenti.polito.it,-82.0,13.0,68827067.0,66940201,AP-LING-AULA208,Student
41de53e224b5da0112b2f53fc7c04405d1c1d5253404a7a480ea2019070e7c6b,a0fc23206c5501ceb518d3c3bc6d3a0c5fe634c291a8d5a7b810ee70e8220986,correo.ugr.es,-54.0,39.0,600944.0,189402,AP-VALE-BCA-ST-01,External
5c457f88ba53a32f22ffc46a1eaa68033ee4ce3115fdb1f6d58657aafb962951,563292c5ac480322ac7066231992d29a848bd0e1d2541ef3d327442734441eb8,studenti.polito.it,-50.0,42.0,355841.0,82462,AP-AULA8N-01,Student
f478b8b55a66c3cfd815586107b313d1c558b6390357114e0bfbdf4e43d2115e,7eb49567f1736a554258c4fae2ae409eb7d2bf0e50d821c52a09a9457b89940c,studenti.polito.it,-59.0,36.0,295375.0,149291,AP-LAIB01,Student
150844348d09e751682d106e1e9e98f515a0fd8dbde6acbdcf848f7a531814d8,4b1055cc9e80888a475aa227a86a762652b367bc8461b22cac66a1abd4a471ff,polito.it,-71.0,23.0,905590.0,573735,AP-BARDENISE-1E-01,Staff
c9ec2ef9ab48bb3ba802486e1665edc8fcd548dc6202903afbb3b09d44b794d2,f39dedcd0672833be9053062208ad5e4aad5a2f30706dc394f1c93f674636b78,studenti.polito.it,-50.0,45.0,33760397.0,5244676,AP-AULA08-05,Student
8dbb3451223b186f8d714e6296d321e21e29eaca463b40bfa678e99b20808c28,06bcd8f079c472f18ce0dc760688f223ee7d61de2ddf85f3867cdd338a774882,polito.it,-60.0,36.0,116331411.0,8232883,AP-DIFIS02,Staff
ab2179c8fb100d9fbf0ba24f12ee2dcac8f6931ddc1fd29ee235ea9adaa12f4c,38eea763d573a91fc60a57df9749c9050dd6ea7b2be67efb2839ce987c0ff106,studenti.polito.it,-49.0,43.0,23749853.0,1061275988,AP-AULA1T-02,Student
c67e2fb8d219ae475eefb10e6713da4de70af2e62bc8537b1025ef67f09f93bd,d1760e095193da5e57747dca5c570a20985dec46aa7c477dd34959eda683ffe3,edu.unito.it,-70.0,18.0,24969749.0,386961742,AP-LING-AULA300-2,External
982eedb23daccd518cae1c2f53017d42581e34abb9a863510294d576177e3ca5,c6f04af3f232edbd1ea2cc8a1aec926da27fc30feb38c001f327efb6a47280b1,studenti.polito.it,-46.0,48.0,10349068.0,782759,AP-AULAR3-01,Student
5d296bb84e2d9ae9a05d659c415b21dece90f9af76e02525d0fc02c6ea8a7e95,3e4b85db28ca3941ff5d007dd6a27dc927fc80df40542d57ae0fdcd6f0926151,studenti.polito.it,-47.0,45.0,56571869.0,7962412,AP-AULA8C-02,Student
4f5493d89674dcbb85521ac65e12b31f6581e424c7517bff60e10f5a732176db,41a9bdcb674ad25fdb4b11e76b8552e1e3b116cb7f3fb2a7bdcaf6c03b58eef8,studenti.polito.it,-59.0,33.0,134375398.0,55563770,AP-SETTE-AULA06AM-02,Student
bb21afbe5df9b79cee22e109ecba6403bec2aaa0ce94d1f1f4c0ffc6f4fe3e6b,5872579fbd15e76ed7bb659d4005676039423bbad6748f97149fa2801baef75a,studenti.polito.it,-67.0,20.0,46649536.0,5403479,AP-LAIB3B-01,Student
6bcb7391fc91e6d96840dd41fefc8eff40e335b92861804635b7ea3aa85d7520,4c7560b5bd7ea23cfc8cb0c9c3a6dad732c6be4b1a7973ad75cdb92f9e1a0484,studenti.polito.it,-53.0,38.0,12547680.0,2862919,AP-DITAG01,Student
2fe87e99a3481a8b1f9064bab24cfbf381d70e321fddc08f8cba3257f712a07f,0ad38222c299043057e8a25333f91e649b717b9922748c2f4072c447928f94a3,studenti.polito.it,-55.0,37.0,14833907.0,2622518,AP-AULA10A-03,Student
5754c6bc4d8fb9e2f90623365f6131d554d61f5ee120af77090994dde7948669,6268eb44cead5b41bac4f3ea50b76f211ce6f0130a4881282f34152b1417af6e,polito.it,-59.0,25.0,4768962.0,1739253,AP-DISPEA04,Staff
6220c0e7fcfa933b9a843d950320400106f1466054cd263bceeb0952fddabd1b,2a06669c13abea9045ba5f5612e0914fe5aa63b141ff4e396dee108c2e83e6c1,studenti.polito.it,-73.0,19.0,7869190.0,883417,AP-DELEN05,Student
bd9b81f9efb6b876d6ad8a70b72966f6f6fc63a98ce0bacf630f5b04d5d39a4b,ab8fa0e057492a1992fbfca9321a288f0f531da7f6f05b8ee03777d4b5bf78b3,studenti.polito.it,-58.0,37.0,190602320.0,10966605,AP-CIT-EXCELID,Student
be376a463fae5aa9e2c6536ddb1ae7e9542cea188daacf18f8ddb9f22788bca7,3a75ecdefb069392d0712ed18fc8914dc3f0137e1e596671480f5df9f91a4cdb,polito.it,-54.0,41.0,9150566.0,1015067,AP-MIXTO-01,Staff
2d2c08466b777f0f146551ec1830d29cb6336423d3195c475fe68554395c6321,c7d4fe71ee22f697bd58ece0c1bd10fa8d05ef02a1f02d3437fd831f2b2faa8b,studenti.polito.it,-67.0,25.0,46354.0,33170,AP-AULA5I-02,Student
5d9e4dc231880e558e4d4fd7343adca38aa6421b61609260ed7f0bf44697765c,f0d8d27c9c4d6dc804b628236941c7fd97bc29978876fb36df6dcdce3c1f26ea,studenti.polito.it,-51.0,46.0,32836890.0,2599985,AP-BCI-07,Student
212257b8b3b8f65d19953eb5db2b029cc7de9d91a038836b133cca0e96265874,ddd55703100bb6bb397241c81732ac43340a746a0ca91cc152679bfad754a277,studenti.polito.it,-49.0,42.0,645742345.0,24535130,AP-COV-C3B-XP03-15,Student
8ce5319ae22f5931c869a827949f34b7773eb78b5745a991aaf32e9cfe2c8881,b457a0adb3ab77cf00482f37a8ef14e2f4e5dbd417b58466c7e034d0c3b4323e,studenti.polito.it,-52.0,40.0,3097643.0,722336,AP-GESD1-02,Student
294b682e2ed2b5a63edd1aba5c11e21e58e756abee6845c73e1e7b86dd0bdeda,170b932338fcc69a96dc84d3c6ab314d405047b0f9f43f09ae89b4beff089852,polito.it,-63.0,28.0,300360.0,254605,AP-DIMEC09,Staff
4a2b5fafa95d890015e891cec015249fea290185fa435745c847ec2a73c7444a,6e0f508f6896ed86ae93346c03a3b34d2b3b02b88c9871aaf2d85b53f72ae6ba,unizar.es,-63.0,27.0,290488280.0,6615361,AP-SETTE-SALASTUDIOE,External
97d6fbd2d61c00b7731755d5e0c1e605b2c76560b0cb653c4ffc9d39cfa2203d,45255f7bb364b45bc70eb97f2616a07b672d042190d6d20474ddd85608e0288d,studenti.polito.it,-60.0,29.0,2848912.0,1005972,AP-SETTE-AULA11AM-1,Student
6fc434c9c49a3bdb5b6c28945b92f910ea7e813730ddac336e60f406d3958152,c977c3bc1e997304b4099370cd86ed7a9e38c40cf003aca06769342dd6d82d90,studenti.polito.it,-53.0,43.0,1513951921.0,69695690,AP-AULA4-03,Student
5661859dbc4faf4bd7bf2e6c5d3cd023e15c49c43fdc8938bc6235780131acb2,,,,26.0,721.0,1145,AP-VALE-BCA-03,Unknown
2605cc6155ce21a90acc139b98aaa4f6efcefe74da25de94cec3d1500fb9129b,6d5e01178e4b3b1d34af47737839e10874ad5cace3c70b56dc6d3b595315def6,studenti.polito.it,-51.0,38.0,130998066.0,6993326,AP-LAIB1B,Student
94556d50800b9c82837588381ecf18c2f9ad5cc19d0052e136c9bc7762272d28,fd6bebaa7058deab8cc3b453d345874427f0e26394ae50d70f324cdc647024eb,polito.it,-63.0,32.0,2514804.0,839479,AP-DIMEC09,Staff
4f463e3cfee4191d1fdc9fa35d13d1e45bf48da550b1010006146e33a3812494,6502f63b4f5bc5b4b340cac83659b5c59478004047108b1e5aacbb88102f6f98,etu.univ-lorraine.fr,-60.0,33.0,77723.0,60669,AP-VALE-BCA-ST-01,External
fdcedf47e5112bf1622dc8b400173d6ed543dd2cf645a82eeb020869e5abce2d,703facf9e769749e6f0b5ab953e5dd4c3f85cc8058f4afb52a8c983dc52cde2c,studenti.polito.it,-60.0,36.0,76977939.0,4114561,AP-AULA12I-02,Student
8385f85d7b3a5b36eff5b1dfdf105d1f228c6d47ca54e9dc5c771fe19097e745,,,,21.0,43836.0,5098,AP-AULA03-02,Unknown
e4a513a1f81061a48d6924ca61904c38216d1d42f63a96cde3723df2e88c48a5,06a976f9cb7386169a477c53c1213d93910098a964f9a89a5d8b3003d9734260,polito.it,-55.0,33.0,1477301.0,984645,AP-DISMIC25,Staff
ebba1e79a1db37f1037fcc4ed41d7f6f0e0a63e12d7ed2078c4c241da9d7cf88,2876177e1aec8f09add457dff2c1572b12b23057f485a53b76635e805daa7c63,studenti.polito.it,-52.0,38.0,3671499363.0,1265204510,AP-LING-AULA301-1,Student
567456a279cc82294bec756a3c13baa8f0851952e1b5d430dce963b40869e78f,06080747813b414c302ea22f69c5194dd6866af22189f20b0d620233cb10ffbb,polito.it,-63.0,32.0,11974005.0,4151450,AP-LING-AULA208,Staff
5b9438e3e531cacaad2030831fd8edf7b8a1d235d15fda0ab05ce6ba1a1b4fbf,be8ccf56d043744e16ba2f0e68380dc803a4ead4ead6641538c8d4d6aacd01f8,studenti.polito.it,-43.0,48.0,2377671505.0,211120684,AP-BCI-08,Student
cced59f4a5534f6cafb88d442599e362324ccc263e14a130ac285c146dc09b28,4bee5b3f743f9157965b6d23fa6a2557e8792159e452ce52a7d590cf9af5aaad,studenti.polito.it,-47.0,50.0,823994749.0,19838097,AP-AULAR3B-02,Student
9523e5da78d7bebfc2ee05c138806fa04b4628b9e92bf56e7ff71386be969a64,3b551d8cf22f436d7c10f4afc7edfc12a2f1d2a616ec939ed5779cdc0e5dd21c,polito.it,-75.0,20.0,262027404.0,12035509,AP-DELEN05,Staff
52070bc2005372d9c21b36ef9924a60e925d40d62533db6bf7bdafe0f1b11aff,,,,33.0,1024995.0,117893,AP-FISLAB3,Unknown
09ca991986253e69122f22804e7c8240a1d884a0a330ab5b868d567b68ebec70,d29f352f10cbb418a1c02aa4e5031f417a6b3a9a18d3888a98cf1fb87bc08cdf,studenti.polito.it,-58.0,33.0,396145611.0,24000453,AP-SETTE-LAIB1S,Student
2e7eb830f193e0d0601da0361e6124565f3cdcdc9e0c8cfc6b0b4c635835fdc5,6ac7d1b4dd46eb6c611b229f935739b0bcac97b6444ca024c27420cc995783b3,studenti.polito.it,-52.0,44.0,134612277.0,22005000,AP-AULA05-03,Student
56996331a5b032b8afdd1f9c3fa00b40ce97dfbd938f58cd921db2f0415dbd2a,e961e6a001c51ae269844def593e8d542deacba3e2a3b8ae07da8805ccbeef4b,studenti.polito.it,-51.0,41.0,879993907.0,34299380,AP-LING-AULA301-2,Student
f794b4ec0cf01e09b38b593f540ec5eb68cc34288fee3f1a0152c84ac39054be,2cc0688c4bfce1513a22b7e7a21b08e48e7010b90763c975ca68bad992563e66,studenti.polito.it,-44.0,47.0,282674113.0,74171517,AP-BCI-08,Student
df09b03c205a8511ba4784df8226ff5e747ba2ef8a46f5e8ea2525792bdc4f6b,5603a3dc1e7f8c53184939c6935feaaf2539fafa62d168a2860c01907a2eca7c,polito.it,-74.0,22.0,268011532.0,151101919,AP-CAPETTI-TD-XP01-01,Staff
3218dc2581ab47b51dc6a190942a7e2257c5c0577dcb9a37f1ef1f9a2c436e1a,64420d928c2fc3f9c28a9f0c2784be39f5ae70a5d47efa87e524cdd58e05ab3e,polito.it,-54.0,37.0,1123308.0,3475543,AP-DISMIC24,Staff
1afa24f71c5a1cf7fa32ed9c3ec0960d559b0d9adaf49903ab6cc6e83ecf4455,2408aff53d41d589173d712ac583832f6b29438d6523e349212fc9a0414a228a,studenti.polito.it,-36.0,60.0,109589944.0,2773966,AP-AULA01-03,Student
5fa871342c2658f9fa93e86131fd0b754891edbce0a55673fd4805402e681333,38ecbfbcd7e8085e760bc9eaa38485394386ab73e6c44664c1b501bef1034a54,studenti.polito.it,-48.0,44.0,2987887906.0,74717534,AP-AULA4T-01,Student
a83bd5dbc202f577af55a08d5db427c7fcafa7c31dfadc835bdb832d3d032810,761a17944d3f1c67bedfe4412cd09d2b4ffc063406f953af57d49a3327be4a71,polito.it,-39.0,54.0,7356456313.0,6751118908,AP-AULA5S-02,Staff
c27d39fe58748a84bb0f216469631f15ca9f728f96d9ec79294bc014305b8c20,51364b9046127d4ac1f9de93d0620d4e832ab0b0f4597148204dd4fcf7458681,polito.guest,-35.0,52.0,1639956383.0,25552144,AP-SETTE-AULA-CAMERANA,Guest
16a797865f451e1043e61af45fe1c5a97fcdb3be72419006abb841a80255a26b,99de9841c135766806d59c142b62fd18b8f54fd180f2037c65154a289d298064,studenti.polito.it,-46.0,34.0,0.0,0,AP-CIT-EXCELID,Student
a201700066b84e1272c0ff120618fd6bb23a48ab045389009910d1492307ebf3,415a6addc82a07c79af42e04c0c80febfcce61d3d29f8378d5a011f09a6efff6,studenti.polito.it,-46.0,46.0,1109210885.0,697947284,AP-AULA4T-02,Student
50b6b45e66e1097c3deabfd716a0a76c96b9253da3a405970500f07a9e634d3e,ef76293811eccc809f7c1ad1529ab8b27408387e39b19e09eab1e50dbca84e2f,studenti.polito.it,-62.0,31.0,206079295.0,5547765,AP-ALESSANDRIA08,Student
2579d4733e1187cf4a0ec703a2aea9eb7460823c27cc9a6436f8c1d56e5d1419,b6a7187f99acda4ec2d796c308e60e85bf83a552be57a4ba19839ad9222695a5,studenti.polito.it,-54.0,38.0,60194338.0,6796315,AP-AULA1VM-01,Student
e77e4b2fe0f234d503136e6e5272f318943d7c7334f0fafac7bbe83816a49bb9,baf3d6ac448ed2b4bfdfbadb323b462d2edbfcd58f9998d86c3e7fc2ff8fa4e3,polito.it,-49.0,45.0,10703865.0,4024067,AP-SPECIAL-NEEDS-02,Staff
1b80fc55ed3b6ccf453162bbbacbb74a45d22587794eca877209419e8872752c,0438878671aca0379f3efc53c1a75290242c9a4f2ae599d5fb0350aaadc82fd1,polito.it,-49.0,46.0,528463611.0,29564967,AP-BCI-TZ-03,Staff
1bcb98906de00695025f460e02f34e3d78abd121b5f04edfeb6526c7e53de5f4,7d048faa656947d226da91829528d10de9aab29bdecf863525e2849efed03157,studenti.polito.it,-65.0,27.0,569984.0,228834,AP-AMM-1N-XP01-03,Student
f6618b5e615f7f2f9b0e987d5a857e69c58a5a860ffef4e96a8bf050de7b1ad5,beb6db6bbf22a4bdc09508fb58db0a3071fc59d0ce3f3848f227227c80f3a843,studenti.polito.it,-67.0,27.0,7159935.0,4231399,AP-LING-AULA304,Student
8458079ead10ba69cfe7c31e083f7b7d3f347b33fe2d415392adce5e77cef436,bb4a61e726bace19b8ae4a838cd2dc522069d86e7e0c510007d27c54323df692,studenti.polito.it,-56.0,37.0,19709756.0,1960197,AP-MIXTO-03,Student
581b2a48c945026df1350c4ae10ad047783c2d16fd1b665f57264ff6064f8deb,e6cac246c9f6b17ee29852f1bbb3a889e349f7cc50c84b6040424909864d4b9f,studenti.polito.it,-46.0,43.0,21101597.0,6645276,AP-AULAR2-01,Student
b6cc43a6fb4be12682b5cdbbf0526e0b481a02f3b0be7aac721a194ce5dca4c4,43b723c76c1a432b2cb1dcdf728b9c71f813e4006bc63ff025b5f01517264180,studenti.polito.it,-52.0,42.0,124258081.0,3940854,AP-AULA4C-01,Student
4f37930cbdab9d2ed6ba48a65e6684c55e90b8784e67c750645dbcd8ef6b1007,a2f053d6a5b0aad885f2e333bca352eaf00cd8280daf172c3a081eb6cf6c1fde,studenti.polito.it,-50.0,45.0,69832566.0,6632397,AP-AULA4-04,Student
6caa91f01072524d5b9cf2d33346426a6cf3aba136ce3aecf042c90f0ad08109,737c93515aac4c1067d7e231bff2bd04c561bb42f54356e9b5bab8334fa9f56e,studenti.polito.it,-69.0,24.0,527647998.0,40351356,AP-GESD2-04,Student
13298eb016966948fcda022a89fe7fbb27323a19b0a3db29c1a34cbb313f84ec,095c74c14d1250768d7b1094c77841ad76f9781e8e0ff75166050ad63a6ba1a3,studenti.polito.it,-49.0,44.0,89612453.0,39023893,AP-BCI-TZ-01,Student
8d0fd03c98e9202631278bcba171c110964ddce51acbdbc9f1d74a789e45b3c5,ab19b9e5c5a3dc1382009d30bb210de403bbad467c60a94c0c5dafa9a2e68bf4,studenti.polito.it,-38.0,51.0,232850454.0,6119662,AP-LAIB4-01,Student
992863d7156749c46399eaf3b9d68d074f17dcccbbbf8207cc528edeac5119ff,f248413ee0ccdfa8ac9b41ff64677ec72f283e53979770fc4b8d7a5ca147b72a,studenti.polito.it,-48.0,35.0,314478.0,224070,AP-AULA6C-01,Student
f51054f7006b4b0c814763bcd01800cd99823ea5d0f2f0db6b2d957e6a9e55e1,18852db7c817cca0cd03544f24c673c2fd78a8ac2a2aa8f6afb8e8408ba1d700,studenti.polito.it,-48.0,46.0,110531791.0,4753881,AP-AULA05-04,Student
8e4070269065a1b90b4578bd5122f2515f44486fc22198d90159d7a6ef119116,8aa12a1185bed086f987620a01d40e26c131d0fd0256dc00587de916ea463806,studenti.polito.it,-56.0,38.0,13261805.0,2633847,AP-AULA4C-01,Student
0f433c655a03f3519ceb2a4e70dc977a85df0a6c3abb5f7aafada2f8552ce837,4cb3f940757ef26c63338b6bf38705c8c3784d98736bdac20523e852fb60ba5d,studenti.polito.it,-50.0,44.0,183417541.0,11137452,AP-EXREALEMUTUA-R2A-P0,Student
671c6c8c142dce1106c352adef84d535450864e4f5cd355b5ab287c06957201b,a31855b9c4feb80ac40d7869633f6a71ac9c7b9c8719c9aa1d7befd26fe004fa,studenti.polito.it,-50.0,42.0,157712606.0,8150874,AP-SETTE-AULA13AM,Student
157b05c3b041a02434b04f859c45bc95839dbdda4a3884e5c20ac491a44859f8,00f6ee7ffed720923f9a300358abe5f605a4cdb7350f56d6d81579a50d760cb7,studenti.polito.it,-72.0,23.0,64766898.0,16224822,AP-AULA2-04,Student
6b4215ba7b22104ca6adf7c92b73b91a2d8a18ec26fffb2a1e87276e88f5f9b8,20d4968b46ea4c2f7b016d789c32e06beb4a60ee1baeb74caa49709f057f16fa,studenti.polito.it,-51.0,41.0,25358403.0,2745920,AP-AULA15A-01,Student
3b9445596cb5413d4f1708648799cfcc8141e7d68ce85a8b3cf8a9708a9bbf5f,4f384c901aa890cef85a7ab0c708a76440840477669f79ebde91e812bebfd8bc,polito.it,-50.0,46.0,53036120.0,6223811,AP-AULA29-02,Staff
f6e4b1aa19dde8c1f15c38a5af01160b86e068b4d3343ecfe7b6ea77dfac468a,f9391550ad6ca047b35fb2b75a9db925294ede2368314309345c2908f6a6edb4,studenti.polito.it,-55.0,40.0,34599781.0,1670823,AP-CIT-EXCELID,Student
faa10d09382ec627eba7821593ea2b572202fd5b9ec82b9c9de2cc9ad49afaa4,7d8c33bde5b76b357594c2880bde0668be6628fbc858d41ab569b64867b547c7,studenti.polito.it,-60.0,34.0,8155334.0,965573,AP-AULA3M-01,Student
b05111f8fde33e16c75338cb3483784551ddf197e66b770bf9538e9918103d12,e8aec91941eec7aa21aaf50c94ec8a293a866733ae6198c45b99bdda11a976d5,studenti.polito.it,-50.0,44.0,106592145.0,3668942,AP-INGCINEMA-03,Student
a0ef861aa37e65f97358881a15218d214e0ed236e058a051c0a1f3b39ae9ac38,03cd33b1beb12cdab5259ced45637505af8d047e50196822cca474d551ce3d75,studenti.polito.it,-74.0,22.0,358204.0,162009,AP-CORTILE-06,Student
f6ee51a5f6ffc9a7e710d5fd827eaadecdcfdb548e62c3d5063d99c2bfce3333,28d6c80f08bed2f322d608717c5e3a9d19286349dc1482347e838f8f682acfdc,studenti.polito.it,-67.0,22.0,188370.0,138431,AP-ENERGY-LAB01,Student
9acf12e49c6c90e9316fdb33d27a0dc3f6149457fff78b1688752e6e4e65d863,c11dfc7b6932bb426144175465a3f802fa92c60738eefdca5e06562fbe728d94,studenti.polito.it,-50.0,44.0,88811103.0,126598817,AP-AULA01-03,Student
740ff073c93535abec798c5510b932f520565c83191ee475e6d2625829fa7955,049d0333fb63c7bc05f46d05fa002a20ad4414f8576d7c8d6fb748d9fafe4535,studenti.polito.it,-50.0,47.0,1914459922.0,65638323,AP-AULA08-03,Student
a4955115ee0cddf5d570d977f64d04179d1239da293ca53dae0f18596c81819e,83a84e065d571a43882d131cd89490d51ab82f7d1cea547d1b33bca41d704dd9,polito.it,-59.0,34.0,2117285.0,921619,AP-DIMEC15,Staff
4252737c4a9fe034a66345d1deeceebf53f3bc224bd050e4f959a85b1662c91b,232db446f9bb8817f68f807b24a32093966df04ff9f89434ecd484efb16c58c6,studenti.polito.it,-47.0,43.0,451455.0,177058,AP-CORPOZ-03,Student
b43fb780937bfe50114dc2e7fd28ca9c8a14685d1ef7109a944c7f95135c6ea5,94815b153c684fbc960be9a6bb048c1c2be2d668f5f9134d6d2e0423a5d8b59b,studenti.polito.it,-46.0,47.0,9580045.0,4037138,AP-SALASTUDIO4-02,Student
e41f04f17cd8797246eb4e0a3da6ae26d4c458a34b73f56878b5efce0f542fdd,e831de75acfd0a81f7f90caca47320b5758c19c8869553c857e7c44cccc686b3,polito.it,-75.0,19.0,49305205.0,8703677,AP-AULA11-13,Staff
c110cfddf3e6be57354be38f073e77c92965cf075e100edb74ca24f16c555cdb,1089dcb803d2b24d3c6ca4afae3b86cbb87fd564c39e3255e4075d24f8d5d408,studenti.polito.it,-57.0,33.0,26643705.0,2285389,AP-AULA08-05,Student
ca4e1a35d2e24ccde89f18586ca214cea1076f0d8483c73ce1b2b2171a7d9a1c,749048ec443aa517709f81695c6fa1447898b2abfcc909275bd79634525d3a69,studenti.polito.it,-52.0,45.0,23303614.0,4250659,AP-AULA27-05-OFF,Student
f7bca822f205a3579818ec5a6191c5e80a2981b0ff66ff7c4bfbcdabce86afa8,4d159f1f457ae7af9f589900f763791f8531e1e2a31c73d678ba765c4faf91bd,studenti.polito.it,-65.0,31.0,37346369.0,3181231,AP-VALE-CHEVA06,Student
9920dcc64d244a76bbd45bce0e34f144127ee135017f6884da56477177e3119c,b2940ad90d6ad836cbb389c1c2904af5ea3b782c6130b08d5c7f53d3a6afb269,studenti.polito.it,-53.0,40.0,73652.0,83697,AP-INGCINEMA-03,Student
02f09d08c73a3c245ab8a69101c9c30a614c802e0583e725d278f811689e8bef,a0510781a1116507c2c19bd8697b084425720f8ca27cc784cf475651d3da4de0,studenti.polito.it,-57.0,36.0,20236.0,17024,AP-AULAR4B-01,Student
82da287f2b95c118b58dcaf4cb040babf7e65daf2968a7fbc5222b98d6f1007d,6155abdeaacedf723992954c4e854e27c4fda8c68c5d4e4edb60c8c5a4057f35,studenti.polito.it,-57.0,40.0,218035986.0,4580777,AP-AULA1T-01,Student
bcf31f50671ee5d8bd3e8d58a4ccc61d4f5fdd6b1babf1de6f992fea9d32763a,e0b521e9a3acf784e57a07ff368c29e06b53b4a5ccbc6fda41e6edc334c6be5d,studenti.polito.it,-65.0,28.0,7405672.0,13262110,AP-GESD2-03,Student
3306cea094e21fc249c2140d4197102342847c3cdd81bc3fc2d811a52ee047a5,dd5ac3b8a33952ce38172ebe806dc0999fdf0a6f417722f83872336e863b3e05,studenti.polito.it,-58.0,35.0,1169887775.0,46241361,AP-AULA1VM-01,Student
add30bef54f8eee4c06cc5bd60ae7a2cf5efbcf37e7c3e6e88552c2ce8d382dc,d71db5b2ab810cf60e51ace9469568437fdaa26481f441ba5c45e4631491fddf,studenti.polito.it,-56.0,38.0,191881335.0,6227555,AP-VALE-BCA-04,Student
9c5b9050f3e6e15eb3c7638619c8fc27bb66a1ceb20007fdcc656bb62c6e8f71,f245332f839f523a78cd78cea5c57a2ec17a973de593f8bfbc22f694ec770470,polito.it,-62.0,33.0,154160238.0,14255221,AP-AULA-DENINA,Staff
350eb58741db209e2cd7ca6622e35e4e452ebadb9ec527eb33756d355176c46c,2c15bff09fa18e8440150dc7d5ea46ea58c0d9430091fec369d3344af6f25be2,studenti.polito.it,-56.0,37.0,233828803.0,7053591,AP-SETTE-SALASTUDIOA,Student
4a914d1bc50c47ec948f987f6c3476e2daf336979b45db1783dc17364c5761d0,fc2baf5da99a06e80ca6b653f971aaec1d8e9efac214a6e4f9793441a1475c41,studenti.polito.it,-66.0,26.0,1968962.0,6266225,AP-EXREALEMUTUA-R2A-P0,Student
5168a96f94e73abaf45e664d72b4e373493f684834c6c0f63fbb2c3fec035436,04f2ed1d2884b47765e5895fe09b81387e6158415b0330d00563d7ac2fec96f9,studenti.polito.it,-57.0,37.0,28197665.0,2802808,AP-AULA8N-01,Student
8d740aaf48df60eafe702492c18d4812c2632599dd51357a196267b27ef3bd0a,eada3020f970006eb8caecf96362841ea934a8a8151a470bfdb3d5783d9504dc,studenti.polito.it,-47.0,42.0,1427860516.0,26590780,AP-AULASTUDIOR2-01,Student
b98dd8c4ec6e47cbda1d064910c8f278d890bc9ddb402777a11989bdb984641f,f1223dc5f626848e1fa509c700c85dea002a4dc925e1c92f2eecd15034f4d355,eduroam.mwn.de,-60.0,29.0,1519436.0,847368,AP-MIXTO-04,External
00d7933de7450b64791ed646612bc9213b11263bf98458aacddc3d4ef396870a,991a9fce6bbfe05f4ff43173620bb96bff486e2a832fcb36c27e12db46bbcdec,studenti.polito.it,-52.0,40.0,82468809.0,12119414,AP-AULA11S-01,Student
cf31fcbccfc393e4b7919ad3739525e20d0b3e804862fb5dab5ebb9d3b47499d,a2cb3213c871e595318174b0d5df33f6134a53230b31eec6e3a91b9335a6c9a2,studenti.polito.it,-60.0,33.0,7877.0,5049,AP-BARDENISE-1E-01,Student
dde92ddf1d539885b9794dd240f3312a376b97d501ab5eab502cd770a9365436,1b5393aa6c9441c138f9369f778287c9f582cc3ecc5a01cc67fe050c371b1203,studenti.polito.it,-47.0,44.0,262661281.0,8269362,AP-AULAR4B-04,Student
9b6a719f552efee1d5ddedee1f98b6facdb174ef7646e52584d6c94eb598b59d,94815b153c684fbc960be9a6bb048c1c2be2d668f5f9134d6d2e0423a5d8b59b,studenti.polito.it,-43.0,49.0,40959945.0,7219632,AP-SALASTUDIO4-02,Student
1bc663baa8a2528cc959cc026d4f6ce18cc2e7321c660bae83782618fa35f683,8c633484d14365c3027945c9b30014460a432a86ff0670eca21e75cc2889a45f,studenti.polito.it,-50.0,44.0,4944878.0,741760,AP-AULA10,Student
f24761b6d0b3a68c7e3bd991c8971310ab4c29771dcc389160c3063cc538e3d8,d87a061bfe3888d3dbb936af9ca30f2eff21bced9b66047f927c52456132e900,studenti.polito.it,-55.0,37.0,1202826.0,394152,AP-LAIB2B-02,Student
bb7a702e5b9565aa93fa5a250d74ef00091c23dae817377daa290a2f511dcdd1,ffc0a8a543ac3d286155eedb5f5c7b6ae9d48bc88f76e27d20e3b88803e996d2,polito.it,-44.0,47.0,728768853.0,14653983,AP-DET-P3-3,Staff
e67406bf49bd4db85f134f36180e6bebd01d3692dc8cad7c350405e107a453c9,d3affeb1c7959001173b94e04d53f3d3028e6755031b3409219e5ecaaaeeea51,studenti.polito.it,-65.0,27.0,294313250.0,14329399,AP-CIT-DET2-03,Student
213c33e35809becb2e55b0d42ebebf7b5861a94fa1e163c4a245780f1506e6a1,03d802241121c6b96d735e58e6845a82b7d36f4fd3bea1b8c52f6c22a8e81b0f,studenti.polito.it,-87.0,8.0,118803.0,47907,AP-AULA2T-03,Student
aae648113b0a24fcdbfa2b7ce205fc96b8780c697ce5edde43a234621d8cd049,10a4049ed3795d853ab41aec5924f8e21154979bc3975325c47c3ec84b33e571,studenti.polito.it,-57.0,36.0,1726337.0,865987,AP-AULA1M-01,Student
eb9666fb195d9fb1059697b475bc87c44a26a5bbb413c2d6d560a0722262e227,fcfbe2d90f142247947c35939b0d3a2cc2ac975d3395bfdb29d3a06c6da54111,studenti.polito.it,-56.0,40.0,49912521.0,4930581,AP-AULA4-03,Student
467895fbab5a631e14d6c3c7669227d9d46122a629a0998a246242a00359cba0,5fa518d7b0bf721939e40eaada72959a0395bffa937a17fc103861b2de19f3b1,studenti.polito.it,-43.0,49.0,466851.0,163436,AP-SETTE-AULA04AM-2,Student
473b367364797a4df5c83f59cd1831f008ad9c023b19b3b41dc38e21924bbb39,ea08409f7c10dfd51d5404e3c57266f7031bed28ebe369e03ad5fced2cb2392c,studenti.polito.it,-52.0,43.0,67491230.0,6092980,AP-AULA2C-02,Student
2b2d581524f7fa0d926321ce67233708fbae2e898ff23d3b1dd626e4f88b5160,1b2a74dc947e8c94696b49a93aa1616eec35314f8ed75ac7a0788284a7102572,studenti.polito.it,-55.0,33.0,252218544.0,77867688,AP-AULA7N-01,Student
3148284492ce99ab0870a09af0005273f278f5e830471992acf74f596c1f4cc4,de360ce2302c5a53beecd81b13e163e569e6740c5b7916c0a6f6f09b1284f2e3,studenti.polito.it,-70.0,21.0,68962499.0,2134883,AP-LING-AULA305,Student
3ef16e54e56e64de986eeeaa636d1be66c83641d650d968c1e72c07bd3d0116e,1c922a4f7565c1a9e8cead9d30ce7f08ecda0d5462e5c366baac4a3afb9e7e31,studenti.polito.it,-62.0,31.0,126902190.0,13537512,AP-LING-AULA207,Student
1ce26c0dfd79d2b903b28e9eda6cf03d23f73db8c92de20036ceaff7fb4794d6,719d0dfae916477cd63f8afa5c0a84aec2ffd666aa99fb32d7e251b84d96e6fe,studenti.polito.it,-50.0,44.0,8878646.0,2085617,AP-AULA01-03,Student
8b84be9edde81c74cbcb443fa016a1e73518f688175156871dcd20d2c17307bf,a6f0ac46ee360e50fa2c2a4f75d511ad0ed9a75e764b8c1e9a0ab0d687f3385b,studenti.polito.it,-60.0,35.0,225857173.0,15953563,AP-AULA08-05,Student
064195346493e6cbef25cca9d36812a4bf42b14dde86149cdd42b8ea3ed959ab,e2ff2a47ff64af9afab3f4876b5462447983c0dd8df99eb81bd53324b48521bb,studenti.polito.it,-83.0,7.0,244047.0,188721,AP-OA,Student
effe59368ae0a4f408484cee5beb5dd4fbf3c8d552113ffbd8ac04b300782707,41a4b3f33f2b0ed119846cfff9a3e046e25301cefa2a949f18189ebbfa14d507,studenti.polito.it,-56.0,41.0,726267212.0,17513839,AP-AULA27-05-OFF,Student
3ee1702ad447ac23a280803541af04e6056989a3ce9782e66bcd8e1cc2c01499,129219783ccdbc246c9be641bbd73ef348f5754bd67851283bbb0b64cf1b6dd4,studenti.polito.it,-63.0,31.0,56891914.0,5831997,AP-LING-AULA207,Student
c59fad54108745826e847efe7a220af21aca814779142e850037791d145501c3,b73ca267f32d9b4977d74434b0bbd32a27f502b2b7f7011a4132254b584e7fc7,polito.it,-83.0,9.0,94488.0,61332,AP-DIMEC09,Staff
8e0d135e393019d4ba73e5e6bae5bb8a5cab31d7810b911c2b1696fe9c06454f,4bb79a5cf456948f62f1ba69f4483044047598038c144ad750647b6b1ffcd75f,studenti.polito.it,-60.0,34.0,18189088.0,2496718,AP-AULA13-02,Student
7d9a772bafb69f6f703b1129aad573acecbc4a205b157100269f91b91964726d,a733c36cd7da728830278dff019a411fe1dcadc3212f17a0ba4c00ac7983259b,studenti.polito.it,-55.0,41.0,121832102.0,3761059,AP-AULA2P-02,Student
c749bd47a2a3a8dfedf85d9f7c45b828047241c5c4fdb68c2fd6ac7569874f16,aa8951ee266861f1a8dc66c00166834a36979f64c749d1432c63b1a7203d8368,studenti.polito.it,-53.0,36.0,17599936.0,3080405,AP-AULA3D-01,Student
ed48582ec3726a5c9c8af9256e4385ad97394a3d6e5ecc24340cf2b23bb83b05,3d7d99395bbda798c73ea2b54b64861921c9ec44566b648ed124e500b6d4e1d1,studenti.polito.it,-55.0,39.0,987252391.0,25901462,AP-FRONTE-AULA12,Student
6bb63cd99bcabba7c4fc9c2e3a2b21d1d00543b3b6f07e6c47b2bedb3043d3fb,40255376d1486a4581f747cf5d7d1580bc2dd74e843891d29e47595b2164ede3,studenti.polito.it,-53.0,43.0,83707214.0,3532814,AP-LING-AULA204,Student
64c09a6f6b2314889828f227d32533ec2237f5b6b13f186fb86b28c2b92b0799,e87fd486a577834e4c81ee2398b41e0f1201e40ba929b27874a465c3d112f346,studenti.polito.it,-43.0,47.0,1065631.0,472839,AP-AULA3D-02,Student
f12def0709c336d7ae4831775cac709c7dc87ffbc3c38dc9b87fbc97271d0eb6,49ce16643f0f82b4fc3dbce79ceb1f5c6b9f0a4b39bd73578a97e2340563a03a,studenti.polito.it,-54.0,41.0,22287361.0,12446135,AP-AULA4-04,Student
f743bcdaa73d09875e743aacc336e7ab0f2244eae8f4fc0563ae648c65d60104,f607bee46f1f78d6fa6c75a293e152b995b5453f3526d2868359e7199f4aa190,studenti.polito.it,-80.0,16.0,3178896.0,778410,AP-LING-RECEPTION,Student
40e0382216d21e502ca526f0fb7c7b1ede7ab5dcc0b03e93768c4f01d45e331c,51210ce6530563c7ba2b877a138e8533dea66fb4d98b7764efbcef0efac8bfd2,studenti.polito.it,-68.0,25.0,9513968.0,973770,AP-AULA2M-02,Student
6b67b6888a88e61b1aa6030bcb3b1903adb45f5fb307831c8ae9132045acda37,11137fc1d4c60a5a71e8994909c37d3b05b1684ac26c6b5847694e28e075a80e,studenti.polito.it,-59.0,29.0,19356099.0,802418,AP-INGCINEMA-03,Student
8baf2d87b0adea082407782e5400b070948dfb2fcc79c96e603b6f6793e765e4,85959d87e6dc9df234858e6f943be240aa8d3762d9164a2ae7a6c21154d466b2,studenti.polito.it,-53.0,39.0,2784968.0,1513835,AP-AULA1T-02,Student
4a9b9c72ea307dbf13276faf41e83f9642034affd8d7c1ed53dcc76d2f2ad693,a64c4ec05e397122e03298dc653182156e66be19c883cc13ef7b0459f41e78c3,studenti.polito.it,-55.0,40.0,9474773.0,915448,AP-AULA4-02,Student
7825db656058503048751fc35bd7f1f1432af43dc2215815118b3d78c0f848ae,0fe15bd710bfb193b130bff8bb0670196bc4be9cf7dc0cb6a5bc978de288e613,studenti.polito.it,-62.0,36.0,3095561.0,708181,AP-AULA01-03,Student
a4f4e9d9426f0cf616e66d3a1eb59917670bfce06ab33f087e2d8cd73f99f8b3,e54b327ad8804416c8ece8faf2874341a630e4d33c1cef12c08cf1bbe381ba37,polito.it,-61.0,30.0,238194943.0,18858850,AP-AMM-1N-XP01-04,Staff
b7e61fe64a44e3ba4158c30762924ae6af91e47bab6b5b3bbf87aeb480840e7a,e95be685c9e1f35c2836ff760d880c772a39f563e8cd88b6758e381b6dfc743c,studenti.polito.it,-42.0,50.0,63913833.0,5010520,AP-CIT-LABINF-01,Student
33924a8ad66ae1b21a431085ede7795813fb662624847810fbad08e1ea2c7807,2c977605c2087e6ce04754bb43851236cbba1519e6f73bb12646a3e128a2936d,studenti.polito.it,-54.0,38.0,355231466.0,30015926,AP-AULA6-02,Student
da8a94dc70c258121dde3ff408ad8968e2a4e5f1015eaca74568e9c28bc7232c,e107cf8794c0be4b8c02dbc5fd054daa616c8e465116c7c8a1a39cd21e389487,student.rug.nl,-50.0,40.0,3590982.0,1322862,AP-AULA7N-02,External
97914b6d38d604d9fe43190aac635752d49cec22dee55571895b9c9bb71a57c1,001d3a4a92a4a88c34509ea3b2d900e0cfeb96154cb6ea4f16728a5de1f3b1a1,studenti.polito.it,-60.0,31.0,30369331.0,7799609,AP-AULA05-02,Student
becda447a02131c49852b7281de4d06e3acef556be6a91658ff41160c13fdf0d,ae8bb2eb54930a090eee62b4a619af7130ea2b1ef0af2b5ec08ff205cc360a6d,studenti.polito.it,-62.0,28.0,19242996.0,4124415,AP-AULA10,Student
d38e52d71f5737ffad5b017c4b3b67f3151e46c98aae589c9aeb608d7ff2bfcf,5f128d486157b77d960f20f5f3e852e78671ebe5f62bda6aebbb1e9a58b67980,studenti.polito.it,-53.0,44.0,1230944.0,547268,AP-AULA8D-01,Student
63a86c1438b031e8b17401ceffc9f0a3433d0c465a5e8beda31398ef7f8c9cca,0b31d1c590703e8faa120e94c3233ca7b95faa8d038ce74a59f21e150d716421,studenti.polito.it,-45.0,39.0,117197987.0,8408170,AP-VALE-BCA-03,Student
5b046780988a5336bfebe1c01fedcd21998f389534b7eaa9bdefc26c2b42e07d,c875b7bcbce181e2c7b4a5518439dcfb7614165547a71877d15591e9fe168984,studenti.polito.it,-73.0,22.0,2754117.0,76640,AP-LING-AULA208,Student
b1c7b33dca83117999fd651e6a89d30720bfee71ec4a04064ab82c3b70511d80,3576ea9f0a8c14d4777e09432a9503fb01a8b5f29f7eac609f66ace58e12db74,polito.it,-50.0,42.0,1856680443.0,55291653,AP-VALE-BCA-ST-02,Staff
d20ebdfd91fc5c07fa8fc17ddff27f71064d74e73be5f8cf2cd8c404dfb1c8b9,34375e6682305e81f673379b6c2f9956964f7f4973ca57481c515d9850d1cc2c,polito.it,-57.0,35.0,77191914.0,9223927,AP-AULA03-01,Staff
e7e4825f2a84490b0318a5e505c58de05d336d3209fc1c01b5fe33c426954123,dade7a0f73726022af2c54c0ae646737881260796e06bac8b62f0e1aa0e35e76,studenti.polito.it,-45.0,48.0,343562354.0,32850060,AP-AULA6C-01,Student
7343e6095ea29c4a19ab8cac1e5b6e5f11a3f2ee654b2c2c00e0ced16d513800,,,,44.0,288498.0,20694,AP-AULA5S-03,Unknown
0149ffde9c70a89afbfcc32d7f09cbd67ffc9efdf086e4659af35a864cb65b1f,d8f1a64fd94cc916fb902131ab89ad1e84cdc5b9c593a9996032e575fb310244,studenti.polito.it,-55.0,41.0,157236881.0,8350264,AP-BCI-TZ-03,Student
d2b383cd055a67ace20c258db3e555113558472adedafa20bd3c24a77eb2d04d,f6ac2703baa9ff6272485f63f8e437886ec0997643faebd014500badade70ee7,studenti.polito.it,-58.0,37.0,9599145.0,1323808,AP-BCI-06,Student
acc103ef09210018bf9769b0c6111cd128e6a93889ee9dada2223feb2e5fbac5,,,,13.0,105616.0,7945,AP-AULA10,Unknown
0942f67c8c06c46a04df6399741d2c1f9e71ed04d5accfced600e6fc1dc1ff42,090614c40ab7bf35f2ed08a4365024a1235780e3bfb5350acad8603979ca39ae,polito.it,-57.0,35.0,13440977.0,2134617,AP-DENERCT02,Staff
b07afab950e0f6ae9e15d73f76c60c8bf0ec49176b3f487004368b3cf3d53770,61adb194fc460fe673d4239bc6b998f5e5777e48d820958d4dd64e5a90030ef2,studenti.polito.it,-54.0,42.0,98272641.0,5063822,AP-AULA2P-01,Student
8f0d69ec1519543e760300514ff853c97a8cbcf15a65aa9c0582d7a1fa881d70,8d3f7e5db2e90012bff912d5c4a683a67afeffd6c1d40cfc5930d28c91285858,studenti.polito.it,-38.0,48.0,368417644.0,639976604,AP-AULA05-02,Student
3774d401a3c1c4e98c5996713a2618f744aa0599cc031db4383e3b7f35ffcc5d,2e7c005395d5228b697a1cae3c005e2003007030294d8ee893c7821102edea5f,polito.it,-52.0,42.0,140376325.0,8049101,AP-VALE-DIST-01,Staff
ce663562092d8beac6aa7f9f4b7732e9090a19893bd41cef8789b47533d9a414,140a1d76923e9cbefe5fa8a4362675be5a04ea78da75ab4cb1495506982a5c69,studenti.polito.it,-67.0,20.0,408790388.0,40633969,AP-LAIB2B-01,Student
34a9dea164698cb433dcf4b20943976fc133db4c927005ffc340c4ec380fb18d,8f0bd0d6b55bb218058ed0423ab453b256f5e29d4d514db165023020d0af74ee,studenti.polito.it,-70.0,25.0,16186728.0,764987,AP-AULA3P-04,Student
2f0085cccb966fd0a2e1161c4095339c390460235bca393cbf5adb20582db86d,cc08f292d8b940cdf03df672250471e2ffa96fc4d1b108953dc2aafeaf7f37da,studenti.polito.it,-46.0,46.0,820349386.0,176141923,AP-LAB-ANGLESIO-04,Student
a5e933e404a0b4b764b9186d3884a2f156e15e910187f72642966c42934b1a22,f9cff849e40416dabb425adae1ee1cfc00f79291b45db1f8930a867e3f27c087,studenti.polito.it,-54.0,40.0,13533891.0,2269681,AP-DIMAT05,Student
8007b207a72e8c4457e0c843c8947873746a361651c176de798fd4f89d47d130,29242e96a5be4692959c33d91ceca8ac5283ff3e54a6628d4861d110dff0d8c1,stud.ntnu.no,-63.0,28.0,25460180.0,16271409,AP-AULA05-01,External
2f5818f741fc99839de55da460d22d2f4ad7454002ac00114e4852b6a5b2a820,5eb8d1ed2fc588c834c7564f140a83e89f2995cf2c5d4e31a7998e0c74089714,studenti.polito.it,-51.0,43.0,750731566.0,54014823,AP-LING-AULA301-2,Student
e06973e70441619f9c83bb9c6dd6a4ee6fd0df8d261204c822d1a0eb51e3e109,78102f0c8abec4b281d150ed1037d873eb0097d49c15cf6a2b561716cf3d479e,studenti.polito.it,-53.0,54.0,2319129.0,733854,AP-AULA3P-01,Student
53fd74c59c7e718e7ec2ef095cc6a482e793777c2ef99c618184aa99d59f3b79,d9bea6a9c4cd42b79e0c81a3e7c5841b41574519bdbd729ec097f25a4c181777,studenti.polito.it,-63.0,27.0,102778551.0,4468974,AP-AULA3I-02,Student
60ce61f42e82e72d156aecb928574f7c9536a8b0df69c0b15d3e20e01595da63,62c70a7b128f506c33d0b8d637161ed4790c53962c026b1046e841692ceea4a3,studenti.polito.it,-69.0,26.0,477494148.0,36706357,AP-BCI-08,Student
bae61cfe4385cb23b1760b777af003192dbe4c7859cf324ee515032ccc4dfff3,f8f723f33f023d34a9a44093fb488b5b70636bd444a0e00461fc25f45b7a1663,polito.it,-53.0,40.0,28782281.0,1891608,AP-LABDTTF,Staff
a68aa17d8e1c848e98725770993ada3e68eb746675d71d550d75605216478044,8dd8e20c3b087aa9db6ca3474f23287424ee33df1f7fd7dee00de73a7bd49a6a,studenti.polito.it,-70.0,22.0,4471969.0,226993,AP-OA,Student
108ec160b9c9ccbd3d6a1b8987fd928b41a12266b21dc8213da83ed06a6423b4,d0e4f15fcef91fe71451f4f0c4ff1d5d7f09fa84f821fc9357f5efd036bf5392,studenti.polito.it,-59.0,32.0,1590423.0,466668,AP-SETTE-LAIB1S,Student
70f21f717d2647f9adcf4292be27b3e22342d709f9354dd3e9af1368b46d1a97,b2a1432da4452cf32a38528e1369ca50f461b938742c2595dc5b9b1f855dab2c,studenti.polito.it,-60.0,35.0,1837834.0,862596,AP-BCI-05,Student
25fea17069e4ccc3f4e44301ebed5214717ae5859dbd794bee6e35d76c3af6a0,f45b5ba9ef2d92a70ae34612b07dec5bc7b66aee1a0573a3aa50cdbe43b634bf,studenti.polito.it,-65.0,29.0,51342552.0,12313730,AP-AULA2I-02,Student
98fdeb96649969c04b7238e001a9ebd3f8ebdd9d1e2a8041487f14b092f452f1,6d674cd0a3847d5545d54241f3ccd0476c9c8697e913ca032cf5fba2025a66c4,studenti.polito.it,-48.0,45.0,52288827.0,4383177,AP-AULA2D-02,Student
e9d4212fae2b655ae2bf5eade6fe843af962a49f191e4973a0e1a48654878c2d,d7cf8fde9be1ae21e19583b44a59ed0d12b2b41fd692f361fa337ca1cd3919d5,studenti.polito.it,-48.0,49.0,97302004.0,10646269,AP-PERUCCA-01,Student
006f3cd63d9c31524a99aa52368194c8fd5ddeecff8a0944422b3310cf29ead5,096bc6f42b5cc0b0267d779521a4800925ba90f00cc036752460ff557f53f483,polito.it,-71.0,18.0,527444461.0,27926389,AP-DELEN03,Staff
b70219dc1bd1f10a142d5762ff3482b9cb624f215cf48e168302ff62dd8bc7d0,73bbe348c25aafdf84cdabb7961b805d3589b43b420337d8bcde5b2914b46348,polito.it,-72.0,18.0,164921940.0,25622774,AP-DELET02,Staff
e9f6a9dfb25e05846e7955a1b9c980c903fa10dfaff3f92f27e787516f335b69,3cf9704798c7ee0162cfb12636fa28caee45edc57c98d39d5577846fbc4c7edf,studenti.polito.it,-64.0,30.0,17227109.0,2811204,AP-AULA4I-01,Student
75a581fea8b01844f8a39f66b18a89e3cb6fc07d7c0c57488d18df27da9650c4,90367529796e2e0c60fc51d0140d5770c0ca01defb31600f06ee1f52705a7f40,studenti.polito.it,-68.0,22.0,2071163.0,1296975,AP-AULA4I-02,Student
bbf64f81e04a7e2556afc8806b2c848c773ea785d79bc977f461dfdb77273e6f,e96440267ee38c0acbb6c996730dc04d4c4e36ec1b3fd0a117a548a927c6f388,studenti.polito.it,-69.0,22.0,8468071.0,810672,AP-AULA12-01,Student
c4b8950661ab25c7718b99df7ebefeb2ec8b4cfb5c2e5b9bf14dd9ae4a914dea,f2a28e83b198f7e07a51986c724d08975760b02fccc3e75304558688e1031eea,studenti.polito.it,-49.0,44.0,214600960.0,2819087,AP-AULA1T-02,Student
9bdcc2499f1f9bef8eaff47d253a68d3402fd4e7d1ba35cbf3d84966b534cff9,7ada123bd058eaa8dd995f061c744545d9a8f390aa1c7f79a385cc3d26d738a8,polito.it,-65.0,29.0,214852.0,145876,AP-AULA12-03,Staff
54ec23b8d400221af997c2cac89ef4a42bd67e067f246afdbd4e3f186ae09c07,65216c373b432b094c18098901eebdd14d530432a05502a9824870e400b20dce,studenti.polito.it,-45.0,45.0,240032859.0,12136898,AP-BCI-TZ-01,Student
4f14ce7777f9e3f5d9f9c7f19c90252ead5778bc0e3ee1f202c1efee87e03765,a31855b9c4feb80ac40d7869633f6a71ac9c7b9c8719c9aa1d7befd26fe004fa,studenti.polito.it,-49.0,43.0,2635130385.0,1752011164,AP-SETTE-AULA13AM,Student
0bceb33b54312fc2fdc85b40012d8c01fd9fa13e0e97f98cb50c62ea20af4374,904b8f339c246577da2793177a1a160eb52ebd5f9f5023f7dc8c705396e52453,studenti.polito.it,-82.0,13.0,6218415465.0,190148812,AP-AULA10,Student
c7396c2fae6c4292bec57708e7695c8c8b4a5991095662f71bac51dfb976554c,a4343cd48a218e58b2b12d7f44326401a0014c6f9afd8b8235f364f899166287,studenti.polito.it,-48.0,46.0,122290016.0,20524744,AP-AULAR3-02,Student
0bd5401fe55cfa431c542a343375c95a5a0fd729f2ec1d604023e330915adfbe,24e0960277d545e96b2c1740199ff89865b991a850cb61c3587e85d6305818d0,studenti.polito.it,-51.0,43.0,29494866.0,4370578,AP-AULAR2B-04,Student
9a6ea347eaa59c142dabf8f834f6a680a6afe309eecefa71efdd57a0714c6a09,b1e95f95ecb6da8c20d5765aa583ef1ee08595cb3e8b21c91d38a921e1449304,polito.it,-57.0,36.0,1659140938.0,1087896167,AP-COV-C3B-XP03-14,Staff
66bc403eee8ae9ff0c765b4227189733768e21dbd2a84e42439ee5900610ac73,a75f0e1b31a3e262401258bb8a53860d73985d7b83f1ac9e3ef20da2906c3bf1,studenti.polito.it,-53.0,40.0,429025.0,162239,AP-AULA2-03,Student
e9c89bc2b6fc67d066af4372176b45e19d6c05fe331cc20606f755da635e1386,d94960e53e92c052a5433d6161ced4a10a9f6a03120f73ce4f66d07e2ecb1eb6,studenti.polito.it,-56.0,36.0,1700891.0,1010588,AP-LING-AULA305,Student
a61678dbc277b73e08f81c377c053fdec015d80e217f07ea8374713559efb507,060ffefc32825634fc31e6e615cb66672d1510251878dc8a7fea19b707f7c56f,studenti.polito.it,-55.0,40.0,698340664.0,12473543,AP-AULA29B-03,Student
3e32feee0909e8eec458243a99f8c63ccfa426927615f74fa18adda48b391c9a,2ec7e4366bb4f41156529bbca092c64cc2eecf0986bd61d8955ad6738cd46ae9,polito.it,-76.0,19.0,51369950.0,18686882,AP-AREAIT-2C-XP02-01,Staff
18a1327d9306379e049eec7ef8404bfd30ab9d9adb740e6758f7c99b01dad0e9,225b8d894dea55c6a015814c1224fd38cbc78ddeb7d01481365e18f37dc0a92f,studenti.polito.it,-86.0,5.0,347643.0,228033,AP-ACQUARIO,Student
8a72e99f81431ef444bc2fbf5fc4052137405b80eb227ea65465770eed4fdca4,fb81aa34a13103262a834a4227d76bf58ce4d5e0bdff538c00a8ec2c6c9dfef8,polito.it,-79.0,14.0,72674723.0,12613157,AP-DAUIN03,Staff
a1e023730051cf79a13dd9e705e85143dbc9b8af118c5e86cd50194039927169,34ef17cebc95fb2815e5cf03642ebd385ae298aedbb07a3193f8d1a3d166d1a6,studenti.polito.it,-89.0,5.0,12925432.0,1039177,AP-DENERCT02,Student
ff52e23741cfb02f363eee6484b64ce32491dd60a354d9b81945d5ec943d50d8,3972f82a79c046d36499b333eb804a0878f713ce9b76a1239dad6adb3b6dfd39,studenti.polito.it,-67.0,26.0,158414225.0,8169922,AP-AULA5M-01,Student
727fe41f95274774da2a87fa37b1d167b83d59e6c05ba491b55056190efb31f8,15383c310dfcf62fe049e12e573fe79862b5e3ef04fb57ae3c85d5f616f09fa0,studenti.polito.it,-47.0,46.0,3484497.0,666967,AP-AULA29-01,Student
cfdfe685df115689219403d15af42b324e0e3087f0ac4063096b88af20b216e8,16320ab9370796d93454f604ee870185fa9aeaaf6f5910084387ebd1c1aa9e4c,studenti.polito.it,-55.0,35.0,139428113.0,15969322,AP-SALASTUDIO4-02,Student
d948ef10d69e4906a83052c4986dfe3e1de4d21f737f2f4e76a12c344b85d360,ec1535ea1485908c1fca425eba15cbbc8a5969a2adfa3d55ff5e5b59d2719cc8,polito.it,-74.0,18.0,247203900.0,113955278,AP-INTE03,Staff
41483128fad32bc6b8f0f66a2c9825eb2ddf7e5c69fcfad73a56af80a16f465e,526ab5d5640d16b984c8da26169cade465aece35089022b9ffa204c8518e0f4d,studenti.polito.it,-56.0,34.0,18832885.0,2012097,AP-AULAR3-01,Student
7ad41d697903c0420f3fc20366d955ff8753b7e1026a49c254b1ab43e001f393,5fe5e04423e1bbd54727af2f506fc1dce232abf71f979f33bdde097b2dc0a424,polito.it,-52.0,41.0,3386933644.0,948917773,AP-DICHI-3O-P3-02,Staff
dc7ccd000b4f8424dad70f173b9f74306c12f0459c207f71761f5876aad6eda6,50b7805c9e6e42c8ce6690b29e49851a37bd8d659c82a2e5f33eaaf2a7df96c3,polito.it,-53.0,40.0,1609027.0,17577003,AP-CIT-DET3-02,Staff
8702ddffff18a338ccbd2b83324f1206b37318a17e34130caa92795c93867e95,db1fe2df0dffc912463f5cba6708549b2d7e9db019dcd0032c940b98084bb752,studenti.polito.it,-79.0,10.0,14006756873.0,137166195,AP-AULA25-TM-01,Student
a86dfc33fdb06dc0b5cd66e98e0cf796930efac713ff3f84f6a9a473a8389ced,40fd303596bf74792b4707dd4b141ab2d0f25b66b836e596037ec22316098af1,polito.it,-52.0,34.0,18044714.0,10766466,AP-SETTE-DAD-03,Staff
872c2122667de0959754326be265cac9bb14f140d67d70ba06eb9a1d0d57ed70,2508acaaabda31c2fe567924e396e12e90a56253c4fe395b11b655df46ad8a15,studenti.polito.it,-51.0,42.0,12750322.0,2793826,AP-AULA29-05-OFF,Student
e817b7fb5ea1265302c00ca0ad71750ae7a5069b0c063d846636ec4f68bedfd3,c80d4b1b940e002acadc1e631ed7a59a783f6142dcb5ce191b8b018718edc927,studenti.polito.it,-72.0,19.0,1536648364.0,797104227,AP-VALE-DAD8,Student
d9f13f778c4e853d74169bf43977013f51c9d4b3a4a8afda17a6e375ef4b065f,7827528371e55036d5369002a218766e29f86e337926c1f153214269db3d6eb7,polito.it,-60.0,33.0,102040144.0,34485729,AP-CIT-DET4-02,Staff
b89e65628fd3ebf86359e8f4d7190db87592eaef57585caf10e77c434e0b1d43,dfd184e8122c84b70b4521b86a34f4b430e1c2f6f6867dc246d9bb1f494c8aa9,studenti.polito.it,-44.0,54.0,42305474.0,13355446,AP-MVI-AULAMAGNA-01,Student
8457d568db66e7d2dbb1394e79abdfbc1f4090ba92b8217475045064008efb89,58e9bbb2ecb3003025255f6c1575edd5f70ce237e0e821659dbd8c25ebb709ca,studenti.polito.it,-49.0,44.0,58895800.0,26916588,AP-AULA8C-02,Student
663854dd5a89be3c7d5ffc86239b3d16eb60e34852db18aed00b23a76afb93f8,bb45ee3d2988c55fad4fb76aef2faad94bd3c922805c93ca36955dd5d587f13f,studenti.polito.it,-59.0,32.0,94478957.0,3065347,AP-CORRIDOIOAULER-02,Student
41e3027f5c99ca2ca017540cf8f2cb104fa50da0dfa56402c0038bb35227f335,dc00a6bb4718d8795a3ddf2f3df8d7a39526c47e065a591a16c925be09b2eaf0,polito.it,-54.0,39.0,256505412.0,15078167,AP-LAIB2,Staff
5fd709631686c625ddf3fae400219e778662c6e93ddcd251f9257bcadf42fa5b,f42aee2718a5fbb167fba2529f06c3983c6c0dc76b79b20fdbaec8304489f197,studenti.polito.it,-72.0,20.0,65605750.0,11084223,AP-LING-AULA300-2,Student
61cd54293028787728e4e640d59349af76758d09166c1fda2f23ac87f48839b6,938cdfdcd4877147c5be4197d270cf32885f548eed607e882eb0067f71094cc6,polito.it,-47.0,47.0,2663593290.0,7924889382,AP-ENERGY-EC1A-02,Staff
146a7b6d19baab1141c58f82c59540624e5e544688aabd7518bc76a26ecea7d1,b7774636ea79103c760d4b9613faec36dda5d6af3ef2019e21a299619354a0bc,polito.it,-56.0,40.0,369539026.0,525219927,AP-DISPEA03,Staff
490c783fbb315f218ae4f805ebae3ee0b8a11249997425908b48aeadc324678d,e2031d42d074103a3dbe68d522b596cf0dcee1840a1c26e2dc1c79ae51a783ea,polito.it,-57.0,37.0,118390382.0,27463265,AP-AULA6I-01,Staff
116b6478804a101f1a59241a2f7467b155a3b580644c0929ef5ef4e2720ca7e5,006729485fc4cbe67e383c66d4c60a99288d8b445f19e617301b57b9a2cf8559,polito.it,-72.0,22.0,1293082816.0,2067333594,AP-SARTT,Staff
f414addd498c2d38fc6d9b3d5325f66b760bb96d22fafbf1314534d1a72491e2,2beebd17fdcd8b3a2005a7fa36af139650a92870cf84db787de1924a74465abf,polito.it,-62.0,32.0,20778828.0,3896065,AP-DITAG02,Staff
aa089b41de8779bb6376abcecf46f22f8278ae41d869dc96039ac7b9689482ec,5bca1b669fe6fbbbe5fc347e8586ee7cbdfca9c2016b0deec53772f7afd0ef22,polito.it,-56.0,38.0,1205840009.0,190275803,AP-INTE01,Staff
da79605c26faa46eb64f46605560e653e03d0946f257c92055a3791c5071e848,1f2bf6fb60e9c6fb3942f61c3441e90deae6cd41aaeabce63c88e2e0e9ee36c2,polito.it,-65.0,33.0,1091545107.0,57825138,AP-DISPEA04,Staff
f252e7f411197bf613360d16d3d42ced694121301e98dadb1bb3a8feb81226e6,9fb540e94521153d6883fedccf29c2b217992ea808bbda1d3e3a9556214bff88,polito.it,-49.0,43.0,0.0,0,AP-LAIB5,Staff
c7b767f5b2d21b4ae564a3d78075ffd6118e456c9b3410d129a6ad15b90596f8,2c8b9dbc40c091d041483ffd2766269fd32460f6f9491596e9902911bf965d43,studenti.polito.it,-63.0,30.0,429020956.0,53666517,AP-VALE-AULA4V,Student
c7ed6afc862a0f11eed00a604d9bf6117c0ba74a1bdbec780d87b0383d893e99,aef95fe62aa7075be2cdfc514ef771266be0b5c44623f5146b31c5309a2de838,polito.it,-84.0,8.0,683293133.0,414958835,AP-AULA23-TM-01,Staff
a3e3856305ab5a99f0f8a04355f913819e363fed769d671b499b369dc0dc876f,f65ba09701db4d07ed99b29e5afee05e8ad30f80e57b763be60b4d16b7683bd8,polito.it,-60.0,29.0,2823691024.0,145769353,AP-CIT-DET4-04,Staff
75941d762d2680e1b743a465fbc4359d9b7e8a5db7ffabdad2573517994c8fac,e36ea64b040a0936532d451426a219f6a799d351258209b57070934ab4f22f9d,polito.it,-65.0,33.0,6873334469.0,473602474,AP-AULA13S-01,Staff
5c4bd1656836bac7ad9d6517cfc5502fa0f3512a88a12ef704f4ec31b2177911,0682a2f762560928d15162fbb3e6714f4e8d4708769c4d458ea051d7460ce857,polito.it,-56.0,37.0,5285188.0,2019665,AP-CIT-DET1-01,Staff
fab287442e20fa187d846e3649ebebdfff83d4c254aa6d9aed43d3f42fc47f35,cfd6bdf3a11d4fe5dbb781fe319083a156bdf0d4b0934922e3e250b1e68df928,studenti.polito.it,-53.0,39.0,819421601.0,180224676,AP-DISMIC25,Student
c43f9542538f4b221a24ef72e87b388310ddd0e477e6c43cba969d9a6cf4de20,5f4bb5a4ac89a6494425d3a360f0f88a240051a0c35d7b2f53189d3f3ce30f83,polito.it,-68.0,18.0,80272482.0,32109695,AP-DISMIC08,Staff
0097dfa090a0ee1ef6b56078b0429ca2bf9ce18232c89f59fcf3919ddc26051c,b8aade0e1df564780f39a36efd41e9c88a6849807532cce7751ddb812e2f58c8,studenti.polito.it,-55.0,40.0,71944606.0,11253891,AP-AULA05-01,Student
9fa414f69f98a9b567720b2292b1b41039151deaeaaf2334eef4c94c447f99ef,3641c652d0e0a5d541f7fd00984f01853ae41cd281acf1feb53e61068f6d2ef1,studenti.polito.it,-51.0,36.0,15582165.0,3694781,AP-AULASTUDIO3-3,Student
8c3af8e55a5a961dae4d798d109d7e767e884437e165c60677f637c4328eb5a0,b1df523e419c85ead87135510b2a38288bb61c16fb1c5e2368f45de06a3d26c6,studenti.polito.it,-61.0,31.0,251033014.0,15511951,AP-LAB-ANGLESIO-04,Student
183119c3fe429c5068717553662b4567da315d8b66c71cddd75616684a247c52,822bfdf31f8acab4002172da643f2a477b6b071c755fe38f76c153e68203bb8f,studenti.polito.it,-57.0,34.0,229008251.0,59453849,AP-GESD2-02,Student
f6ec3144b0d3d63f3c06f038a35bc6b373f9b0b51d1a9f68e17e0ee093912986,9a7cdd31441fe6296defee8342851ea6a9815b207b07cc3f9e17d0061655235a,studenti.polito.it,-49.0,44.0,140856089.0,50753096,AP-AULA4D-01,Student
7ded6323702d2aff17a69c9da75b87df683f1e5fad6ccc61fca25b0dc2ec6c58,,,,49.0,7029.0,2392,AP-LING-AULA210,Unknown
f2698bbaddbe7cd2b682c7fa37992c6ce356390e04d01657dd2867c42481541f,0ee42b39290d9ec1efa00931a2989e61587f450ebcfb2b0a5d65002cfdf14713,studenti.polito.it,-59.0,35.0,46819022.0,8846302,AP-AULA2I-01,Student
139c7162a973a3211ca245ac398137907b07299b040201db9f17ea5b2d60d3a0,d9159c144acf97cc465ff077fafa51081f4d948e2ac96566031024e55163be05,studenti.polito.it,-64.0,27.0,6914052.0,2392452,AP-CIT-LABINF-02,Student
7dc514a2cf962a198f67303bb068cdccaeb5cebf4b084a8455fff9a77a5ff073,7b4bbe72eb645e7df978bcf0819425bf970b2f369dcc3e2c63f4039f68997669,studenti.polito.it,-52.0,33.0,3152862038.0,46930874,AP-CIT-EXCELID,Student
cd997f6dc0d917f04acdb279010bbc5096fdab2ebea1a5376324ee902d40e478,20307b9933f8aee2993f999121049fc7d802f31cc90e82586a6e730315a605b7,studenti.polito.it,-54.0,34.0,53628345.0,11841269,AP-ENERGY-04,Student
8fea0ff22b4eeedc5319a362ade9cffad7a05203680414da382b19a9e9490d3e,a3c73ad8c9edb748148199465617e30a7bad4db0747d826e95ec2358fa5ca90a,polito.it,-57.0,39.0,368062459.0,25578167,AP-DIMEAS03,Staff
d066068752762fc1607c4a35074ef77dd653695d2048073c8e4b430c2ed9eacd,54fb99fb409ddd63ea743887d6c0dd2bb73168d3191ece5be5b40fa87823654d,polito.it,-62.0,32.0,87561627.0,9749901,AP-CIT-DET4-02,Staff
9b7f069cb97cd9acc73844935e812cfc2f04ee4df09127181854ba87f2be5a98,57dcf3e265fa91182005c2b8099f015bc1c1e20973272dafb828b949ae620390,studenti.polito.it,-79.0,16.0,40391999.0,10952257,AP-DIMEC08,Student
67c5a359396417e6a51fc44fc9b805d979da6833bf01c30e590deb7eaa257e2f,3c7c250f48e925d3729af8ee2a89011cf308b7e5275078c37f65615610d37d8a,studenti.polito.it,-58.0,34.0,41554655.0,11238700,AP-DENERCT01,Student
067cfd89ee6474806f1f284b07442f8c280558f4790ae26ba4509602d0875bde,3c1c61435738c5e484fbb014522ee7686e84fad0090557d6b0015c3c65af963f,studenti.polito.it,-55.0,39.0,55614.0,70821,AP-SETTE-LAIB2S,Student
c558983a23cda62bd8e0831ce5cd809e24f3cc5558dd7c5e60c03db1e0204000,5052e1ab4f5179dea01f2908915be57b3d528f5b80f90f2f23230b70ba765846,studenti.polito.it,-50.0,41.0,278587491.0,9251562,AP-AULA01-03,Student
bf219d2545b0cdeaaacfb87b0fc3ee9e75fb2769498e56ad4bc647004b3ae6ae,06a976f9cb7386169a477c53c1213d93910098a964f9a89a5d8b3003d9734260,polito.it,-78.0,19.0,46239.0,31350,AP-SALAMICHELIS,Staff
d078426722878e361044d8286b30185f5b86e155b6926e918bf6abc8e5235907,891e44ac9fad0e6b4bafd1986e45cf2c28a9c8cea2007a3c9f792c87259849de,studenti.polito.it,-58.0,36.0,84113.0,58087,AP-AULAR4-03,Student
380d46890437cc24d54ebf527e0614350f431c97de88d8eb709c73ad28c10702,59d87a054f68604e83f5273dd44d8b240153a2fa70036ecac01f281a0a97d0ad,studenti.polito.it,-79.0,14.0,9523.0,5454,AP-FRONTE-AULA12,Student
a26ac7cf3181f4c6370f9ff17b8a6fdf88a20809c61df38c463dcab209897859,15b5724b696600bf7bbf54698da38a639dc38328b88e88b2aba332d81211d2bf,studenti.polito.it,-58.0,35.0,146890245.0,5265158,AP-AULA15A-01,Student
3cace5e173e63fa320dbd43b36b17c0fb9262a8c90139e78e68e72038fceaf11,5e02b6b0cd810a0295086aa6cb2ca5f5c761557c41b0063804277eeba42aad0f,studenti.polito.it,-49.0,46.0,66577776.0,6699003,AP-MIXTO-01,Student
85065107ff06fcdac8ee5cdd9a032ed86a8a1ce10049dbc0cbd63bf211a62ab0,4b6554c8ed87d42612519b43ea285bafdb170f52074e8a0d07cd0d1b66db2216,studenti.polito.it,-77.0,11.0,7249221.0,2200134,AP-AULA2-03,Student
188262658884b9d41f849c53242772f0bf361fa3995de63d51550525a5f59226,50bde968a2bf0b8bb5f09b49762f1ae2c869bb2359ee63c49b2e747dae477e17,studenti.polito.it,-65.0,20.0,1740516.0,3203291,AP-DISMIC08,Student
85df1a63f7c96b5a2ad1d61133caadd4a2cc63024010de998f24b69e21b75bbc,d8e6f6403e16375f55799421ba842fd0c4f2378e2bb7b4558b4d26ebe049b022,studenti.polito.it,-58.0,35.0,66212485.0,7203303,AP-CIT-EXCELID,Student
c40befad8f4e343b565d057034422f43a3c5e17cc72328d1621ea252a0fcca2d,26fc863d4c5b4eed734036980eae0f2e3fa1be157cdbd5ee9c99ddd62aced792,studenti.polito.it,-41.0,54.0,26476316.0,783846314,AP-BCI-05,Student
b80255e212d98aedde8182d4e4be9ebb66cd3ef93f820a2ea95323f58f12e686,7701a23a9181905a23315caa64ec81d9e031259b28e7adf737089b933e7e023e,studenti.polito.it,-53.0,41.0,1780358.0,718763,AP-AULAR2-04,Student
1d46a39a7c0fa5a8fdd7fcb0dbc7386a2a41928922761f2b8c32bbe9b3e06b7a,63825db7b7d40931507ecb5bb22a15b639dba5713444d47534001c29e4fe873c,studenti.polito.it,-54.0,38.0,186289532.0,12508668,AP-EXREALEMUTUA-R2A-P0,Student
24b3245aa3505fe35058ba64b29496c2d4b30dd87208f9f15739a56edc3935c3,247130eb190dcf2d06f4996f40f3d879da871cf2c399d307b405fc378ff850f3,studenti.polito.it,-54.0,36.0,2041380.0,1090992,AP-SETTE-SALASTUDIOE,Student
cb4da559cda13b687b5d0aa09ce33aba415834c067bbb451b842efae0503e81b,8722195fbb2d28f4830d656af4290d5fcf2795bb41c606bc7ca78d9b6a01829c,polito.it,-63.0,25.0,106460105.0,2085758,AP-CIT-DAUIN2-02,Staff
2ca82fe560759e5a8055c08b892a8f9761092b085cd6acd2eca4b7df861bd631,78487d2a0f699cdf6e04579e0917583ecd273a42efc3856a7f06004998da85c3,studenti.polito.it,-58.0,35.0,396650.0,230382,AP-CIT-DET3-04,Student
89208c4ed1920bf70be2b3595cbd6e0193173b368c652c2ac56677fc0b746105,601ec67a624fa7f506fd847c25c7d9535ba5821eea1421fd54f72a8638cbef38,studenti.polito.it,-66.0,26.0,891045.0,713980,AP-CORRIDOIOAULER-10,Student
40dcf62ef30f77d5ee04780b7ace5dbf64d5ca0e72aee3e034a8d4da75aff170,d0e504a39b929ca8ce9936078d33daf52e3a591d7659463c228a63a21f461658,studenti.polito.it,-52.0,42.0,405110930.0,195604633,AP-AULA03-02,Student
b2d308bfdd8f58495810e7340c80ea9015e6d18ac95e6879c1f23fd7a9d52aab,dd6cc718ce20eb60907e44c4684abca5448ab2021ab33a02a5cbbd3acb05abda,studenti.polito.it,-60.0,34.0,883618.0,616623,AP-CIT-DET3-02,Student
116976fe8967e195c1ea2871c07511ac32d710268e33f9094145a1372bd60fea,4da569f00977a139bb2c6229deddd264fa0b1900bf47e462efdde60032adb121,studenti.polito.it,-60.0,31.0,82326140.0,118446422,AP-BCI-TZ-04,Student
4d23d7624ac89d69acaf4dfede1dd9d5d1c40733633b945ece2bec3ddb547d39,425729de5c0c9b7c72f1354882f91125dc213a3ebab42f6da822cf5196793b76,studenti.polito.it,-57.0,36.0,8108804.0,2821793,AP-TRENTO-TR1A-01,Student
0e92abe76c2189c86487d7537ebee4c054cc1c5172141cea25db9ddce171d30c,feec33f46f33521d070863a99ab5b7b5b2bcf13e0036f71cb179bb6d0a3910ba,alumnos.upm.es,-58.0,35.0,186258553.0,9001295,AP-AULA4I-02,External
b8e06cb132505862bb9e9809ca77bcb94222580a2bd1843f3559a4a84d85ffe2,a42db7767dd0399b834484787182a9c3f8606567d3a53c93aa2397a7f44939e9,polito.it,-59.0,37.0,304892280.0,16982383,AP-DIFIS01,Staff
8bc5bb76b17bbc9a0cb28199a13923950ceffae7b5b34c228fec2f88282dd37f,d90f19f6adae3417173b03314ea560cd2fe13c1f50c731c9c8f403e4160ae738,polito.it,-62.0,29.0,23722228.0,5161071,AP-DIMEC09,Staff
b4dbd06ce35fbbe613cf4491af03ae78124898a669f493fd60700f1a2ca6bb30,e76774fdbd24cbffecfd9b114eedc2447d92eac982cd7108949e6cd1d02608f5,studenti.polito.it,-41.0,36.0,48174792.0,10085859,AP-CIT-LABINF-01,Student
78124ae7e7ad5086130776290d1a9d11f6f441d8834bd5de15f688ca0eebf665,d61f0ccc77d266e7bfd208091e20d7901f46ebfb77fd09326468bb559c037f44,studenti.polito.it,-71.0,23.0,12719825.0,36749970,AP-AULA10,Student
df1c28e70239a522281bbcc6bc9653c87a36e1a505184a864f7edb2308bee47e,a9d741cedaef3d35c685e84c74404258f7903f41bf728a262fc0625635763a5b,polito.it,-58.0,33.0,62066266.0,1592078,AP-DAUIN01,Staff
14fc63d5ef61d2dee31810235e81e36f655b5b20899fa6671404826dfba1c6d1,48728f6919e05dfdc158e2766c3a2ff893187f2dbe37a4c0b0918f99cfa9fa0a,studenti.polito.it,-48.0,48.0,87804054.0,11952108,AP-BCI-ST-08,Student
e2b8c2963cd64b41ba830521ed3ec7502818bf03452390ce6168ef55c2010f92,6ac7d1b4dd46eb6c611b229f935739b0bcac97b6444ca024c27420cc995783b3,studenti.polito.it,-52.0,39.0,1328972.0,329824,AP-AULA05-02,Student
68d3f32b54018932c2089534b437a5d1330278c3e24c61676c8a3a0074d16958,4b0d287fc2ee117867b3e3fb9567f639aeb5f542d1d2434414dee833219bae4c,studenti.polito.it,-48.0,42.0,939554335.0,23410378,AP-LING-AULA300-1,Student
dde35f5922059b4db41eac4af623914091e581c9153ed13c3c85fd5133a8ece0,27eddd814b7a3bbf6a819194e5be0233cb04d1d374b3872c7fd72ff1e1e741d5,studenti.polito.it,-86.0,3.0,44684199.0,2068276,AP-CORRIDOIOAULER-04,Student
17a48c1db9c5233dcd67085c9d7dd7376abfddffac7d42c15ceffc3f5ef724e3,44b4b8ef84e259d90993c4adc7a59d7150d7da6fda243473419b301191c4d519,studenti.polito.it,-52.0,41.0,9536560.0,749055,AP-AULA8N-01,Student
a28b1a35d6222a7a76e69d87f3a1585038d8a63e74bc02d240b7114f59b9c0dd,9caa2925b7847e98daf60322ae128213bab6b3d93a5980a7976cdbfbeb5a95ff,studenti.polito.it,-56.0,35.0,190523.0,223106,AP-AULA4-03,Student
2e65ce0244ba0007358d9bc728868aae1d7352ce287bd483651c2f14efff691f,af8506e0181d718bfb6d38184c97e8323e4286c8f98be290664baab1aa6833ec,studenti.polito.it,-45.0,45.0,1503396465.0,6013741,AP-AULAR2-03,Student
539d9113ba8ad8c9d13173b0423ab06a2c580bd4ca19f9e3eedd763409b5ba40,f39dedcd0672833be9053062208ad5e4aad5a2f30706dc394f1c93f674636b78,studenti.polito.it,-49.0,46.0,1746290.0,2564557,AP-AULA08-04,Student
3b82e4f3d65f1afc396ade09ecd51fea2d56d912e4f8f1387cb2e5ef915bc2e3,d3ba5efcfc1c66dbd2640dcabb8e456d41a9328b3ec5a3ec104d6b8295caf4d0,studenti.polito.it,-46.0,46.0,110812265.0,643614630,AP-VALE-BCA-ST-02,Student
efb60a524a7ac2bc5264c877a9fe6218064b2ca84e28791bb4c454b966caae9f,3e20a3ff513c3a9ee88ddeeedd5805dd144559845cd56f69d3d0eda60743c792,studenti.polito.it,-53.0,40.0,87641901.0,8705998,AP-AULA9B-01,Student
16ac219c9f731f084517024254cb7a2877add47791c727715ff7b36700334a9d,9d114f73d3580f6d9990f67dc0e0a61432eb41c91ad805c0d4939458f79033ce,studenti.polito.it,-54.0,40.0,3566768.0,1242826,AP-AULA4C-01,Student
d276af4d3f4ed23ed7221e34b283dcdd76370d96b02247bd7add0a0df437485f,c40a1bf23362ef80bb0d2540abd33a1ead1a6a9ae8a8a364d63ec0c7e7c6870b,studenti.polito.it,-44.0,51.0,186879.0,148439,AP-AULA2P-04,Student
423e108565f4d38f1ab7f98b4834f021963b25df21b399fdae05db657f0d57d1,e85f46cead8af4babed31920569e25d3dabdfc120a67e28c19aac1f61ca818c3,studenti.polito.it,-53.0,41.0,742667.0,169748,AP-LAIB3B-02,Student
f251c6fb1ee90e194f546c081ad14cf9cba01c690d416c19b2ca515bc3366cdc,8536664cb404df53e6f0495287b53bbb1f274d9e415607685041af4376bea122,studenti.polito.it,-55.0,39.0,172248.0,156058,AP-LING-AULA300-2,Student
17d987e5adc0c880297bb6caee09fc150f6a1ffaa544bff2ebaf359caaee1d7b,fcb2e48ff83ce03ab9848709e74039fde814819c7844b7f00a0ac16731f776ab,polito.it,-74.0,21.0,45066787.0,6639914,AP-DISTR06,Staff
460b25622b9b72dd57eac9587e5ba78d7e1e9ea0dbf59dfd95a0468520979cde,e286fb2d015517f62052aef35131a6d70cd689e5555e17a07f85d7eada3bc3f5,studenti.polito.it,-53.0,40.0,253128533.0,458823603,AP-AULA1S-03,Student
593c8d52f85c8ca291e28ffd3a67fc2850d1de3a423c8767ec0dbda4e99cbbce,c8e49fe0153c1ff38a9f3cd61feb401262b20c77f6bcf3976980f61fa23338be,polito.it,-62.0,26.0,87675018.0,5798052,AP-CIT-DAUIN2-02,Staff
9258e664df7f9cd01bb0a1ff2076ce6867e297e4a1cf22a0c69f85c213cd2baf,841c3ca92df3f8b16da4b063c4cfc15e1b0bae2ea8dbeb30e859c8f37cf58aac,studenti.polito.it,-66.0,20.0,201150821.0,8059862,AP-OA,Student
cb9f952f3a9bee06ca038a5b2c96b8fe7a4c051462dcfcd48245387666eed479,ea08409f7c10dfd51d5404e3c57266f7031bed28ebe369e03ad5fced2cb2392c,studenti.polito.it,-55.0,40.0,2330541044.0,339249435,AP-AULA2C-01,Student
d6fd1dc8ca9740a3964b8afecf26152793d30af503222e108fe107ef9cf8ded7,26cf746c55983fb73d714eb880bc857cb2c92d1d0b9e29d6705249697e0c1370,studenti.polito.it,-42.0,54.0,11526448.0,184175573,AP-AULA27B-01,Student
69e8d8147a18c89549fa5bbb235584a4c52ddcc56391b3a5d965f5f72ffe92a1,7ed5d04778477b60ca83ce967742b45b38c2031da0b19356b359c4dbda9a87d8,studenti.polito.it,-67.0,21.0,12423243.0,4814757,AP-LAIB3-02,Student
409d053107af838766ec2baae7b27531a0f2fff28c4d07f3b6d9d5ea92e7a175,d12d9744d3cd09b2a2672c9c98ee3ca39b36d848e08f6e507cab59d892290740,studenti.polito.it,-37.0,55.0,1118016414.0,5096689,AP-GESD1-03,Student
911808b92bc3b064fdb60f850e631b2fe5519daeda3fddef71120dfaaa5ba243,d0eb87c1280f08ad6af48a4740c331ce1f911eca2edccd6fea1a9f287a14df6d,studenti.polito.it,-79.0,4.0,176585335.0,12058751,AP-DIGEPB,Student
0db16b0f5f9aa489b24a115025166a15707d58ce126ad83619e8d975b06a50ab,40ab0e8c1e0223a1ea1d6ebb41e7440e970d0f5613c168bccedad38e09a7310a,polito.it,-63.0,31.0,116787428.0,11929618,AP-DIMAT05,Staff
0b25601d3be69107d2017fdabf9edbc40f6e7d858d15f5036f26dfdf25dbac31,ecc25b9c7db31c9e2fa4ec13830dc153c0fd136ce25f123dfdcfa57191f60e60,polito.it,-53.0,43.0,18537652.0,1238871,AP-AULAR4B-02,Staff
175c4025311f4f1d72f0f8d288903381a6f03dff0b1477390c88f3ae261e6bea,7fe45892beca2c108254c222de58d9a0d9ca6cef6c80120b06ba151f15f801fa,studenti.polito.it,-87.0,3.0,242861790.0,11985307,AP-VALE-LOGI-1,Student
fe955505657ca82397f0bb6ba67e496d05be9e34d46e1a482f03afa581fb0cee,2e09758beb6dc4021dddf0dfdff7b987f5f1ad0f65aa659dc50bb751fb496ff6,studenti.polito.it,-51.0,40.0,1204349.0,406232,AP-MIXTO-04,Student
263b4cd5ca4d332c053c90d939ee1ad67ae47460f9f45425e17709a6a0b3b9c3,862b05b7cd6b809ade9d0a3fe566fdf50364d9bfb4d0af85f0885b1580803756,studenti.polito.it,-49.0,48.0,5417907.0,256330843,AP-AULA05-03,Student
9af47dd4d27431aae4d69197d24244b354ba79be7063a5de6bed93d5e9712fe5,0ea5c494520bb78d45b17580b1c632b6dfd6711fe89305d769e559eb0bd198a0,studenti.polito.it,-83.0,7.0,86097.0,53792,AP-CIT-DAUIN4-05,Student
af9ade543ef62731be4bb5e1761cfc636b556d2a2788ff1c74bd6ef518fca534,b184af4acdb7c0a57aee55f28d38f8ab65e94d153c136c31cac444fe43f3e456,studenti.polito.it,-59.0,29.0,142425407.0,8446136,AP-CORTILE-02,Student
4e6f57ed567b327b6a95971aea240034eaccc1b6ad5950327ae3312b676d8b1b,28a32628d28068098c68f1014321c137de8ac2faa9fc59814644b021a261ef71,studenti.polito.it,-66.0,20.0,1770335102.0,52396810,AP-INGCINEMA-03,Student
c01488eb0f64ca7f408bec05b96f69b4013fdcc30e074a10d03f327c65a0aa1e,e149df6dbf605a06e96dea14a2e038da5aeed8c1f8966d38934fc85b7c3df5a7,studenti.polito.it,-62.0,30.0,1978048.0,675451,AP-INGCINEMA-02,Student
626ca59c10135be26271d14039d5d388431abb708432a880159e7377fce6d647,c91e523a7af4a5028bd7834fd1c654c899f3f183a0b27b2d0c0ed07bc4cae79f,uniroma2.it,-56.0,38.0,342108681.0,13931928,AP-AULAR1-04,External
dc72fae9a3242ae10f12918741e8f266492689059f73653a5e65f03efbc8ad01,0ed81da7944f4914bdc6a65b80425de420e314326ef1bc98d76cdac36b2010de,studenti.polito.it,-52.0,41.0,51475.0,37052,AP-AULA3S-03,Student
892a19ddcba9e3eac833530652d52469c6201ea0a2ef01446526687e1c3f7663,7291ca91feefb915dd441b31c7c9a7ea6592e81bccf63e544eae51ddc5297729,studenti.polito.it,-41.0,56.0,50844770.0,2578523,AP-AULA16-03,Student
bc574bcbc5b538d9792e0b9198e0233ca72c590fb4b4e1b4b17d8790581f5e93,ecece98ce8ea831108d43d7c6b7725fcd28c76a1bc9d7318c73db42d924560f6,studenti.polito.it,-62.0,34.0,190864.0,13133072,AP-AULA13B-01,Student
27ac5ccf0a078c57f793f234d718d1b97c8025f8ff1c0fa1e75d97c14ffa12f7,d4ca1144792f67d182416b228199d85e16f0d396d3f0477d4cfc3c30ab870bca,studenti.polito.it,-39.0,56.0,3292354.0,888924,AP-BCI-05,Student
23604fd29b397091bc2e3bd0710cd6bedaa8c41979178d1bc88eef429a135be2,6ebe0470bd210388caaa225869a06033aa22801bb215ce4d9604f5bc018ee113,studenti.polito.it,-58.0,27.0,353618740.0,26845100,AP-OA,Student
8f4e196e19b04bc7c7b71a67ef197e05cb1243079fbc07330022dd3ce18cff00,0fa4fb926f4a483268d4b9ca7ad8c70ce64e2c84cf427fc3771d882970fbfdee,polito.it,-44.0,51.0,28014787.0,120618919,AP-AULA4-04,Staff
9497770280fa739c4e8ad58b6224cd31762955ccc376923971dfe96d76227f50,a1dfa74c1ce99ac7e6b116baa47ef4e2825d2676f658818f52e3b44e20df97ab,polito.it,-72.0,25.0,227527122.0,9456675,AP-DELEN06,Staff
1b1696dab41bce297a732e44c7e101ade133f557b8a712a4000d7736325e2239,45b3ba01e289ebc5d36015779943e2d91e78729e734e712473befbfb2f49cce5,studenti.polito.it,-52.0,41.0,17923484.0,2545529,AP-AULA01-02,Student
8c2fd34ae4e9f0ebc8d1d647fc68f8f45c4bb18d5ea8bae6608bd503a8558dca,2ae3c3aa67e9fdbc8c9ae3f93de6581d80e3da45e1968b168ede65f42cfce8d2,studenti.polito.it,-61.0,31.0,36916466.0,8583894,AP-AULA1M-02,Student
0b8077a27915a0a15d4afce7f7105775108a5651086bfd76838c7e3eef4edaeb,4342e4e0cbd8481c93081ad09851f21aee3b3b5bbdc6633f0fada9cde260cb8a,studenti.polito.it,-52.0,24.0,27866553.0,21760889,AP-AULA11B-02,Student
56530520978bb4d68a549d40ae1bfc1c943d8e784150285099279ca14d38389b,,,,,0.0,0,AP-DISMIC04,Unknown
3c88eda81917340a5feb93abd9f98b0606c73e050c3387c8bf121489cfe3ffb3,d8803901c297a3ec5b957f07621436f1f6b5fdf13bf25686c19e7b74edbec17b,polito.it,-61.0,33.0,45157728.0,4528008,AP-DISPEA07,Staff
3d27115de6c98862739a21070018e4ef610e954b9053ee251ac66527e7b3984b,142595447d2263608c97cd79242514ba2ae7476fa3b6bf6e389459a9373756c3,studenti.polito.it,-50.0,39.0,35984242.0,33487813,AP-AULASTUDIO3-3,Student
6561d2d57b0bd64e1b43979a9942b928697496f2d90b2e4a5f4bd48cf6a7350c,12832d9b6493c98e9864e1c752b5927d3027b7ce828dd012523ee78016073974,studenti.polito.it,-51.0,40.0,16701445.0,2845232,AP-SETTE-AULA13AM,Student
0eece44a8479dd16b07c6303ce88a37e9251df3ac8989071bbcc2e38e27f9604,fc3e88e9a31fdc895f94c4323ffd66d0b367b57f90ed9c0612e1b43b5686d926,studenti.polito.it,-61.0,32.0,272699252.0,8695376,AP-AULA4-02,Student
0f9a8aae291ad2d8f2a47f6f7dd52553a5e7eb860f6fc67626e3c4ed634217d0,c0ecd225aa1389c71c412ef20e5b5985b5ee8efad30a1f1de042c8107999fa63,studenti.polito.it,-46.0,47.0,365931652.0,1660718076,AP-MIXTO-01,Student
8b7c947ca1d1d48ee5cda9cee4e711ec78fa36602cb7110eea6cde188f32fb35,d6133245f311e7d8f53ab7be80042ba0d03e687eab2a661a039b8e534fcf8e88,studenti.polito.it,-54.0,41.0,83485168.0,5954479,AP-AULA3P-02,Student
ee910d94d5036821927a24afcd7284e261e09a47c9a7790b70b5e8681bae562e,44e902aae174017a2aeb81f84bcd3a130b804e22a7870c0ec38ff3fb8cd5f250,studenti.polito.it,-53.0,38.0,6527426.0,6969520,AP-AULA19A-02,Student
e9087dc56f52099fdecf767a63662fcb7e230be5c0e8fcf6e6b81ef4953f0ca2,7c4dd6b5c8a5d990cdc3c6088e341f7012e7ee061110c4709fb5590660a68ba4,studenti.polito.it,-58.0,35.0,3875239.0,19087405,AP-AULA6I-01,Student
1dd36d88c57fb56b0d59b838465e0668367d75202c76129b9a5f7ceabf7b8fbf,fe2da47e103a5b2018103eaab7bc5a27f8d41cec1c9352deeb9ae88047ad9f1c,studenti.polito.it,-54.0,40.0,17001235.0,1730954,AP-AULA8N-01,Student
fdb419fc89dfadcc012955383de2af572ee1186a3503684c5726ca4af950b3c9,47fc428713ae4ffa435240cb97f4c72fe67cbc361c3d5b55cfb0a7cffdc9ced8,studenti.polito.it,-47.0,45.0,26141487.0,5929962,AP-CIT-LABINF-01,Student
09ee654456cca3d23c4e6d316f166ea0ddc59b72629ce86afd12c707a3b24546,347b9b403d880fc7eb7ea018d2604b9531e689236f4e4cf37be518a3731d53ac,polito.it,-59.0,34.0,140627811.0,144447552,AP-CIT-DET4-01,Staff
69d44711b7ef52071da85eea88a5d5d499c15665f1f5b9c2a7d5d94153c63ac2,678d45737303004ec69d2eb88588adcc948c918185ed6af1482723a143069599,studenti.polito.it,-82.0,4.0,1092317.0,461956,AP-AULA2I-01,Student
1e88f84fc81c3964195c969575da1652a256e89b24f0bf3eac42aae0549d128a,b76e8db51cb3cd5adc46b822778de685e1920d05579150f7e07aa052ee49eb97,studenti.polito.it,-70.0,24.0,611670.0,818940,AP-DIMEC18,Student
8b2617bf32a8830e155f428e85df314d312ea2572464d624bd698349887cc37d,442e046d56595d5bb4efeae946cd7496ae568397ab2058af903e2a36427c75ed,studenti.polito.it,-57.0,37.0,436598583.0,33456504,AP-AULA2I-01,Student
8eb72024610e5beebbe62b0833e8faf3e615333033a2d0e183eea91c3e81eb3e,abfaebaa53a0c5ec6c00950872a558f93b635ee5df9dc0fe4a9307ae5f42c3be,studenti.polito.it,-69.0,25.0,588553098.0,34965975,AP-ASSTUD01,Student
fd30eff5bff2f3da3b9ef30cb65c3bc4c70f9298f4b3ee905260c5b94b2dc899,d4ca1144792f67d182416b228199d85e16f0d396d3f0477d4cfc3c30ab870bca,studenti.polito.it,-42.0,53.0,147749189.0,11842331,AP-BCI-05,Student
ee96f66985254a4912b74e005d5530437f86cce928aaf6b04338e02c9806d039,6664ee1799472ad7717764bf89a56ea574fac406595c1136e1df50af3bb4fb7e,studenti.polito.it,-51.0,41.0,141012990.0,41055405,AP-CIT-DET2-03,Student
742aa349e2c001a74944fa3f2cf7a7d402ad57fe4f3a72305a66604e88cb88e3,40e059a565eb329a815276594a8f1a85204d17320bafda9b07cc42e136ede2c4,polito.it,-67.0,25.0,81544055.0,17165428,AP-CIT-DET2-03,Staff
13e4767ceddccc4834cbbdf3322fc2df0d8c4c0a16288067bdeb611e6e396a60,a1cdc662fff4e1d94283c7e90b4c4515af944d9b2510c54dc1e744ab79edf703,studenti.polito.it,-71.0,20.0,79509289.0,9603155,AP-DELET01,Student
fe3826d0e6c15ecb2bfad3ec1177f720141e04365b64782f524e4fb5f3be1e68,6029f989e686e147d60cde3b64191737c1a0eb4c8755da4e10d5fc97c72d6121,studenti.polito.it,-61.0,35.0,388191264.0,39076574,AP-AULA2D-01,Student
246aa495d70dfdb6f1cb5eea8dfd19a1dac33456c7b40d410f0423b1d5a37bbc,0c0edef1e2366dd55e01d49625bed6ad5cff98fa58c3be750debd8e82d0853ce,studenti.polito.it,-51.0,40.0,59877949.0,8055064,AP-CIT-EXCELID,Student
4dc97754d6294c75cdb1005f63fbf544bb62f1530b1b4c1a7b45c5a4ffae0956,b01bc8b8029ac680c8dcace1ce3031da6c3ba4ab99e23eb9205765d1fcaa5233,studenti.polito.it,-50.0,43.0,577122580.0,36734008,AP-AULASTUDIO3-2,Student
3eebc9e6c7ee41f1491c195646ef0d3c1142f20bbf11e0ac62114d384cf560e6,2855d7edaf8f421d6e044ae8e3f37170421547bd76ef70a9fa9cc6808ec7febf,studenti.polito.it,-60.0,31.0,173529892.0,22394792,AP-COV-C3B-XP03-14,Student
d7f2a8b6e60b72056a054614171ad9881d22c625fe45088a8ca3e5ae905d7f0e,422f075ac56c608b468dcdb8e9196305f4c61abfa6f2feea7991361d06a210a9,studenti.polito.it,-54.0,39.0,5080299.0,1347851,AP-AULA11T-02,Student
ab02f4155ac39c3fd18f481f2d7d61cce54a60fbded09a9ee562584870544b4d,849d9cec75c411b654eb2d17c32c917e11cec41fd79180d5d2fe8ca4bf049369,studenti.polito.it,-55.0,37.0,57950918.0,8497243,AP-AULA1M-02,Student
ba73ae9ac208fbf8b959ae2b81caf5bbe3014bce12864971652d143e1bf83959,4aa95a004e541a5cdb8fb5cd2f1d9ffcfca42c724168b1f7c5d2668ebcb64d2b,studenti.polito.it,-29.0,57.0,6444761.0,1977373,AP-SETTE-SALASTUDIOA,Student
8a8454d78dcbcd171b6ed01ffe23e3d6198d0fd79b9f80692b77597262aab8e7,,,,27.0,0.0,0,AP-BCI-TZ-01,Unknown
7bdb68ee6638973357c7568135488d544c1cda43c6eaa758440745abba56fee1,ffd6a4a62a8d507899fb179dab38e6a8de149099fe1196b77c371c5a2c8683a9,studenti.polito.it,-60.0,28.0,20492275.0,4786055,AP-AULASTUDIO3-3,Student
2362b0e87b0299182fcb1fe84765192d864c66d69b342ef2135222b0d4d1acfa,406b322078179c7ac46b5dad2ee7f8910d8ca82ae210d912196cb6fcc81bbfcf,studenti.polito.it,-60.0,13.0,1805359.0,1672560,AP-LING-AULA212,Student
721223db0b41761dcd856436f5a4f9ebba0f6c279f83ab737b247682ace76cbf,571b67e2696e506c6e848f025bf23d0d5b5035c2043c707d05fe366ae1c9c9c1,studenti.polito.it,-56.0,36.0,27581273.0,7722670,AP-INGCINEMA-02,Student
ff0130ed01e8e6395a3877f16a4c9bd9d3f4a633125c30840640e6ebb02b4c73,117ebace8445832ca64a8d1a2b5ff227c067104b0374d61f54ccf96e6db0c97b,studenti.polito.it,-58.0,35.0,284940794.0,18830557,AP-SETTE-LAIB2S,Student
412ec4d0980223d597bf049f5f3e6d3f24d5c2be6c891cbe096569e6cd34a6a2,f1e02b776e7b6af80010a7a951aa2412186e49004c4700041c067a1a16ce1e4b,studenti.polito.it,-45.0,48.0,178000906.0,4232766,AP-SETTE-AULA04AM-2,Student
34ae1284d404a964b507ec81bbe1a61a7d99934677b5076c0484e49173394b6b,326c6998b3885e944f2241802e58b5f4d99eebb1d2b2f2d93f472cad823113c1,studenti.polito.it,-51.0,41.0,153384572.0,30124170,AP-AULA5M-01,Student
74b2119511f621a28e20a5c62dc1e3c05b58c30b7819fc2a51692a5ce2229d61,2da0647cfe4863aa410ff9f53db3487634f6eededdcc538f734fbf2c4b65fbae,studenti.polito.it,-59.0,34.0,1049725323.0,202493249,AP-LING-AULA305,Student
0f7d9c1d6c07b6a9e877822fc5cb3db33df30948304011d479dd46266dd3827b,5da577537010c36b454f2176b97c8be6840774591be9ff4d6e1d6650174f851c,studenti.polito.it,-57.0,38.0,11897697.0,2283294,AP-AULA2T-01,Student
25e1bc59fec6ad87b1567cdeed6db0719dfbb35dec4e12be91e25978c533ce6f,18b22d48d79e955e77adc63509c1b4c45f3d8c93f156e7167393c17414664176,polito.it,-68.0,19.0,2217535146.0,424209250,AP-DITIC07,Staff
6668db04f2db3efa24aacd8d21604de3a86afdff186d63a71bbfcea7fc739fd8,5640c7c1faa13cd06e4caea4f50462753e096d9aae1b56a703349a17494e5f29,polito.it,-60.0,32.0,709216411.0,303250159,AP-DISPEA06,Staff
bdc1d940197250c8c7045e0a95a793963b6cce9001267ebdfc3dc7624ba76dc3,ec78679343c221c17fe13c17febf87596ad163849a84d2fb264eba8e78e9c876,studenti.polito.it,-61.0,32.0,18496158.0,2143331,AP-SETTE-AULA12AM,Student
24be9b7be926578f2539295a51fd1406e30b8f8c250998247892eb5c62b6ead6,c487f4b8744ae31296b1aa723d6dafde8a8eecf42c590e14cb9ab08e18116d8e,studenti.polito.it,-49.0,46.0,12946630.0,3919038,AP-LING-AULA205,Student
607c2d91718e94e22bff95bc1c9a433c5982f6b18c159edd8ee70057e292ce0e,dea65d4dad0c13cff3544f32d57fc8bd64bbe1a8fdf5c87525c97810870a89d2,studenti.polito.it,-53.0,38.0,20570489.0,5327761,AP-AULA27-04,Student
bd999209f4dc894285ea8b34fd91e52541e74439d573aca2cee847a12df22f7e,cb52a9089d177a5939e25f692e55b02be8d55bfb2cee7ebd404e3be649da36ec,studenti.polito.it,-66.0,31.0,1893431.0,724546,AP-LIFE-03,Student
42f16d052030234f5cf398e3155e98491d413afc1774f70876698f533a63c229,716c21abc1351c3e68763fa8e212cf8510ba20e11b4822638fd7ab489be4cecb,studenti.polito.it,-65.0,27.0,3262486.0,1396228,AP-CIT-DET2-01,Student
f41d9c4a305d128f8d94ce72eb445d74bd838a6fac7f1c348670362e3a8e771f,9af741e78b57da36ccb865e274fdec766a47683529424bc7b7f66545244bcf51,studenti.polito.it,-78.0,17.0,1044080153.0,12619446,AP-DIFIS04,Student
8f743e1cbc074a2a5f4a81ea1c8256c1cdc6d2ea2c0aa3c0559e601e8fd6dd5b,6e336d73cbeb93b4956dbf7aa78b7276ca3c7eb6fc05464674723fd1467c621b,studenti.polito.it,-58.0,34.0,880485.0,795726,AP-BCI-05,Student
d5d9843204d400469d254c9d600dd1d2efd3b6c7d8fd5ec403bde29901fe44b3,e6150ef5b879801b719c519d37672a2ccfc625294df6ffaf1c9857f8b8458802,studenti.polito.it,-59.0,34.0,305136696.0,15531378,AP-VALE-BCA-03,Student
0d383b107e613a093d7bd678d72c097576a8611efc90bea4f07b2b57b7f47870,5aac0965b61bfacbb3b18a1aa38daafa0dc7b4dd9d2a838e3a87fe1bb2fa9023,studenti.polito.it,-79.0,16.0,2728634.0,1083589,AP-AULA10,Student
0bc3314d2ebd08213a0f17cb317988fdd5ca42e42cd8e66dd92e6770273c1582,8b34d2ff0a01ee4cba199b4617be51bf4751480bbd92237ecf9edf7821540b2c,studenti.polito.it,-41.0,44.0,54809710.0,6099684,AP-AULAR3-03,Student
b8c930399004b342ec9d6333e8147bf8a08681bc994d9bbbfa87a2c95012ab5a,4d34929c5945dd40552af5bbb37591ff1e7c5cb68e20cd92f1994500d1468717,studenti.polito.it,-55.0,39.0,307366603.0,52532765,AP-AULA3M-01,Student
85d8f8ad56344e28b723b7d4277036dc5fa1202e93454d469f73c6065147a74d,64316fa78266dd2d78666cee891ec58237dd2d0407cebb56484d79b082bb7d7e,polito.it,-58.0,31.0,13215881.0,1692000,AP-COV-C3B-XP03-14,Staff
a0b31b70a719974d3c016182cbe5ff4e0bde41c3e05854ff3ea0454efdebd206,07b7cda4be415a876fb3ee26784db1066b65805eb69059f0197ecdc35c62a302,polito.it,-66.0,27.0,716712041.0,374757917,AP-DELEN06,Staff
ceb3686aa7541c7c3faafe19497a330a33af915582811685ac3ca9842f979f24,8be86ac08b16c88d7fa2530aec38bf646f00cea701650f0f40734d9b1bc3f1bf,polito.it,-63.0,29.0,303175.0,224722,AP-VALE-CHEVA05,Staff
c78a284d77ce063a3000c9d021241641a7cd8522ca32ceee0292b7543d146532,88b6ad8a1a75fe6d0b506197a40f49521f199f9a1db2553888adcdc104a23817,polito.it,-58.0,33.0,958563819.0,77108344,AP-FRONTE-AULA12,Staff
7eb04b854f89e11e3386172c6fd395e3d392d7fa6b4729cf1a43ad483d3d29f7,5bb48d0d1c5e3d2d0011be55ff325b9855572108ce7444727accacbed33ea856,polito.it,-67.0,22.0,76595463.0,16186684,AP-CIT-DAUIN4-05,Staff
a70c1790cd3a98f0ddaf23e9769257a3bedf066b5298b2b71fd3c989da2d519e,0c6d4583549c4b61a4e77f64f63804dfa47b0fc589f68fa33bfd6e334455e389,studenti.polito.it,-48.0,33.0,177112107.0,19904039,AP-AULA3D-02,Student
8600bd5330bdc713b8388d3a0ccb35148947173267f00185e407921d7c6a66ae,001cf0ec0b95c2cf9c1b72821b4026769457372d22dda4c34c0c27db334fa494,studenti.polito.it,-49.0,44.0,187636352.0,2189423,AP-SALASTUDIO4-02,Student
f10a70011abf7a7f11aca572de364f8faaed222132b682857e4a7b41474ee678,be7281f0fd602f1ceb0a1960fc8ba168a2596d66714567d196156b5a41298da8,polito.it,-55.0,37.0,39973550.0,27684619,AP-COV-C3A-XP03-09,Staff
e59b843c25b519c1c902903002cf42cb050a91f6bb87f127bc15ff5460d1a1e6,21a4d4443b0662fb113cf2c83962ea638490b9a29cf3ba1668fa3a6468fc5e8d,epfl.ch,-53.0,43.0,243669612.0,162758006,AP-LING-AULA201,External
e0036d5cffd37b904086b41cb97b0b187c878556407941e8632a94940ed85701,9607cc3ceac818c1fb18fb76c9342103416d9c34cadd976b9be314607036b042,lu.se,-60.0,34.0,858168667.0,354995589,AP-DIMAT06,External
7d51736be1b8ca566254fcc2d2ba1064d9d05cf29e488ccde9e6f5f67601ba54,55998b776d54eefd612fadeca0c316201467557bf29fd44f30aecf8133fbc393,studenti.polito.it,-59.0,34.0,4265956.0,1710550,AP-INGCINEMA-02,Student
eb93539b25a6720927015b5543e75a13fd0ebdfd75dff484c5432cdfc1214def,b5a7aa1ba736b0969a804bc107541a741a19bb2becf4e0e445beff1d459f0012,polito.it,-81.0,11.0,1119973358.0,353963486,AP-CHIVASSO-01,Staff
8bb29ba28f3793b63df099146569a3e561ce9fd5f969c93efb005d679897d9e0,31b8f4909fa2f23f84968e01606205a8a50d9ec5ccd46c588ba238fe0db94eb5,polito.it,-72.0,24.0,553371592.0,288905293,AP-RETTORATO-CDA,Staff
f1d9b05d4bcf78e4d2c0aded112008cd45b61376f7f4e961970afb5faac5c594,e14a589f08c2ce40faac54e7830432eb6c60de4848c255b7c1d6be36afd6165e,studenti.polito.it,-56.0,31.0,17328056.0,1932908,AP-AULASTUDIOR1-01,Student
eaf58f769f4b56b6ec20bcafdcad45056b9d0b13ed6ea1aa3808990b473052cb,e7cc54255f137030cf5184802913d25bac5687f7227389f6911410e84415e1ed,studenti.polito.it,-41.0,56.0,26325968.0,5458907,AP-AULA1T-01,Student
38a98589b79dcd5fac88f6dfd67fce64ef86d13ac6d6bb19db56a417b1050c81,08c7a9bb06a0ec83469374136c77ddee6fe4200edc9d6fc1c8b116a22c805a90,polito.it,-76.0,17.0,191639845.0,12331705,AP-GRAPHENE,Staff
1e8018dcc542e2148f5dd9aae1c8744ed37588e59bab746c61d354cdfdf929aa,1facef56a9fd4d986f20f0dd6499b2cc4a991890834080e9b2fd625875d02d6e,studenti.polito.it,-79.0,13.0,9886319.0,3689846,AP-CIT-DET2-01,Student
282159db2cd9b7609061432f5a1e6464d2dd5da8f946e5d9b21b096bcf7b8c2f,d221f62f005edb4102935e45ee5ee6857ef3dd42f02db0afc599b539ec4706d1,studenti.polito.it,-70.0,23.0,74512343.0,8162354,AP-CIT-DAUIN3-02,Student
1bfe75b11253629afaaa2578f88b6b95e1912ae13700fc88a5f28fbbd171adff,70880fa10b882ba9f7d97b128b1c7591cc4c37e6f32310e231603f44fa102c85,studenti.polito.it,-48.0,44.0,6271388563.0,115472402,AP-AULASTUDIO3-2,Student
4d835711b1076b73cfb04669c1a011507a90e2cb5f50a6a4cb599e53aa58f40e,d777162c9e546d83b2cc457b299d213c964281671a4b9ad9959f0a37e5f0f57c,studenti.polito.it,-66.0,23.0,935328168.0,19698094,AP-CIT-DAUIN2-02,Student
1e7ca7767ccdf273e20b24b9abac568e0669e51e8f5e30e4d94605e2fc1cdbde,60c76b70da0f7ade72e1b2ec18367a91faa6a5bf7a6031594721e0b80b9fb75f,polito.it,-58.0,37.0,1318804264.0,544810917,AP-DITIC07,Staff
e01af3adcf2edb111ee68886d8d22772ecb0d9ffe87b853f0226e9d6337b0b98,e0da7d848d0a531d449b0512a076865aa7c4d8dbe9f8fb3acbab1eb0a4f6a4ed,studenti.polito.it,-52.0,42.0,99471595.0,2759278,AP-VALE-BCA-ST-02,Student
5ca15f959b4b089160d930af3e8d9c15bc2f7cb0b44ef555f1f2ddda5b1fe5e0,bebd51cb9fd6007ae3b36c497f3a893f627ceb77ce59209cdb1e60e6213e7dba,studenti.unisa.it,-55.0,36.0,2162473.0,790228,AP-SETTE-AULA11AM-2,External
3c73828d82a6cc7283764fe9b20bed4f84d8b9a4f3abc5144a64d36c6a9c396c,b44ae5c49d19d2db7a82d3fb88850c169435144b592232f86bbade6fce67d465,studenti.polito.it,-62.0,31.0,30291846.0,3479522,AP-FISLAB3,Student
1887dd9559ac350a532bc223054da8ba8e79de905b94e60ca24bc46301802e3b,91d58071195b5192f8b718e040cc43b3690fb79c42bfe4203cd7cc8f936b8b43,studenti.polito.it,-57.0,40.0,130608293.0,3124674,AP-BCI-07,Student
a2112e29e4f5f96a810525b6e1bef0f5c9d9ce0ea04944451c373913a07dbd6e,4879b2e18d0ebcce0a4db5a31bd888d25dbba5aac7dce452674f49a89b1db701,studenti.polito.it,-65.0,31.0,6516875.0,1387354,AP-BCI-ST-08,Student
991dcb4828295a87afbcaed5c77ff2a101e2430762980d2f9a1412cf26acf5fb,45393a9f855cc64ee454d5f6a38d21d7f251e55baa59a9b854f789b01fb0f1e0,studenti.polito.it,-36.0,43.0,769873800.0,26489483,AP-INGCINEMA-02,Student
09fb1a20f4f33de15f4b46622c799cfacfddb31431be20f831e706188bc949a8,813314d225c74547ff01a7ffadadd7e47d7ee424b6edfca4a15a00befd344973,studenti.polito.it,-76.0,12.0,48603785.0,4428679,AP-DIMEC16,Student
8c6641cfd2d6da884a42420e87559da72b39bcdfc3f56408a9dbe5dace12bef7,912cc3b4834b537dc0e1ef36df1fcd2b3ea75c9a417321317c2a353f9ec051b1,studenti.polito.it,-64.0,29.0,0.0,0,AP-BCI-08,Student
cd7fdc2ecf419770305160b1beda323700ee629b1b8d1d07b9593d2430d3c978,0b50b7be7750e0aebd9b731246ed3e03701ec3e5c0071b1e83fa79423cde91fa,studenti.polito.it,-76.0,19.0,253159959.0,18090878,AP-LING-AULA201,Student
738d2116f94a3cba80f4eb1bcf0aad30e98e191eb1eb97b444848e639b4f6c62,94783344e0c8b4c59a6dd622ddc0345e7c0a2488eca2c8766d69724a2d7b8bf0,studenti.polito.it,-83.0,11.0,92118664.0,10531673,AP-LING-AULA208,Student
35f54cbef79ab91a9fd31188868e7940d1a3e1adfd57d694ad3b2903599fae75,e39a52645a063c5e26965b60e3e75275b6a1baa98cedffe40b35390cf175560a,studenti.polito.it,-81.0,12.0,296137991.0,17061583,AP-SETTE-BAR,Student
a35fe0f52b7870ad931edf964068781df4d0f2740d9e77553a08bc392a0bf049,c20c297d283a16ec0f2763dd27c08345927435f9df980b7f22422be402e0c606,studenti.polito.it,-52.0,44.0,20736164.0,3489414,AP-AULA27-04,Student
f797275094611f61af04ce6588b98a5c8f82caca35e8cd90709aec8b58428854,8ce3dd35b1046883b061359dbdd272c3e54d7eba8548931d45343d53925d9531,polito.it,-79.0,9.0,4135572.0,456749,AP-VALE-MN2-01,Staff
de6d3b451e1b3a28a134e46e0454ef6485b1bc46f1dc4ae11994e9f7f17f6049,5ea86c451844e01aeb00a25067cb67e62c92864562efea1908211b341f3cda9b,studenti.polito.it,-59.0,33.0,225074130.0,36314064,AP-EXREALEMUTUA-R2A-P0,Student
466b0d13c331ea36ecce10d87cb0fc1ec614dd452ca5aa883b03e7f1edbf801b,7ea5389245028161ca9151bc3996def03bd1f327bff168dcec18b95687248192,studenti.polito.it,-52.0,44.0,1766431.0,362357,AP-DIASP06,Student
e40ae870fcde0093476450c5742a11bd914d54837570b6ddbc33ca4aa052fefc,022fd5756b5839a0c77caf764720ca742310eb7b0f8936d35a4290c0f1a7f26f,polito.it,-49.0,38.0,12648090.0,2395943,AP-COV-C3A-XP03-10,Staff
8f1106a46c9df0a28ef6e6cea3a99012d233f47bd5d2ffa4d1836ee4b5e6daf5,c4d4042aff9055203dfa9ae25cbbb26457bedf907f78ff87022d2070bd3099d9,studenti.polito.it,-62.0,31.0,1718769.0,319106,AP-SETTE-BAR,Student
088f3647e207eeb8c2fe909fd8958a6015d98a2413111ae553f0c211dc717cfa,e1938a2ecfa44836e83788bb3e4c248db6bda77cc9ce77f11ce315daa77e8a8a,studenti.polito.it,-56.0,38.0,30531763.0,2693435,AP-AULA4C-01,Student
508b1e04ac3338c97049b4733b985b298133b4ef6ffb964d30f076c1910c85fd,65b4da4eda6c8537ee02cd34893cc2f040599c8fc01b5d89c9ece1563fbfefb8,studenti.polito.it,-64.0,29.0,15078613.0,2848015,AP-AULA4I-01,Student
59b526027c83b6a47fc2f120247d7c0bf468aa69a96ad3a738d01aabd0b71e5e,ddd7ff601dbbd6c006104bdab105ea9b7c5058c2e3d3d9231921b07f236c5786,studenti.polito.it,-65.0,34.0,16470480.0,9101032,AP-AULA8C-02,Student
b288dd8c4f62925eb9899cde054dcc1e6527e819c10b9dc947aedc882f2ebdda,c4cdd4bd4e3dcbf4c5f6d35af10b715a89df5f545c4ec0b4b3d8944da4955ee7,studenti.polito.it,-62.0,31.0,4583453.0,2255346,AP-DITAG01,Student
8207b5c4db331e4d546b35210c155a69c008a7b96d444da033fd0a5ab9463c9f,c20902a363149046b27c76e39790ab6e9f6f8970bae65380337f355fa10de1bb,studenti.polito.it,-54.0,33.0,1574058.0,1718329,AP-AULA6-01,Student
06f12129b9b00aa2131bd4a3ef5d9d5a7885683a8de4682fee2814c0cd3799ef,5635a02b591f8f2679fce6733b0314f8959ac57f002a76bac5f2f95389de9e21,studenti.polito.it,-78.0,17.0,8425773.0,1750797,AP-LING-AULA201,Student
2b5d00d5b3d40862809f7fe6280f4f7ee5c50cacb229b0dfd88a788f87a1f60a,95a9a129fa32fa4cd75cdb7675aca47442ca5d97171c1e83473ac6bebbd6179d,polito.it,-54.0,36.0,1436899974.0,20387562,AP-VALE-DIST-07,Staff
e9c0d3f68dc8a999a16abb3227c4b7764c3d1f38069fd45756bb15f194db4195,afa0d75177bb19f049bf86c8086f3b90a65b079442185ccfa03bf532c74ccebd,studenti.polito.it,-51.0,45.0,12343581.0,1976926,AP-LING-AULA208,Student
364e62273d1ed543ff0889b612e39e5fddb8a5a839c3c77693aab508254df50d,afa0d75177bb19f049bf86c8086f3b90a65b079442185ccfa03bf532c74ccebd,studenti.polito.it,-58.0,36.0,35229510.0,12524353,AP-LING-AULA208,Student
5ebfa82c7edb00a3362b5a2056c71a3a030d978882dc71110d14e8f6d22814b4,a3e099313cf8fa6a8a52c61c6402c0b3bec8032a040bcfb3157a1d36b6cf031a,studenti.polito.it,-83.0,9.0,1603827.0,623312,AP-RETTORATO-CDA,Student
167c3b9af5b7bdf32d70b20df8b73be348b24c049b83af3566eb8929c94cdaa1,d4d8a9612e488de2b8ae1896a6963a03ebc70955a1f98d3b26cee57b0cd12861,polito.it,-73.0,17.0,42685219.0,9911007,AP-DAUIN01,Staff
d88f19957268b0447c2f91416a8ede51e86623ae58840cfd66f7d503c1afc955,05a3b00b97de405a2a5c25dccecc6440870aadfd514785c072305c0701c0d376,studenti.polito.it,-62.0,34.0,5434079.0,848195,AP-AULAR3-04,Student
f0748a3b7057a43a46d3d9d8ea088cbcdad7cf5fd73fe9a96c0b2fd8e78cb20c,33c1273614127a870a616df5a9f61856ad6b86e15fb4905f6a9e10e5b49db2c0,studenti.polito.it,-64.0,27.0,178669.0,93180,AP-AULA12I-01,Student
22a18b6df75406f61bf3e6747c9565f4d6c62af2e30a93d577eeccedac139b39,e59e9ab47377f8cdc0a9e7042af1e7ed7060a291c994645e96dd2fcbf57fff75,studenti.polito.it,-62.0,34.0,5271862.0,1451947,AP-AULA05-04,Student
5578a46f100b5beb258f138834851083b03553b711d6e51118200c5b1517e53e,afc766ea19fdd3208dc2f734b57db92319c569961c65ddc027194a4be76273b6,studenti.polito.it,-40.0,57.0,280976530.0,10088713,AP-BCI-07,Student
0373dbd4473ada5dceacb47586e2e942c34c6dedf97e18eb8f2960a55cedb86e,6c76ac0476a1e055e90ea6bbef8bbbde5a0767f89a71790eefad3a9d3ae4f4b3,studenti.polito.it,-57.0,33.0,3875208.0,5979325,AP-GESD1-03,Student
ca26367808a2ddbece739eb7c8ef5b785f6b5923096f1e9114ec68918c40d5f1,05fa78df944a2d01b5f7c1da582e74f9668d116badb9005ebc12fcaa82eb0b94,polito.it,-44.0,46.0,131103.0,97859,AP-DIMEC09,Staff
60fb2579b908156d56650d99c0142d85770530461ac21288ff0d1cedb7a2054f,151570aee0433242786f4e3d3f6040af16a954a5c033db94ad4087453ed8184b,polito.it,-54.0,37.0,125772347.0,76792486,AP-AULA12-02,Staff
7075353b7ba1e8ceb727d62740e1be894f3d8653c0b5de10847f169e2854820d,4206fe0a539c6e0bc5e5285d51ae969d10ceaa1e65211e339942e0b78d795cba,edu.unito.it,-52.0,40.0,665003029.0,16903660,AP-LIFE-01,External
fbcbeb62c8ddc01f3e24b12ced5c956f936d63e81e0164ee7e57da309e7ff198,7f65ab1bf8300224319f110f3f72ad23b3d953e0f7a60de7204656e8bbecbbfc,studenti.polito.it,-53.0,41.0,3466195.0,5020597,AP-AULAR3-01,Student
efeca3c3811421222ddb9b7e6d1596f56d0e4d96063bc8df9927311175189f50,5334af43cd6b8b40058fda38190e464dae44f6e47b3339736eb363ea9071c30e,polito.it,-63.0,34.0,307127974.0,18110360,AP-VALE-DIST-14,Staff
09cd1e679cdf028888d66c46e0dfade6d65a42bafcfe3e1864d16397b9fcf36b,db06bf7e42a064f637ee261fcdc13e125041473c84a71d1d332b983a36b1e867,studenti.polito.it,-52.0,42.0,2506407.0,1124986,AP-AULA7-01,Student
a233e2d8fd739bcb916242d28d15e0ffd8d6c31fe9d56fb3fd60c45701bf779a,7612444c92e9d51bca79a2bc777cd792105f717fe64ed972f548f4d6618d263a,studenti.polito.it,-48.0,45.0,152666196.0,4160351,AP-AULA12-03,Student
24e87dd520bb251dc365ca89dde9d4c4260aa0e6be8278ffffe1972bd2294d27,71e8196a7eefe82db70d9b1fc9215f87bddb380b21b30de7325e17f2ee65d1fe,studenti.polito.it,-44.0,49.0,12534695.0,13287879,AP-AULA4C-01,Student
c534b945d7f2ede4e68f953b5a53464d1aaa5c8141e66d185285ccd820070f58,284fae8ac2119567b356a042d25accfe4427e15dc9d6c74f23a892b63058b754,polito.it,-53.0,38.0,573632.0,292096,AP-CIT-DAUIN3-08,Staff
fdac077a04cbbb5c8f6d833c9440f07a12e3ec07c8f72dcb8779cb5e6e91f2a3,44ce461f6523edf4b9218779d0ea1d627a1c2e8ab8c78ef4e704eec5012dabc0,studenti.polito.it,-55.0,40.0,108014553.0,4375648,AP-AULA4-04,Student
3b2068f796f0412961276f87a90acee93a4c9ff9934d6ca6e95cd7b35da10c56,a1a59540ea29d2b11f2886dc529e454e06fe063dd576f6652ce9461e66ccde35,studenti.polito.it,-46.0,46.0,54918322.0,866474,AP-AULA7T-01,Student
7e584542bba9f3f5b431526ac64738da33572a51cee684d58598b85f9eebb3eb,d354ba29b5f543a0e623d70b6f86fd28173ad884b27417feee76a084e8dcbc54,studenti.polito.it,-72.0,15.0,364195272.0,19813796,AP-TRIN-02,Student
be262f35c0bbf50804c3598697a1c92f435943e6a3ac60e378fd8e7db8f81897,94cab26518ac2364524df65deaf820c7fd3db3f0c44837e688666d8986e9cca4,studenti.polito.it,-54.0,42.0,695082.0,732481,AP-AULA7S-03,Student
61bbb505c3368109f966f138744f63fe0853bde71c766c8d7826079a0ecd8135,d7975cca4ae43faa640eedc30d73088e8b1ae8b84351712e372d621e0db39080,studenti.polito.it,-77.0,12.0,44756061.0,3033611,AP-CORTILE-06,Student
6d66896524977defa9ff1f673c0f57455b32057cf883debe8a017168056cc31f,b1b55f803504a6e90de08c8529e72c6feadde9293b1873a91a0e1b76ba3cdb81,studenti.polito.it,-55.0,37.0,32116.0,44260,AP-GESD2-05,Student
cef7400712dda8dcbec9e3f6f3247432d1a98c7a80b73e46b0f0d6c12fa28e02,a53911cdd2f376990b65eed11dea158128c8c25b65adfb6537d2b8ee6f59f0a4,studenti.polito.it,-73.0,40.0,604335.0,219968,AP-GESD2-03,Student
607941d8a53ccc24f704d9f2dbc8de1d30787005e2e7ef5d7e4f6889e1037310,4c6c1b1090353a5eb858d4450e6b92cfff6bae06cc3913ae12995bd458997375,studenti.polito.it,-51.0,42.0,812114146.0,97228066,AP-AULA3M-03,Student
5ef7b7d4a4a652f9a614079d050ea83ece37a0113ca7c8f8ab89f00355cdde29,e85273f311baed55fb9d1a1c13de7b070c12d690ea44af50c62919e7fff208a0,studenti.polito.it,-58.0,34.0,32344102.0,2242182,AP-VALE-AULA4V,Student
2f42a35275fa49de30289c02980564103f92d2c66cf4583d7368c1e1a00a68a1,12496b424770229c3afc92637d5b62110ec67fc407219ec4f4d13eb17d81793e,polito.it,-52.0,38.0,56004092.0,7728012,AP-VALE-DAD17,Staff
b6897aec39aa214dd2e5ece46daa7d817aa23238d48ea6b0a69172e2aa6ec90a,91eba80f028822d06a09341b6c02605715a527841c49934ed1dbf5a514b0ba29,studenti.polito.it,-62.0,34.0,387766743.0,7370201,AP-AULA2-03,Student
35c9303c0a6176d36c43eeb0f913c1cd8d036868bd9b26a7fac562284d382beb,596ac244ee9421eaaa7a0a145837926e001b13ac64d21d67f640752b7c59a50f,studenti.polito.it,-55.0,32.0,46496517.0,13334725,AP-AULA7N-01,Student
3a410a8b1833e281b2134b448700705aee7e506e7d61f827a8586f015abf1fca,b481495523ef5256340afbe91f71fc695e8dda018cedef4246d9484c30a92bd6,polito.it,-61.0,34.0,134165231.0,12172284,AP-DIMEC07,Staff
4215c5dc7faab915a051fe84a3a4fa10d601c64a7118779128f78bf01c6b3f13,a7b1ba4bef5f0f92e4ce2cce6cdab07b2690e7557ab00929b9c3b9436a702e9f,studenti.polito.it,-50.0,41.0,1562044.0,267259,AP-AULA5M-02,Student
cbd0924cacf09aabf64dcfa13b31967f3b2f0444bc0f942faa122ab5c177bb26,c1f3fd80f3f644ea3b7a91e9c435fe0dff936ea2a3c9d12a08511d330bb1afbd,studenti.polito.it,-68.0,20.0,2904909.0,1112020,AP-VALE-BCA-04,Student
d5c18f85b7693eea8073e09acd714acec953a0e15e671bea828b657e4cc46096,516686bfd9c482e7cde817eddf68c85aca54080f2a0b2f9a1e2fce066e5f73da,studenti.polito.it,-49.0,35.0,1703536.0,63009,AP-CORTILE-01,Student
bbbbb8efe4283fe99c517320ac1a9bb4b78576e9459ad675c50c0e97fcfac692,ea56740b53fed40aac8a32e1eab4812093d4e5f2b926aeddbbd1a3312e47e33a,studenti.polito.it,-46.0,46.0,66260865.0,12912681,AP-AULA4C-02,Student
b7b4ee830f688fce246bbd97610875cd8c38a1cf0274b83ce83553adf9ae3804,9d3fdb276bc8273f817f5202262b28af773fd75098bed452343719fe3bd14922,studenti.polito.it,-75.0,21.0,516806342.0,39498844,AP-BCI-TZ-03,Student
808b4a5dc963f960e7c6c6b413403f25a49c84b575a64079989171f82db3c0e3,b989026d4063f79cecd821acbf680e1724c39d7f5e3a5ab468c1eb7f277ac64a,studenti.polito.it,-83.0,6.0,94897660.0,9028366,AP-AULA10,Student
7bdb2c3f3c6bda929ca6b60916b335310f137ff43641f009d35b020a3fd48ac9,1f19346e658cedfd6b3806da878dd22a1e5b5c7e7df7d84197a1d44bc5efcc53,studenti.polito.it,-51.0,44.0,7714468.0,698125,AP-LING-AULA206,Student
e35bfb163282624d778b6d7c999cf9db01aa6ea0ab5756ab92ed586654598fff,d26e56b0b3ef40611d65d349c8af71b4e65126ee0119065a0d3b9d72a0ac4211,studenti.polito.it,-56.0,36.0,3263560.0,6636338,AP-VALE-BCA-04,Student
7d3e99e82af7d7cfa3a0de1c8bb5ef7dda8f410ff5224091a06eb4dc8d5f3edc,,,,40.0,6618.0,982,AP-AULA17A-01,Unknown
ad1d4e6f7d2e16973f55a4aa10d4c0c656a9fd922459c7b492b35e81c81e42a6,f78346055cadfa28df6fe94d1ebdcb0aa3172fb1d233233e2989bcb59b8bcb3b,studenti.polito.it,-65.0,29.0,44760.0,31412,AP-CIT-DET2-02,Student
5b94d1866e414e8faa291a345680e572f51b62bd637242ab6a02032695efda60,,,,35.0,6602.0,446,AP-DIASP-CORRIDOIO,Unknown
3cd361c55faea6d4112d258d4e2ff3b1b1c1d4567753dc9f5d68a2fcbedd9f4a,2afe0623d608174dd9fd1dfbb55a9fa1b341d28b6a1fbc4619f7d43a26c89452,polito.it,-71.0,11.0,0.0,0,AP-CORPOZ-09,Staff
a336136c90d9011cc92e75c0bd62a38b5245f1b884d7002d7bffe3f76a029191,763dc9d5e348c370f5708d78b50016758b72575097e7e24a2b3b54cfd32d7f9e,polito.it,-76.0,17.0,26309475.0,6889407,AP-SPECIAL-NEEDS-01,Staff
03c40f390a99211bcb4e205d3d7247dfce49f157795574c144051c2d56ba3105,bc3e974e0f15a157655535b2e375bedcf1a982dcbbb9cc5351637ec46673683f,studenti.polito.it,-79.0,14.0,87836341.0,2877228,AP-SETTE-AULA13AM,Student
0e38b28af8ff7e4aebb95ac0912f14fb093086768a9c9541b419ea714e7eebf0,307e6e3083e28cd0c97b17b971f31485f1cfedc3972d35237ecba4c97cd55d38,studenti.polito.it,-52.0,43.0,52166687.0,2362593,AP-AULA27B-02,Student
f63397f922ec61a97be9f2eb9f485ed19b7aca8ae4851e1ffb5e515d0d621d10,7072be0a34ba818547e01dcd76ae58d4f1dd416ed6f7c47a9684bdd357894d07,studenti.polito.it,-47.0,48.0,9886421.0,12910883,AP-BCI-05,Student
27472d77ef4558f487e9530cd23e92cb5b2e18c46a25141b8ca615f0fe68a57c,a142acfd2d66d43391312ec7f3b264342dbe16d512d55407266d6f7f6a339558,polito.it,-51.0,42.0,17592.0,18960,AP-AULASTUDIOR2-01,Staff
1714ce8d1ddbbfd5c4d87d417ca97897927d7776f85ea37028b2158b5be4cdd1,3fad50f1980233106871fb52fbffc2fe247ea740d36b454c7a54d3385b54373b,studenti.polito.it,-46.0,48.0,2189245.0,1074092,AP-AULA12A-02,Student
9ca44f9462f4522d7fab1d27d61afece7099bf8a465e78ef3d23c60b8c52ae3e,dab9d65153f0f631bbdab13fb77c51dd9f8cb1ebb3a186b4da7dafbaf2f0070d,studenti.polito.it,-64.0,30.0,208205429.0,10251736,AP-AULA03-01,Student
50818295e8c18a082159a2f17b99d83b24d5adfa06fd2c5089398f8e8b799645,4d980b55a856d6d4a1b062f3ed637192ed4b21b803b64dc93206fb6587b9e585,studenti.polito.it,-73.0,21.0,24078401.0,9297682,AP-DISTR06,Student
c4be2c93eb8051573c0222068e41893521378f38f99c7036cffd58e3b5745a57,074ff9f2e12c6a7bba3ba1f2084e7f8f831c3c773f53b7b934aef641430feff5,studenti.polito.it,-54.0,38.0,54502853.0,3454454,AP-AULA11S-01,Student
f5bfa3015fe041c45ac09960bf6427bd6e2265f80ad7a61fa89dbf599c2925ec,f5e4b858da93549dcb1a4a98f9821dc83a54ac8d2a11fed7e2cb07af84089193,studenti.polito.it,-48.0,46.0,47688716.0,3780632,AP-AULA2C-01,Student
089467dc6626dd8f956d019a645ac5cbd28b1084395c43d338588105a47e0e15,4d4ec5cda4a17594e79e16882cee0f18624fc75364a0a4659e2b1e2ae2aeca29,studenti.polito.it,-53.0,40.0,68701059.0,29348662,AP-AULA4C-01,Student
604880ea094a40a0675da945250de4a700262879bc63f9a732402136894e697c,98e90fae3c41fa5d720f523e7b901b42e3b9885c52351f9507c96cefac6ad891,studenti.polito.it,-56.0,36.0,25917381.0,3345641,AP-AULA4N-02,Student
2bdf9837c3b619125376b25ee7c88abb17eb28d1416cb40dda45d7cd854ded05,9505d9cba2607f272d110d81d0ef473bf82600e94453582b18d17ed9d3d48713,studenti.polito.it,-59.0,35.0,476995202.0,18644132,AP-MIND4LAB-SN-XS01-03,Student
4ff7b67809dd79bce1f0388b546ba8327a6d6573eb4aa8bea99f0711b6db95bd,7d217024ad4af73120c218b3c80c734c985542451fc2cc3c72d3d86290215844,studenti.polito.it,-42.0,50.0,320530211.0,22862606,AP-SALASTUDIO4-02,Student
a5538127f61cb67c08f6fa4477d6e573574e7d2934ce16063f2a28d8c875e8b0,bccd2267a25c8dd28b808cb46127e1e5aa32840abef5801b41f84ce3a245396a,polito.it,-68.0,14.0,86144707.0,19465111,AP-DIASP07,Staff
44a545cdbc72e91182deddf8f7bacee7979e607f9e306e6d69da5416233c2b6e,1dadb4e0d9cf91d5107d5bce867470a05f64b0af4b74e9383bef0a6a0c196fab,studenti.polito.it,-55.0,36.0,145477978.0,2928791,AP-AULASTUDIOR1-02,Student
ccbdea71af1dcee00a37f65764a4ac924fae4b9a138c023f58505eff2ee61f96,baff8aeaecab4bf6164bdd178c993f7cdacedb358e0e7f58befdf670c75ed128,polito.it,-62.0,33.0,7208379.0,3015488,AP-DIMEC06,Staff
02f4913f2ad4311e1a4b451ce55d01f94ae918606a5e93a53ecad2d0d6c54c3c,0108bcf658a76695ea2e3f7fe6032e761a45963fe2b5a7afe2349e9abb95c6a6,studenti.polito.it,-58.0,34.0,65218904.0,4349394,AP-CORRIDOIOAULER-04,Student
e01dba22cb318595b222979ad9b0ca9387d2b7b1d95fa62d599d7c2c42240341,8d9dda4e3a1df1864e80f4632d08c65de4374ff93dd501fb64469ebb1ab4165a,studenti.polito.it,-53.0,42.0,467058387.0,15165429,AP-SETTE-AULA14AM,Student
2e59cab8fde3726b2d03e49afac959a116f4f94efc8de44c9e4b188988f52967,01e58e868619ec9b1e4333a55d4dbcffb903126ecf8d594ec81728b181be913f,bfh.ch,-63.0,25.0,678302175.0,83667795,AP-VALE-BCA-01,External
eecc5335f9dcf993f885ca7a93979c0643cc75556a1407813eab95f9f8fc94d8,30253d1aa31e02a947d7417ece6be9f85a9969be820a51a18ed8fcaf61b922ae,studenti.polito.it,-62.0,27.0,250761286.0,7086612,AP-INGCINEMA-01,Student
361456e0ce0ad5495c0819f716747b0ebb836261f27e662a1b81a43cec2d3a50,c633f74da5dc8400d8dd980362a88e09076290f3169baca714741db8b3b7f9f8,chalmers.se,-60.0,34.0,5453272.0,1968907,AP-AULA4I-01,External
cd41ffa4d837a69859916b49f6b7c2a39c5986af3a37ebc9e4341048dd1fd2d9,,,,,0.0,0,AP-AULA05-01,Unknown
2032be931df3fda7ed8d5559276e57138ecd5b1d926461a52899270a59e15f4d,a1df747d7d489045e96e50483094beaa3cfc743095e3ef6df4199057e8824d99,polito.it,-62.0,33.0,17293588.0,2567793,AP-DIFIS07,Staff
7251700055e99423ace815b05b2c0bcd75e6625e284665e54e5de832d0d5f8df,616de7495a213d435d86f384d271bcfa35a63fe6a3970f01fb5c7a2d1346780a,studenti.polito.it,-53.0,39.0,2869259.0,1518366,AP-SALASTUDIO4-02,Student
ff5d796ebe56650c927d46065dbc60e48ae7af59f0fc9bd9bf5d3d6ed091ce31,f3bec15513d1218024b1f5389c572192d4aad80bbc53719cc5840fb7620bace2,polito.it,-45.0,44.0,21658517.0,1029870,AP-MIXTO-02,Staff
e6c3ee1ef9c5e55aa485172d6954146ad2a3d94b2ff8bf95d977825d9bf2c2c8,2d1d128c5f4ddffd3da021da0bc3b72ffbce42aae256d751229a2dea0e456922,studenti.polito.it,-57.0,34.0,414189545.0,27265068,AP-SETTE-SALASTUDIOE,Student
621e95faa3bec57317a5b12a940eb3801fe29afa8de2568f2dcb2252c27da1bb,bab2ebbe881231379ccfc4eede43a8780e324763482a0464bd6c9000756f8f84,studenti.polito.it,-53.0,39.0,144451410.0,5107264,AP-SALASTUDIO4-02,Student
b2332b1d69ac6d343bad1dacb1300dddfc57a5217ea8befbd7779d1746e88700,f0d3201a1ad1705491c3de9d885c02ddc8d4ab2cd979cd8b4a02a7b90e86de7c,studenti.polito.it,-58.0,21.0,8363491.0,2109519,AP-AULA10C-01,Student
bcd20d05ef22eae4496c268291bcb330b139067e52493cc812d5a1a577f789b1,3016b434b162946aa3c13dfa06adecf8cace8089fdcebc6ca1e37382091ceda5,studenti.polito.it,-56.0,36.0,77986.0,47287,AP-LISIN01,Student
96992e3fa135358c4d709c97cbfa430ac003e6f026b5b4bda95f9e2dc8097281,50bfe3053377bb944a0343db09aa4915d46ac9c32de61e95e340d30d2728f478,fe.up.pt,-56.0,38.0,14458307.0,2170865,AP-AULAR1-02,External
26ba156ca6262f0121433c505fb4faefefbd8ee3f2695297790f548c4041bfdb,37bf03a377f9c9a4882361ff1ec690e6e7c9fd91ef104679cc5dc2cc8025ad4e,studenti.polito.it,-55.0,37.0,217496481.0,8191362,AP-SETTE-AULA14AM,Student
73c31b25357052b0e53fe098c4bbd77e31de7d603b03a03e8f0459de8c3b3e0f,bc3d39318663d16a6d0a5ae5a86a6ea4dc603f057fa0f2992045fc7e49e338c8,studenti.polito.it,-51.0,43.0,61228818.0,4519086,AP-AULA6-02,Student
33ac204f299a349a0e12aa66918f79a7678140a2cb9e529c7ef4be1d038be3b8,7f8999c983aae0307903efcd8745198eb80ed71f5c4e5d4c8fa8916113eeb0c5,studenti.polito.it,-68.0,26.0,1152320.0,924278,AP-CIT-EXCELID,Student
9448b3b4994bdf347f597aab4c31d6278d3576834a769319003a0cb2e20a8a2a,3b35bc2486a65b1c13a6bd4dd067a4a89aeb36f6dfc7efc3b8fe69bc3e3ab7cf,polito.it,-58.0,36.0,61820203.0,3040523,AP-DIMEC18,Staff
2238a1d1cec0150c173fb88aca555d4afb8c61e8939ceb81397aa5ed1b18159e,d64540595e5ac23b9196f412c8e9f89448d0517f342f82ee0c0de20ec27e72bf,studenti.polito.it,-46.0,47.0,374216.0,362855,AP-AULA4T-01,Student
bc8ef554b9c080021493cac12c4cdf073b4477a4aca691da644780ae93b96e21,61ece2b493b4217a348c316cc77d9d918e547179f57be9c2bc383dc7ad327e66,studenti.polito.it,-56.0,28.0,74256521.0,3230360,AP-AULA10C-01,Student
e4f40eccf3b61f2ef2a18dd2148cbc2faac6317f94ac62a69aa2fdf7f008b5b9,0438878671aca0379f3efc53c1a75290242c9a4f2ae599d5fb0350aaadc82fd1,studenti.polito.it,-43.0,50.0,18320435.0,2083958,AP-BCI-TZ-01,Student
6167693172f6cf03349a3ef04f0dd2d611ef6c89e4c1ace2cc35b388b4fea244,592ff0eb11e0cdc3e2eddca8afe4151c03c67d4e093296f0223b045c2f19d0ba,studenti.polito.it,-83.0,13.0,110345061.0,7954285,AP-LING-AULA205,Student
e4432c60fb42cf009dbb2d536042a7d150dabe580089a8f7f6d6808c9e50babd,d4b41a34c4cb7ac220b8b7b7f1d5fc5b68f1a46cd8376db146e133c21e31a2d8,studenti.polito.it,-51.0,39.0,46219253.0,3842840,AP-VALE-BCA-04,Student
e5ce8742773eadbf94014020d8343aeecae3324fbcc29da7e64a7865a55e2761,1eaec00d17c22247a08afc614767947d9693c9e1e75b585d33976a0653805377,polito.guest,-85.0,6.0,515556.0,473687,AP-DISMIC22,Guest
d5422ad9f4310b9f32a93d01f5584ffafac4e19fede2b44a5b6f005fa66904c0,8610d6e62a5981efaea9b95e66795d50a8533a727ce6d5b28c1c2d8e2d09cc25,studenti.polito.it,-61.0,33.0,409750366.0,43568291,AP-AULA4I-01,Student
1a42c9669edfe922c7d84b0c88ad0c940daa4a319ddd83843db90c5dde9b9c11,d42aeb125d77e33a1c54ea880d91bf93be9aa86b6a26e09f501d714ee79e2c51,studenti.polito.it,-51.0,41.0,114941087.0,8102897,AP-LING-AULA213,Student
359c092bf794be5e6489c9dcfbbcccdc5e4177d696d473be8bc4965ad296f0df,9e0ab2cd6eca322cc73a18f348ea4af10935966342a055a85e235f103dc54e98,studenti.polito.it,-62.0,19.0,284432.0,130781,AP-GRAPHENE,Student
51ed6047925ce0e92972d30187afa518d2fc1944125212f4d1f9db3cfcb9e948,c4b909734c9e96d19feb28541419f8373a273976daaef7135aafee698d48554e,studenti.polito.it,-47.0,44.0,1088091.0,712699,AP-AULA1T-02,Student
8d765bed92c9c9b145732958b8b093691c5335f63855dcbe6b836e43adb24d58,20c5fdf81bfdbd9fb5afd85135152d789f0266cdeec0888bdc15af2e64e7584f,studenti.polito.it,-43.0,53.0,39054031.0,7966656,AP-BCI-TZ-03,Student
3e716f19ee820e0ed20f574eb5ac9906631218c823a6530e622b067b7357c467,3341f0cb452666dfcd321e640454aa4dd1272fa6ec775cb25ca60cff04647769,studenti.polito.it,-59.0,35.0,856443718.0,55552540,AP-AULA1VM-01,Student
a96d44a239c28f4b9952bf6b61e0a55d4850775a24beb88247a9f531f87d692e,8e49cb55765ed9583227e46f76507cfe113f4e506f0722b9df29d856d73fe5d9,polito.it,-62.0,33.0,203813621.0,21985840,AP-DIMEC12,Staff
9e26b7a1deeea7b4de44f44b79864fa5036aa92895046f1a37c7744c2c32b785,29c55d0433c9a692e6d12c31688710437b0f7c6bbe97f921ab61e1eb712ece44,studenti.polito.it,-59.0,38.0,259571724.0,5320276,AP-AULA08-03,Student
181b47cdc1c45200676f68d62b63f8f24b7635e444ac1fce78ffd450c00184f2,6106b6e68973babdd321762a3ec0efa8040a566a8b29b27ec0c99c389e9cf5c2,studenti.polito.it,-55.0,37.0,6509129.0,1099564,AP-AULA4VM-01,Student
56ccb27f9bf6d435f6a823fc76ee9a77d3472a30035ce045188b98b14e480a1c,aebddc9fa871256059fac1975808c0b13082a331299a1b87a6a3306dc244091f,studenti.polito.it,-57.0,37.0,1017809811.0,72220130,AP-SETTE-SALASTUDIOA,Student
bb62eafa4b8ae6c225d179bf698f966f544768e06908c0263e8a88f1e4d27510,2408aff53d41d589173d712ac583832f6b29438d6523e349212fc9a0414a228a,studenti.polito.it,-60.0,37.0,7535949.0,11092149,AP-AULA01-05,Student
c250d985795891a21b1ad8cef622f4ebdddc49f27b3ae8f6ed5dc1aa9a306889,4da264347d6e77eb0e296b708c1bc9bf18e492b20cead4ad62950d286455b6ed,studenti.polito.it,-43.0,52.0,89571624.0,7246694,AP-AULA27B-01,Student
decc847da8f9779f102ba01fe7e7a7f2cc54e1a3f38fc54e984b1ce0f2e81a90,b2a2e782cc162331ef3ac939f424dd8a89ba831495f6e67bf57098b652d5d7e5,studenti.polito.it,-74.0,21.0,179976586.0,10498541,AP-DENER03,Student
a397105814d00b434836ea16e49c17a81afa257e83cfade95e3d907b8b6aca92,0f45ac1dc383d11cd53056ba94b8cdc0ecfce26e61b64a437ce3206f02e75c11,polito.it,-57.0,32.0,978172825.0,82678859,AP-AULA13B-02,Staff
b7b22b1305bf585b04520f8fd8233dbeb8d5d0e6097cb978faf5a3983d9429f5,e99c084c01c13fe75d865bfb77d530d8ac16326f6694522e2110768881f7d65a,studenti.polito.it,-51.0,43.0,683293446.0,17616016,AP-GESD2-04,Student
285b7efe0f6f55089119d3218d5c9f05faeb4918034eabe45799c8b87dddec15,9a0e1273e855c525390134cc6ebac5105b1646f8b12ec9d953d94b00b3cd2aaa,studenti.polito.it,-81.0,11.0,86803429.0,1585468,AP-VALE-AULAMULT-2,Student
a706114290aa3a044d372b76cc4dda793304c612b94a017163082dc432bd7965,4b5907572b07bf0098b58baa6d65f61e02ad4f6edce0cd0d983bb8bbdf73942b,polito.it,-68.0,28.0,1182708.0,769172,AP-CIT-DET3-05,Staff
1484972a46005e408845ac3acf0b8df6e717d6ccf4b8cecb19284ff5cf8d4e7a,25634c5a4a22a8d37d7afa164979a00fd2ac4884359afa7d7132c9b7bfa88102,studenti.polito.it,-76.0,19.0,229669880.0,9759145,AP-LING-AULA201,Student
b4f383285d7dded3974a70965e1554016475da04821721c87c56fa72f4a25f55,e7400bdc3d919b019d05e8776fbe55473db9a0752195506fc5cbc3a7ffcdf08b,studenti.polito.it,-63.0,33.0,53351950.0,17011725,AP-CIT-DAUIN3-02,Student
299f1400dda1eb10d797315b0b48aabeef590b0b39a7350ea160bdbec2488e27,2bd6211f99e42eecfd1b30be3606f5396e1c12f4a3a19db12682665102573cc4,studenti.polito.it,-57.0,36.0,5382991.0,1291196,AP-LING-AULA208,Student
66ec529c5768980e21eeee06c1e6472d423af2b08aa550a056a17a168e3f6e8b,69049d5052f71611153fe70c319427e101e5f53d96b9a5d9f2397cf7a2041d9b,studenti.polito.it,-71.0,18.0,8255773.0,5838493,AP-VALE-BCA-04,Student
7e32555ce760402aa593991d26d5ff044a1fdfbfec8a326e69966ceaec526103,30b215d02e3c76adcd1ab655c01b03e57ec1f1f7118569988cb4b207186275a0,studenti.polito.it,-60.0,31.0,1293397597.0,19823828,AP-LING-AULA207,Student
7aa8d25337abb45d8e4a40e89b65b6bb666e40cd18fe89386bdd35baa49501e4,9ed9d6d22902c8aa33396478023f68eab8bb451435e38393b6af634a6dac8cb9,studenti.polito.it,-65.0,26.0,472663125.0,109722350,AP-DISMIC03,Student
5ae3932446c43771e4876c54e0d5f39b837c3adc20aa1cee532deed88bacda4f,45e315300c1c86a4644cb1f70d20b06ffa6a0f9fd9bce625515fadf0a1c17ca0,studenti.polito.it,-62.0,32.0,19485494.0,1055659,AP-AULA2I-01,Student
95cfaff04a18593e741678a0a35aec3118b89b10f43e5c6be1fb08637dae9b2a,110bb12f349766d5bdb39bb1e09e16e2b16aee8eb0d0e69913aebff9417b8cea,polito.it,-55.0,38.0,88403746.0,11403894,AP-AULA4C-01,Staff
67bb2df505a04f8872341297b40a36cb0536d598f3651a1447df96e7a323de65,9a354d3a2bbbc275e3992e87308042928a4a4d28407cb6ba795f20a7868fcd46,polito.it,-57.0,36.0,56485714.0,5087129,AP-ENERGY-AU04,Staff
e657ffe4816358400ce455e2f730a5db6581d453006ad96cfb312f22a6fd6013,d8e0398835a22398135c6f22c3d3f3d38479d8d7e3b4c6f22297ab39f08f9a6c,studenti.polito.it,-41.0,50.0,108386422.0,14723985,AP-VALE-AULA4V,Student
904ca54a52889c2f6541bead3418e0f5ac92784e2c5ed31bef1b0bb57287e0d2,8d3f7e5db2e90012bff912d5c4a683a67afeffd6c1d40cfc5930d28c91285858,studenti.polito.it,-44.0,53.0,41845578.0,4308723,AP-AULA05-03,Student
02a16d42a7b477fb57d28722a89038113c7ec1b6cf4e1b3088963ab53a68d66e,5218d7f39f0dc44aaa3bde8f694a869e468a635aceda5462f5659bdd66305381,studenti.polito.it,-55.0,37.0,8745.0,5331,AP-GESD2-05,Student
d9209f6303af13c474ee4d6a67323886dd20ce71c7b2e8bb1447c35578e264ab,f607bee46f1f78d6fa6c75a293e152b995b5453f3526d2868359e7199f4aa190,studenti.polito.it,-73.0,22.0,1575496491.0,24948085,AP-LING-RECEPTION,Student
92a7629e231cc98f4dc665fafb851f4afbb4f86ae635d4431225e2e60283e6dd,811299c7311f6e1adad7319aa2dc2caa2eec71f856cf3dc27d816c1ab6c08478,studenti.polito.it,-47.0,46.0,151019883.0,17479146,AP-SETTE-AULA04AM-2,Student
398c8ca9b8803be5166b9bb5950e5cf1d79e2a9d26d07a9ca729017b3e3da88e,c9273dfcfaf7718452e57c08b98f2cd0cfc39cf5ec745b779a489d6bca18bfb5,polito.it,-86.0,5.0,268567090.0,105341128,AP-DISMIC03,Staff
19eeade6cd636e43a529ed8a37a636080db07263892334ddc7492d22ec02eed2,49c64f90035541c3216cda3bb8b7344060f9c09e54ebef6056be401a1c767cff,studenti.polito.it,-65.0,32.0,1115975538.0,119010927,AP-DIASP07,Student
56fd8b72ee425c272abeb7cc811d2e905d6dafc185573dcfd35037ec59b6f192,918c7da60c8468bdc778d00516f6a140898dd7f4b32102f6f19a848ff363d392,polito.it,-66.0,26.0,90070278.0,78714783,AP-DIMAT09,Staff
3ec631427617e6a6c6d0d56411ba3a2e81bf901d1a453e1b95966e643d606782,5af1fbfe0603795284a3c3bf1c035db4de349c9a4ec4afc0b45117b9cca6e6a2,polito.it,-80.0,18.0,51122671.0,23546169,AP-DELEN06,Staff
955f1e42d03ae82ea442af9457510c09237a444004ac90423e9080c7e84696ba,6abe05d1d607af22e30b737976a382d954fc136cbabd00db8c82ed66cdb924b6,studenti.polito.it,-46.0,46.0,45422943.0,6552759,AP-LAIB3D-02,Student
f5fa38613d1a52a590badd1266096648be6e1493ea8459e88f307a4f461e3edb,d216f23a3db255242eb08751ebb2fa3fdb1dea84e63be98d0a9b206a375fee45,studenti.polito.it,-55.0,37.0,30502875.0,8482241,AP-AULA11B-01,Student
f27df49930ee5171b8f878d2d23056934abf1ac6d5d3bd303010fdb4db45b3d2,f9be13bef37646987382332ed6e10db4ad2cb583147fcbfa5cfe134a8de7bd57,studenti.polito.it,-57.0,38.0,48242489.0,42504138,AP-LING-AULA208,Student
bae79641712e0b13aaf220c0bf66496d23c3e1cab12b6b5966a45d9135fc9ed7,2055301a2ead3f4a31481fb4d94b51a256a47116f1a26be38d69409e11ff2f38,studenti.polito.it,-49.0,44.0,129443729.0,95346911,AP-GESD2-02,Student
2b8c84860b757ba2e42282a7652136d22781414db51b7073200b2ccb6e333a89,b6ff458b1aeb51c1776d89775c8b264535851d8dc63cc65aa0e849eb450c45b5,polito.it,-69.0,22.0,413727170.0,33093665,AP-DAUIN01,Staff
395c3c56c68b194a745d6f4e6b1d04043126c99c9de098f04880c5315f0ccd67,d493ec03c20f6be3c2221b428f05e5f2bdd5002553ff7c65b1e32325fe4eb0bc,studenti.polito.it,-47.0,45.0,215673.0,117072,AP-AULASTUDIO3-3,Student
8faccf8cd24dad1b79099afbd092dd21d2bb90f5e9076540562336916cd9bc5e,d5efff5a6e02011eaac5036d5be0f32a4780f5ec9bfbfa6259a2419ea71d9a12,studenti.polito.it,-60.0,33.0,19613524.0,3116708,AP-SETTE-AULA11AM-2,Student
4c2c2e705844863579dd277736d9890bb0539e4fea800cbfe16fcd8be89bae15,23f8c67c7afd27027307a31f4724d441b4ce73a6d0f7255f3772da492bdd4359,studenti.polito.it,-70.0,23.0,52157050.0,255363752,AP-LING-AULA304,Student
91add0dfefff707bdbfccf80f3c88cff53642b54f61495a9f19503f501d69fb0,3bcd231a8b49c16cf7c520d7ad8a5a2c41781f5906513eb7190f482dce4fa754,polito.it,-62.0,30.0,298245977.0,20700801,AP-DISTR07,Staff
326d7185c5ee5739102ac5668f9ee908179d572a6525ac44cf0e5baba4bb84ec,716c21abc1351c3e68763fa8e212cf8510ba20e11b4822638fd7ab489be4cecb,studenti.polito.it,-50.0,38.0,2755171.0,978855,AP-CIT-DET2-01,Student
c18dd4e0380aaa47c7574e9195135d73cc17b2247f3e1625615eaf0f0090312e,7d65a5428342fad89e5efc59199fcd3f4bccea0239d8c89942b29f391331f542,studenti.polito.it,-65.0,29.0,97796706.0,25098826,AP-INGCINEMA-02,Student
c678d348051d2fe1090a8f2c6633a3e47e6d37fda79ed14fd8144f80c06584b0,f488f69ef1eede8f32be052eea6fba01e5c52c462ae8adf5356e2f0c69eaf050,polito.it,-70.0,25.0,7404006.0,4099023,AP-RETTORATO-02,Staff
37a86465058c35b3dae7b75c4e42c3e638f4acaecb16014259e7a6b0d2f59695,c856aefda920582b7cb848d448456ee537bb98ea75af9e2b551d3dc3322aff9c,studenti.polito.it,-56.0,35.0,136451902.0,21418094,AP-AULA11S-01,Student
0b10bc487b1af2f01d13ca7370fec657e32edefde0ab9e045284db1c1f988bc3,ac56a51966fe5c227164e40089e3cc4acf6ef5e00924a9e361605649996d48e8,studenti.polito.it,-50.0,45.0,1045546.0,842743,AP-AULA01-02,Student
29b708b062a449ce5f6c4e41ec0061c5239b889b181ca9c964a0db434a3c9618,8dba0709ea4222dce6a820c38b1a35d824c42e3b3991f0941bfdd238af56468a,studenti.polito.it,-51.0,44.0,51036017.0,6032427,AP-AULA03-02,Student
5b4e5f84b701aafbf4d964d5c3b3ee9a820912a906d289e7ba98ba42d9f3e350,642eda2127738f48ea8b80ee25f538551bb5804f7a9d767774d675bf6da20b61,studenti.polito.it,-52.0,42.0,3198957.0,545151,AP-AULA8N-01,Student
095ba21b4939654ad2c3a97a12c0fcf73e2154844f3665723b762c8123672103,fe56e62e272ee153a6ec835ceede6d65cd3a9dea59c86382497d44f5d657a9a8,studenti.polito.it,-65.0,30.0,25454315.0,1167944,AP-BCI-05,Student
d3b54080c06ba67c58951a02a0798402e753bebb574c0a1be8dabc0014b4397b,74665f89ffd7ffb5c2266085e52762e2ee8a92cbc0ae0a8fd19396de07e8c206,studenti.polito.it,-54.0,40.0,5151859.0,602239,AP-VALE-BCA-ST-01,Student
91bf9cbb241ca9c7fac0e73512ae38e3c16fdea04f8254fa1f0999d4b69605c4,786ee3c103cf261c9196ed8ff1855616fd2043a484c7f0aaf863101cf70053f2,studenti.polito.it,-81.0,11.0,32511618.0,23282027,AP-SETTE-DAD-01,Student
7c8331b66ace085ecb04267866a464e6cde4802d7dfde91dc1d001145e942de5,5057c9ba7b95bc7fc9f794a358f5d6d126b01598447471d17e246b6976c05929,studenti.polito.it,-48.0,43.0,13354496.0,1328986,AP-BCI-TZ-01,Student
3f6baa1b43d5698b934b7769169b79699f60f35a6052aeb882539ae5ffce29c1,30a44a2d47201fdac4417eff52019ce1d0624afa3e93571a3fb6f27fd5d9119e,studenti.polito.it,-52.0,39.0,29965733.0,868209,AP-MIXTO-04,Student
36806198a11fbdfd3ae8af7d6f6883bc506d33067068c908eb962103ef5dc277,e4ae538a5bb8f75472404e50349b95973f28c928eaab07b4403d0e76c13b9eb6,polito.it,-46.0,47.0,287631437.0,2622166,AP-DISMIC17,Staff
7d5de118811e825e2b350f6ed815910bc51411eae62aca9cc4e887bfd2259d16,8c633484d14365c3027945c9b30014460a432a86ff0670eca21e75cc2889a45f,studenti.polito.it,-48.0,47.0,9686728.0,1002110,AP-AULA10,Student
80b465d703549b28c51d101a858925a8479444b00c1d81997175d97f714617ac,d38d1e31c24d6dbae7805e726a652a5b31649debf6d707e9992bfeff3cc1250b,studenti.polito.it,-55.0,39.0,1251376.0,328641,AP-AULA29B-01,Student
7c816c164b0d057ead3a41319e82f1318e651b9a66ae1765bbe790e2087f8160,801dce865c92f650b4a420d26b7d8960d0f707fb2f68475ce2589ca36e8ef4b3,studenti.polito.it,-55.0,40.0,263672.0,127528,AP-AULA4-03,Student
b94659c81086104b8d0b7d9b6d13b19df5805289e4365b2f8d0eb3902b72b58f,,,,8.0,0.0,0,AP-DITIC03,Unknown
6c65afecc29f5e6f29e57d24675cc4145ec0145a50910bf70c93139a3787c41c,07d6a01ed51d4d8134aec1d098867e57ddfbf7d410296ceb3688b94f0d63d0b5,unich.it,-35.0,56.0,40974497.0,2690668,AP-AULASTUDIOR2-01,External
f6ca99c92f0a0db1199cf913d0a16546f224e5294f7142313ac5ce3a16be79da,b8aade0e1df564780f39a36efd41e9c88a6849807532cce7751ddb812e2f58c8,studenti.polito.it,-69.0,28.0,1043388.0,300732,AP-AULA05-03,Student
ba70d3ecd5f45dfda661294c84ad9514ae41fdcbe6bcc8541e2ce58bb0625bfc,6e0a483022a13cd1b2374d4e063e59f9a968d0b1a49b12a322fd7b79e7fb67c0,studenti.polito.it,-50.0,45.0,41289853.0,117337388,AP-CIT-EXCELID,Student
b49aef38373ed88c4bdc83d6957a4caa58a6e09924d3b60e3932ad11335163e9,dc9048e291a3f742e6b70bcc93cc94693b844e1fa89fec11ea84d937cd9ee193,polito.it,-64.0,22.0,618706274.0,109172211,AP-AMM-1N-XP01-03,Staff
002fca28963e644b435137b30e4203c3c9f2e06d71f8a7cadb9c1b769402a28c,afe2fb54afad129417a66f98b39a148eb409ec37aa4c39f800b9699c4f4cdbc6,polito.it,-76.0,15.0,280672.0,187098,AP-DIFIS08,Staff
4b307d10ee3c986728b1fe6a1958eb7e32a3684c7b98f865fa51d2ce3814da2d,e4fe0b44bb18ed212ac499ce70701eed4a8227b8172c9e382a4297d9587e25ad,studenti.polito.it,-59.0,35.0,324589.0,193764,AP-CIT-EXCELID,Student
cf345d9c9e88fd5b9ffc11dc721a0595294c076a26e1e543f76ce6cb007f9504,3972f82a79c046d36499b333eb804a0878f713ce9b76a1239dad6adb3b6dfd39,studenti.polito.it,-63.0,29.0,1542767.0,1469847,AP-AULA5M-01,Student
c3fb0eea916e91a931e28c279b96ab212f97540b700ece155e18200a57207849,ea0460a1e00c0f718fd74d4c8e78aba1bf5e12682e4b3dfe3865ea5fdf514c45,polito.it,-54.0,41.0,62357375.0,22361532,AP-AULA03-03,Staff
77d3a3e2c49b9c4ff3690c688bad2607a4b67325b562df0d4a5c015109caa8c2,77793475d60fb3320f3a7ff36f83912d03b6ddf23a6210e1a5daad704f902ff9,studenti.unipd.it,-52.0,38.0,2508450.0,824589,AP-VALE-BCA-02,External
4897bfd53e39afee31e0dd72d18c95e4ef67ec0f0f321c198ccbcde5f48dfb75,3e4b85db28ca3941ff5d007dd6a27dc927fc80df40542d57ae0fdcd6f0926151,studenti.polito.it,-47.0,45.0,146062319.0,4413191,AP-AULA8C-02,Student
3b92637361bd00a4c5bcba90c5319666fc06b803129e41d5d55327fcb765122f,cd5f4d0e3186faef9a63f40409fd5570f9b88c405d00278c21c384c5dd6e98f1,studenti.polito.it,-72.0,18.0,0.0,0,AP-AULA1T-02,Student
1e21bd0d1b4a279a11319bc96ca060f3db0ac1712eb65f6b1a795649239e683d,0f9de1e7972f36c10b48937358758c27848648c69c9166d3dd94c80ec105f96e,studenti.polito.it,-56.0,35.0,81437381.0,4271969,AP-GESD2-04,Student
fda5e8f4f64851d5593f0611958025801fffa22894787f8875af3d2224d87c3d,9ba3a26d6646df61320b7b06fd1b3fa61af6b29753571b0c0168d7500ba656d9,studenti.polito.it,-46.0,48.0,1185554.0,508359,AP-AULA4-03,Student
6700936685aad4c39dd0857957ded98f2dcc220be04d46a4bb52b36fe10f804f,6e8239244f9c796a3fb120c39d0b1ed3fdd44efce6a09a76ae24354d916434da,unipv.it,-49.0,44.0,85088803.0,5460099,AP-AULASTUDIOR2-01,External
c4a1e574ba3c1ac3704aa9fcabcf5a48c7cb118ed7725bfb3a0e0704489ceac2,30e4b221f7b611f42995a5eb64e1f10c5c88cb5a4068473fd1b2e6503d6341e7,studenti.polito.it,-84.0,6.0,119197.0,86242,AP-AULA12-02,Student
dfa27bf6b7ab5ecf30b7da1d749d1ec3819ea5c22b0a7b44f692a9ea5d7e0d43,186e620dbda77406e26275051430b25da98f8af9428ae86b4609ef92089990eb,studenti.polito.it,-58.0,33.0,786229538.0,11457741,AP-INGCINEMA-03,Student
e39e015e8c8a26d5809c51d94f76657c2fd68f5dd3961f453ec42b55e1f55d35,5751cf8a1d4f6735e9c40ea46d7370372af86a2666ba781b2d6b67dfbd6581a3,studenti.polito.it,-55.0,40.0,65066954.0,7094512,AP-BCI-05,Student
7e439e49edb0059e389e3db2867d87bc2f0fb815c0e88844a841a88ee7e63fcd,a2cb3213c871e595318174b0d5df33f6134a53230b31eec6e3a91b9335a6c9a2,studenti.polito.it,-53.0,40.0,0.0,0,AP-AULA2T-03,Student
bfc574733766fee9678af29207bb9ca6f13818917c1811aa63cd1a3687101bda,0646f22f7670193d14d29c4ab7497ca5b5f61d0f499ea52db4f0334b5057027b,studenti.polito.it,-78.0,13.0,1298199.0,2361279,AP-CIT-DET2-01,Student
3d33a1ec6e71cd3efc72f9b6417f2a3ebec42e2a433b5894bee879f856d4d753,21aea931d615190da1521655800e293f713df503d5a3a4e3da455975d8650ef1,polito.it,-60.0,31.0,87839247.0,3423017,AP-DISMIC21,Staff
cca84fc42f5adc2ddedf3bd9b15317ca3a3eb3f437b164c87e9bdc0c33b70f48,0c4e4a07bc1fccae251f42d7417031447852f720c12cfc524eed1759d109d4e5,studenti.polito.it,-48.0,45.0,336016426.0,13437590,AP-AULA15A-01,Student
bd0fad4392e57dc2e853a33651c18c27acfcd58403b09fb552172b8725bb0ca2,acade56e6bcf2c981011e9a836f0e9a170d7f02bea62231c25ead8515cdc90b6,studenti.polito.it,-56.0,39.0,264626447.0,46847299,AP-BCI-TZ-03,Student
51622825c9b9c2723d30caec0f02eb8ca3e3081a338133ca9175aef66e9f2824,4dfb24c9d9283fba7697188b55718dda3bb3664b0c35a2bbbeb419c9b22796d3,polito.it,-67.0,22.0,2264423371.0,70970334,AP-AULA13-01,Staff
b45d58d135b5d122a6c88ae9ded8078e93dce50ade4d8120220a4f15e24e83d8,a725f82238adf2cdb81eff9b85fbf45522bf22f4ccb0fa531561b3752109f2b4,studenti.polito.it,-35.0,58.0,4787656.0,5841203,AP-MIXTO-01,Student
e31b04d0b1367712e918b756ab32ccc46d45a63c21a91e66da743af80c42ec51,5131a007c73ed9d5c18f369bce73e19318daf0f1485075de33075c91266510e2,studenti.polito.it,-71.0,21.0,19452445.0,1288008,AP-CIT-DET2-01,Student
73c7edbce1818daa9a80870d294f26905e15ade9971a4edd403c32adef3d394d,a617f9a880e6db7ef759a56609c9c51d372f6ec97bfa0356008748bf4b5be9db,studenti.polito.it,-55.0,41.0,1398961.0,1021583,AP-AULA01-04,Student
844ccd70737c5b928a62abeb1b8d04e00d5005a5d441981cf72eea164936ad51,d2485b0bfaa6f2dea6c385f12613d03798b3444cc7670b213e26cc930b261193,studenti.polito.it,-48.0,45.0,58641236.0,4977363,AP-AULA10C-01,Student
8aa535d9748caf4ca092784a3685feb0be6385d7171870d17cbca4c03897fc0e,6757ce725ed818882848739770089db701e2c177bb7da95d758c6b26b9516368,studenti.polito.it,-61.0,31.0,1367449.0,668748,AP-AULA5I-02,Student
60af95ebf6637f4fb0be87a4474162bf2c74fb87ea477c9dfb668f376e78b919,78102f0c8abec4b281d150ed1037d873eb0097d49c15cf6a2b561716cf3d479e,studenti.polito.it,-55.0,43.0,5100333.0,510128,AP-AULA3P-01,Student
826ef876ec8d9b71655d56e449f554c908d61acfd5601e31e814e77385162a4e,c787256ea86af5403450ffd4036e1d79ac1597d3b131d2ceef3c42a0aa501910,studenti.polito.it,-53.0,43.0,148336103.0,5312489,AP-AULA29-01,Student
45d9f726b7ef626a85f8635b4819b7c061e23ca59a87e63163f7adb5e5511697,a3018bd4f97f520977cb5d1f40846b146fef1a1befa678a417f5c9e526fe59ee,studenti.polito.it,-60.0,33.0,118955797.0,33229560,AP-GESD2-02,Student
74e668ce32cc7e5d87b7c1579a0c8d1785152ebe30640b00a593f8cdbd3af245,73f7201b82d841ed243dcd2f6d8ad90dcded5bf08fb6f50e24e39cfdd41c392a,studenti.polito.it,-82.0,9.0,33501647.0,1765255,AP-AULA1B,Student
91eb596da231acf637cda3b534e2cc6e2495a10967ce56619404e0d47059c3b3,3169790fdb0a0a2b39a7fae76be500053f8144aa7e81aeed9743969432a45d3c,studenti.polito.it,-58.0,35.0,131724150.0,104171565,AP-LAIB3B-02,Student
d09269bc4d391d411d5ed46ce64d4034d5820e996d9553b2f601d97ded0f18ff,50ab5bab27e9d09b196aa8d36a39d6557108a14ebc4d328660cc0d4adbfbdce2,polito.it,-59.0,34.0,33548035.0,4382870,AP-AULA8I-02,Staff
49ad2b4657d20b760dac3ea922ee83ba39323a9b1c31368b96ee4f90fdf754f3,d258ba8eb4db8efd4ead29f260e48acae3f01252ac0e7aa00ebadd719fe15eda,studenti.polito.it,-76.0,20.0,591160892.0,19246053,AP-AULA2I-01,Student
99753b8780d34d429fd3c0550e5e0a1f8e5a5a84adace2febaa192c671d61272,5351584fd3b28fc5b13e3ca7aaa5df39cbe519e7cae2959e8d5118dee76c2847,ntnu.no,-53.0,38.0,428853450.0,60583914,AP-LING-AULA212,External
4c1712b8ebea3f6f6ea4ceaae0625c66c8849feeda7236a1f5c8597bfb27a946,7c1acdd14dba09b909a2bcc311c6793685b63a037964ccf12b88c575393f5415,studenti.polito.it,-80.0,13.0,159371.0,15589,AP-LING-AULA300-1,Student
0063055a12969eb8fb9c852ce4e856cd03e646e9c42e7cae22ce771f78c52466,87a529ae8f258ecc74fb20921fd7f37972c5d7d3a3db49bc5b36e9910d168dbb,studenti.polito.it,-78.0,16.0,2072920.0,1121958,AP-AULA4I-01,Student
2dfc1d0d0427a5ef508553c2b564b104448b0438f87370596a795cc24bf31d97,314ec09ed7c114320b6a6822792d2525d9ac4c5ef52bdb60253c73c74676cc11,studenti.polito.it,-46.0,45.0,494480694.0,8502232,AP-LING-AULA205,Student
dd30a96384f8f3f682860642ce5d09de9e9ef5b73be388b155939481a86d03b3,51f285d9dce316fa6b3292750f2a2d43e5ec7257c74e286049152f1401e735d2,studenti.polito.it,-47.0,43.0,1697325.0,906120,AP-EXREALEMUTUA-R2A-P0,Student
4f826ba893c23795a1fa5a539f0a5b9220f865f2588f149c08475b641ad50968,f51eace1e156a99e41ea74ac2c8075c65683b4dce2ce2f5e39be82d6a6d6728f,studenti.polito.it,-46.0,44.0,840045.0,556766,AP-AULA11T-02,Student
c97e6bacffecd2913600b4e63a35d0859c50a2cfc807d8d306d6250e03f9bda3,44ce461f6523edf4b9218779d0ea1d627a1c2e8ab8c78ef4e704eec5012dabc0,studenti.polito.it,-48.0,47.0,219161178.0,26933122,AP-AULA4-04,Student
cee93c90fede40f429b36b52adf1325f580bfc31f270abbe185cb7e9b660e5ca,3c08419d50f616077b879cd12616d5390955d51c532d82ca85c4d2733b2a5c20,studenti.polito.it,-80.0,13.0,588241.0,298366,AP-AULA8N-01,Student
ddc5d6e79710da38c202c6336c035aee753dd21b33f89f84a27545764beb8f07,96c39012fcc452a34043c82eaf9a23e031fbe731b3316fe797a319a4b37bfd49,studenti.polito.it,-64.0,30.0,2586897.0,1842972,AP-AULA4I-01,Student
f788b4397c2bae6e50c93dd71e1bd211fc18a95129a6e9cd8856ed781399df9d,549e9760b236c438435a507899f18c6bc2deb02fd833e9e9310b56a79efbbc17,studenti.polito.it,-53.0,39.0,92622573.0,2030009,AP-INGCINEMA-03,Student
e67b00639892a3371158e57b43a5be280be2d0d8003637f637929089c6a2e188,1d4f356bffc02aa2618e154b0cca49712efc61f26d772e5e8c099f94f3bca653,studenti.polito.it,-45.0,47.0,5015693.0,51021027,AP-AULAR1-01,Student
28cabe872f33f2981ca341ebcebb9fb3cc1eda69d02381cd0420998ece73d405,1df56c33121ab86b646287c2e3f2aa0aebecb1b3d1ccc78372b693ba6d92fd82,studenti.polito.it,-53.0,43.0,3652469.0,2115473,AP-LING-AULA201,Student
8c2e08e338d6f2ef8c91252bab130a145386210dcaadca5736914422fe780b82,bda1bb3b56d40dae676a819e45382921d73deb62191a6a89f797e2342ab0ee28,polito.it,-54.0,34.0,14766535.0,466027,AP-GESD1-01,Staff
1cae6dfc8894c31ff26cb1fca9ccfc9debd745f8379af261f1ec3b2b8fad0dd4,713ef1d3c260d056d96e33bd6cb75e8a4e116c74df49792c518d89c63f40f7a6,polito.it,-54.0,38.0,20591111.0,6445762,AP-AMM-1N-XP01-01,Staff
1a0c1ae33c66cd51014842a8c9aa97b20a860c5ee3d440cdd54f110522638cef,7f071b07d2982aef951e89d6055483e0118fed98cc8f8c759e5e502fb698f108,studenti.polito.it,-61.0,35.0,14931850.0,24846764,AP-AULA2-01,Student
353bf446b7e38a588587ae936ebd7e7132285234f841120f4270084994d19802,bdae6b28771887a1537c12b1fa37ba24dfb343ffbd9b62e8ab27d473bd9ff17d,studenti.polito.it,-80.0,15.0,11254842.0,769843,AP-LING-RECEPTION,Student
9702cd5e0d4b79ec838594025061ccaff1a6c88d54f8a1280d2cb6b7e537fa54,528a9ae31a55ad456b5c8fadc590973912fff524b53f954f9f4546efc5db2c4d,studenti.polito.it,-58.0,33.0,10712662.0,829519,AP-AULA9I-02,Student
616589dfc9da618e4d9ac78569c6bebd4f06daef55e079ff983d3668f8388d8a,c329cd01f2d98e4e4bcaddc065fd0b504998fe065f10996fe827b960a3c5de3f,studenti.polito.it,-48.0,43.0,118412098.0,4576853,AP-INGCINEMA-01,Student
45e202e1b9d32c25c911f0256df1089940a6c37c0a04326c14e94b49c369affc,d028dec59b2c302a06b3f8840f78f19a09233aecc8219909cdcd02055a52b3c7,studenti.polito.it,-43.0,48.0,766154.0,444861,AP-AULA5D-01,Student
827ba30d2e67ad9c74854fb74bc72cb1163c43103d61227e7d2c37d5b1e77e88,e62c6d4abeca571655363407af3573bb65985788481a09884d7c0f370bba3930,studenti.polito.it,-46.0,49.0,285840929.0,10889198,AP-AULA4-02,Student
93f8a28ca3cec022f22664a41bdd2ddad565f87ca349b350f813a08b59eae013,ec3f93db6e84c3713d2ccec62bb3a43b82993fe64f4d8c63cf4982f31a9fa13a,studenti.polito.it,-81.0,16.0,5442425.0,633578,AP-CORTILE-06,Student
8a0eb8e93149948d3fa7f8b62b0994a5d854771485b9e409438a47cdc5852bca,cae029681e4a00c02fb7ed9d708fc3c07409dd9cd83162be2e377d3e0ff0ee51,studenti.polito.it,-53.0,42.0,353528319.0,11319819,AP-AULA29-01,Student
872bf73ef348fe799d88d3f99ff4d73acb58641d25db1b97d236c9c3f85836b2,c52876b5a34d13d0f9bee22486026670f9aff4d7986fd44c4df17e1cf4daec07,studenti.polito.it,-71.0,20.0,6680748.0,1378213,AP-DISMIC21,Student
0075678cc7b1dc077fd455a4ff6de1db9704a0b82a956ad5cfdc62b4f972413f,39c3e2cf30a0f6414be28155bcb9ee6b79aff7f010f3103ac9413b850ed41b81,studenti.polito.it,-77.0,17.0,49215084.0,4334958,AP-SETTE-AULA13AM,Student
82c7977860bb042546f8b5697b8f99f5eee248ec1b16c2270f5de4f21aaf35e5,7b7229001ba379706b8d73fc309cee2baa4e3468c02ea9e9c1a774a82ba31fae,studenti.polito.it,-67.0,27.0,89258706.0,5046222,AP-AULA6-04,Student
c91568a3c6559e6df132f352cb7f3516add9abcbb7bcf2553206e6dd366ce73f,f6553d87fce6b8c68df9980b6044b0db61468107569daa69bcbb412067399689,studenti.polito.it,-53.0,42.0,219113064.0,146572066,AP-AULA03-02,Student
a83f0fb7572658789943da239d9712bdc06f9fe8978a3ea3c7e29421f74190a8,,,,31.0,6376830.0,426843,AP-DITAG02,Unknown
903d5a0673e276244a57bb75fe82cd8d6d2f616a734a0c2ced136481417209c0,8953b1246ddc259d4d0786c4fd5863826728395436bc3e9b575af856fc6d489c,studenti.polito.it,-58.0,34.0,11744308.0,3166636,AP-BCI-08,Student
53f1f5f6fe588f6edb582b27882cabc0e06504832f1fb6e84fe6b43bbf7fe8c6,5d1f4c1c355af6bc9458b566a1f737116c050df64a30b8398cca1db4d631bbd0,polito.it,-49.0,45.0,51997375.0,8671176,AP-VALE-DAD5,Staff
7a65d10f577661a5b3d806dd3176e4e2a5e58c5f25b45753490344c6890cbef2,c060503d924586b7e64055667fcfd8bd731977ea13a699383b5165cceb8c22a2,studenti.polito.it,-55.0,38.0,148278811.0,5761075,AP-AULA4C-01,Student
b8e5e8a7fe9965bf167b29e269d441e5d3bf93a873dcf242e0e191dc237c4379,41d4dd74ab3240621ae04e4ad4fbbe1c854302ac92165f519ab345143e47aaf9,polito.it,-68.0,25.0,32268938.0,69416832,AP-DIMAT-SALA-OSPITI,Staff
5f37803a431f1f11f653f5d51ff2e68f568a845ff6e19dfbb4c924b88f904af2,ac7d653b2d74cc6959702f52b89a48a008fbb004660104fe0a0c083ac3a7b154,studenti.polito.it,-59.0,37.0,29060943.0,1819285,AP-LING-AULA202,Student
fd28f4920ebfc7cf28ea28d8ca0e8d799240d505809a5b9d2f05a31295af9908,878f25a4ad1cb1737acb7b184af86061eceb8fee4142ac3fd85ca8aa85ef488d,studenti.polito.it,-46.0,44.0,53974582.0,2768648,AP-AULASTUDIOR1-01,Student
4ccacb5a5d5f6d08fb4ad75dfc6d4ae3a44b507b659202ada5d4411d09d6f649,70d163e3ba888a0a77f68828d88546b950a165dcfb5564a82067b7730232f80d,studenti.polito.it,-67.0,24.0,57556.0,33598,AP-INGCINEMA-03,Student
f847b273d365fac4e210063435c1d8842aeb79754147a96d96f3879cd4e4123e,1edaea1b205ef9f2499c3f97109d54d59be499147a814b2ac3cc46cdf5bc0cc8,studenti.polito.it,-53.0,38.0,9732852.0,2924722,AP-AULASTUDIOR1-02,Student
2a44ac0141fb9cd39d99f122b76b11c7863acd3e8719095745cd80a1049c29f4,a8e979e70950531dc71b399f8e6ec9b8c497b9e99760acde5ae21f9a8ff53115,studenti.polito.it,-42.0,51.0,111300460.0,128737607,AP-AULA03-04,Student
8ae80ab919d7379ee7ec3415fb8944bd7fd07417a5c53b3c4d341e07e316a262,6d6a7fd233f845dcc31b5d4fadc48a22aff0b9e4b028e8456040bbbf1b96efa8,studenti.polito.it,-46.0,47.0,23361466.0,3664128,AP-BCI-TZ-01,Student
b7fdf6bf6295f67eedcaaa20ed45348a5c686ac3801165eb9a5180dbe71f012f,a29a63d3a9234a9f9a1cd95cce9b040ba48e119ae8f9cfce47e7f1c33df305e9,kth.se,-55.0,37.0,6254481.0,4467230,AP-DELET03,External
c25f378d6cb8650c83f5f42c5d3d3945b634a8e61e14492acfe1025f681214a3,cae029681e4a00c02fb7ed9d708fc3c07409dd9cd83162be2e377d3e0ff0ee51,studenti.polito.it,-43.0,53.0,115181685.0,14534586,AP-AULA29-05-OFF,Student
b470bd757e3ee6bdadca1499fcc0adef9e7a289eaa6f990312fe8a135ae5da87,66343b24cc42d5c1847f56d9a8373b7229f9637d01b6f9baacd6e32b257032aa,studenti.polito.it,-56.0,35.0,2351782.0,1321043,AP-AULA3P-03,Student
d77594484d5f84f0066923ad82c3a4678b3044ba5328de8c037de4785c40cdc4,d7975cca4ae43faa640eedc30d73088e8b1ae8b84351712e372d621e0db39080,studenti.polito.it,-76.0,20.0,242688593.0,11207355,AP-ATRIOSCF-02,Student
bbe24d9be78b13b2de8b537911bcf81f9b7757a54baa65db9a8442f4dbd4b105,09abc8d0dccda891fd1cc4a2e1d7393d7887745f45c2bef7a975fa5886b08562,studenti.polito.it,-60.0,35.0,1914909.0,788831,AP-AULA08-04,Student
e243b1edf7cd90e61c36e18005e3682b9dad69d8f5a3a0eef86cbc99e64a9648,69b5f31d7c3f624797e06c5d092ed02ae044593d8581c7bedd0ac80abfc43b6b,polito.it,-89.0,2.0,214111906.0,66575162,AP-DENERCT02,Staff
0e6c1b53e4d619f598587abb66c2cfd69630378bdfa9583c90ac677fd950968a,f65ba09701db4d07ed99b29e5afee05e8ad30f80e57b763be60b4d16b7683bd8,polito.it,-50.0,42.0,241142726.0,29950062,AP-CIT-DET4-04,Staff
c2805c3dedb3c594ba9128307372d6a4a0cb2b672ee81f5f4d68290ed2c3047d,39a5174b9a51bf3eb293e72f84697b527aad7526c7a5c59ec5e2fd0ef84acd7a,polito.it,-50.0,47.0,30593158.0,3056013,AP-CORTILE-02,Staff
3a502222d6b303aad6f5d677d20d0b485d5724e5ed551759b022bf4683958ec4,defb2d66c3117dfc691c5e7d8608c43bd1cb9fe212381d476829c12681b8b795,studenti.polito.it,-43.0,50.0,16901513.0,6228075,AP-AULA4C-01,Student
8ac3dd2c00481076fa85892711d0f497112cf04bb88c5d5332c72cdc90f5f7ba,21e8da1af94afa0762db50d440a762bf6e99a05491ac9e464509e0ad3fd5da0a,studenti.polito.it,-60.0,32.0,49022066.0,2932420,AP-AULA6I-01,Student
a35cd5d8b5ed6fe21b5e2fa622bc3ef01610835ca9752aaa9fc6f3de02aec206,988b1d16d9139aad3401125ef794d316ce5c0e8de17ebbfb12846278b02b0586,studenti.polito.it,-46.0,47.0,246506141.0,4164615,AP-SETTE-SALASTUDIOE,Student
41894fbe8e8f21002ae0ab1a27e3c48b226a07b5aadd918f91afbd1631bb0c6f,fa951b54b62234a01623b177b47b9d8a3da4b2e34239262d22aa69f99fe5a67f,polito.it,-49.0,46.0,202643548.0,30600473,AP-SETTE-AULA14AM,Staff
878904eb9d399159f9debfe777afb58253855a88b62b676de340f8d55012125c,876c5a566b012fb3e2f22742d4135dd971a831ad842d6ca0ed9746977a91100e,studenti.polito.it,-50.0,38.0,223077236.0,15599033,AP-LAIB1B,Student
2545f9264fe630525dc9dbadec3559469cd27e25a69299476e473f68e4d24f26,7ecbfd5dfd124c0b9c5ce58a5ca86acd27cc6fb955396502fa04617a9f8f7af7,studenti.polito.it,-78.0,11.0,2577984646.0,84220851,AP-DISTR02,Student
7d9560e65d9a4e701353738212c7cc253cf8ce9756f8f170f7cc9c9e9365e28f,e995c0a35fbbde915f41baa2c8d9f7a48d06a3192308040335b062178f3ae5ca,studenti.polito.it,-45.0,44.0,310934172.0,12307271,AP-BCI-TZ-03,Student
704e6120a8e2304eb74634250742086775aa1fcbeacffe8036bcebe8b1317e58,a6258259709886b5746e9e234e39662890bd4e8f09f89bbe3baf56ffd8198268,studenti.polito.it,-57.0,34.0,176258.0,54765,AP-AULA19A-02,Student
2358e08cf19ed6b2ba70233d8d9972ef5f40e74ab45037910d0f36ea58d1cb6b,2be50acc3d0beceee253513caefd784f0bd6ceb2fb0633d6659f5e4c3e06db3b,studenti.polito.it,-54.0,31.0,5946599182.0,75848312,AP-INGCINEMA-01,Student
9a7fa883cf9ae4d90deb21f23f7b0f1ce3980d59756adfa21631568704b2f6fe,b614dac1399132a70fb47417b303195f45621baafd05da556c161a0507317b3d,studenti.polito.it,-45.0,37.0,3164646.0,1788914,AP-BCI-TZ-01,Student
d34c2f8120d619411ffb49283e93ae1f05a7ffa7bc743a21e42b723f2b46a611,d727a2e42fba4c535ef3a6440128f4355f651aad9718863cb497a1d4228cd7a7,polito.it,-56.0,37.0,107461813.0,17812687,AP-CIT-DET3-02,Staff
e51e0c4ebdd40bcc7bbb80321ec37ab04eb0259696be6aafa6d81546735f3ab9,ec803ef52bce8725c713020daf21c9f212413a10137f5b82190cc884cfee0edb,studenti.polito.it,-62.0,35.0,18819056.0,7559263,AP-BCI-ST-09,Student
7fd4faa5de7a2163edf1f5451baac451da7f12621dc44d5b9d42d3fc9b2b509e,35b0579a4475f75870f3a7c43a5bdf649e5b18647923ce09ee8194f1683b4cb8,studenti.polito.it,-53.0,38.0,190828605.0,2497850,AP-AULA3P-03,Student
a3e89ee284b47228d8f8c68d34546c7bb309cfdeda835eed31a02f97cac2f604,08589dd0217f2f128dff81bfc64c1c6d94ddab6f5e751a2e5a2f9f2ec346d3bd,studenti.polito.it,-51.0,43.0,114044389.0,31335626,AP-BCI-ST-10,Student
673d2a3e87b8eb997c83ae34fbbc97f69ebcb3fd082a49008f6cc85160cd03ec,bf1202537d3139fcbe8429948a409a685670cbd17a85133192fad68533f2d99d,studenti.polito.it,-53.0,44.0,10819099.0,2237471,AP-BCI-ST-10,Student
ea7b73b5f4993c5cc3addcdfcc32050d6a16464deaa00fddbdcd488482139092,73647194b4ea38826172a22bdd76f175f71ecb95d3e389e58aee70edbfe3898d,polito.it,-70.0,24.0,241715177.0,39674493,AP-PRIMO-NODO-01,Staff
5cef74ada2a57846d31f72b0d97759da271f1d551fbbb6c29f9c1d6154a3df0f,9190bf44531ed8e727f596ebbf5d75dc2df61888b26c5e2d4187ca71aeaf84a4,studenti.polito.it,-59.0,31.0,511488818.0,5992696,AP-AULA11T-02,Student
d59ff0d736b8b797a7b05fee9306891883649a0f440988b1803d02cb22bfaa53,85a4acd6f3561fac2a8395acebc91fa38a0f98eaf41955b13039036f1997a382,studenti.polito.it,-50.0,45.0,236203206.0,28863925,AP-SETTE-AULA12AM,Student
36632eeb43a88230733897e6cf2d4b457baff3405975b258f808e33ce5e1d9ff,7a5aaa08dec239b7454069f17b1c8b2b0916f0e28682fff922f565daaae9ae9f,studenti.polito.it,-53.0,42.0,52118577.0,10545004,AP-LING-AULA208,Student
f06f66f82a4b865f30903c54ff1b1a9ad78de4e89dfea11a65b7920f181e5ba9,e986b106e0f3ea4f500441f5425aea8676fb4adeb986a57e6e8901906ce518d3,studenti.polito.it,-61.0,32.0,30027556.0,3301015,AP-AULAR3-01,Student
335c0460c1675bbf0b830ca08b277a8afdc8df2e8f4c1b56d20b47a848d307ef,9346a36b7e900fbc83acc8dba767eb129d6177a2ffcbe3101efadb3a26810398,studenti.polito.it,-69.0,23.0,73771265.0,10139081,AP-LING-AULA302-1,Student
c63ffe3cf5d8a9430de1f649d21f36381ad9804b9754b7ef0b32c35a497ebff6,afa3b68dee581ae04ec4d67decce0e0a6d34f37db62eb65ca35e3ec330ba42a6,studenti.polito.it,-62.0,9.0,146192953.0,28344624,AP-AULAR1-03,Student
14da02f17bb557f422742a1958d28145e29844dbc7f0ba40807a31ed8ed99e4b,905e854318cd951e4fddb29914015c5d57c879e3ee9017cb78c703eb4f21018d,polito.it,-72.0,24.0,561589969.0,133081313,AP-CAPETTI-TD-XP01-01,Staff
9452e05677261bb15305d138aa0c2b79a5b0e2037359fa246ba66b319578338d,f199dfe5776f907b7f585134576c6f4ac9b5c3c87972d9705c3ba699ef7c4c7c,studenti.polito.it,-60.0,33.0,26060176.0,3400303,AP-COV-C3B-XP03-08,Student
85e1bd3e02d02716cff7f932b486e4a00150f65dc1bdcbb191f0539a70947fa9,9fa41846c3dac60a495436388349fbf701002dd44169875db58679b488274ec6,studenti.polito.it,-55.0,36.0,34201889.0,2311668,AP-CIT-LABINF-01,Student
0336b91d827dd4a70e7324c21e1c8005c23f823c4c7b9ecc39b8a6774c76cc74,fcc3a195aee71c3c040b900c6d9867859d1f1a412f016ca5ad5b38a588ef63c6,studenti.polito.it,-58.0,35.0,42853117.0,8268713,AP-DIMAT-SALA-OSPITI,Student
a27df588449d6056125064d6d06169905d91aa6581fd4fdfc653ede14aac5944,b5997c91848511f93014f08b695a99035c8db9328fc04ea2f17cfff17045b956,studenti.polito.it,-73.0,16.0,36508450.0,6500145,AP-VALE-BCA-02,Student
65cdb18c0f789edd35da2cf91b98fad801ef67510c021e5864bedb98a6e5aac6,84b2c918ea04fcd1da116e52a7a8136eb10bf41044869c76ade6fc08c969c1d7,studenti.polito.it,-48.0,47.0,130576692.0,6401623,AP-AULA29-02,Student
f31a118c262455e6a445ed420b96df0881581e5ef0b73a79760997742b4a6aab,45e315300c1c86a4644cb1f70d20b06ffa6a0f9fd9bce625515fadf0a1c17ca0,studenti.polito.it,-59.0,34.0,434232462.0,29260947,AP-AULA2I-02,Student
827a87774363b57eb41672ed1e9d3b8dcd78dc35accbfa60a6c78f867d353efb,49acaec2ad0e1650495612a860c9ba53ff54f1a81ee01e489a252bd306b4ddb4,studenti.polito.it,-67.0,25.0,56181558.0,5120709,AP-AULA14-04,Student
fca772c7aa26b08c02f9c69b9ff81e096f0d7c02c8bed1d57de6ec23b55746dd,592dd226a32cf1bff45a17f3ad0afe5bffdca0af676633921ffeedcc57f78b8e,studenti.polito.it,-56.0,39.0,11248387.0,14300485,AP-VALE-AULA4V,Student
7733b6869ed529d36d909d9579fb11850ae8a2c034b3d55a58b966a6aa085098,d8a6c4fb89747b73278b09d9dc7ad6bdd080b5f61f0b6fcd67d251df8f498534,studenti.polito.it,-82.0,13.0,867637369.0,155772284,AP-VALE-AULA4V,Student
db7aa64a63513276cf3304887b06f14b7d56eaf547a75f61976d3452d52732e1,8a56589235988ddbb1ef9168327b53d26f0a7b832fe889b853f6b2f1bc3fe629,studenti.polito.it,-54.0,41.0,100069446.0,50816283,AP-AULA1M-01,Student
ea73f9b85549c7c9acb66e2a3fcd550b18f9bcc71673e402e44d5a6c82dc0351,89bbb3c03ccbafdb938d5413aea79860e84765cdb3f6ed9496a41a852d92dcd5,polito.it,-50.0,39.0,815513287.0,653799479,AP-CIT-DAUIN2-02,Staff
1b21ae40e3cfe39a3960f31f8f206484b9f162284dd17298b620d6a5ed47226a,ee13f7c5d541461270a8c667e3c4de06e034d1a4f2adc87f60c8327f90154335,polito.it,-69.0,23.0,121600494.0,23743582,AP-DIMAT01,Staff
268030b0892fbfd57c51788ad415fb5b5b0378f83a5b86ad3dcd91f9886ae5dc,d56b094f511f88276baf4a76e2ba17bba3868f2a4020c74e578fd4a533efef5c,studenti.polito.it,-55.0,41.0,433259.0,180289,AP-LING-AULA207,Student
c28438f130e7860137abd194b6713fe0be6656a6876ebae1dbd276b7a749282b,bb7a5ef6c56267ec4594b4e9965728a22f4f325b3405a1033f662ac4935b5571,polito.it,-73.0,20.0,24611429.0,7238116,AP-DISMIC09,Staff
e1a089ddc2f729d67a3548a5224683f81ddb3ae90c02fe1fb5c364aaa297571a,7126331724aacc7db90116f616bba37b00c3cd4321311e7e4205aa3eda0306d8,polito.it,-49.0,42.0,8256720.0,3469004,AP-ENERGY-AU04,Staff
9fad2c850190416acb0aa85995cc48d5702533171ebe8015c3fb83c2ba976f43,a292d5437d73bf53a9cbfa168867d85c162f2560531543117153b980acdefeaa,polito.it,-57.0,35.0,116525261.0,384546349,AP-AULA3P-03,Staff
2a8ecf95bf1153f24d29f9c2dc4663f0708d69e818600f260530cd72dc14bdd6,a969418d7098790ec658f6a4c363c1f6f3652c4e5503f3792ffcbd4f98d0d340,studenti.polito.it,-52.0,37.0,1480205782.0,35932992,AP-CIT-DAUIN2-02,Student
3199c2eee62a58d94386fbedb8d52c4c215f9c69b14afa79ac204731e9309cac,3bdcc79e36baa848828b7ccd10041bced20c765a33f9165019e37c162830a5f1,polito.it,-70.0,22.0,9330178.0,1306635,AP-CIT-DET2-01,Staff
0f41250eb8d76d2b62e20a864a91b15ec196550e9eaeee8f5946eaad63c7133d,5d69c8241b0b02084b2840e356d12d02afe253d452e02fa383c410ff794e791e,polito.it,-57.0,36.0,674879677.0,25998952,AP-AMM-1N-XP01-02,Staff
d4bccf28d46239dd6d07b75b57ff90fa2dd9494764c3d3ab98cd4ed869596752,6e6dff534fe480d00c007ffca756703c088da13e057d861e6bc3b0cc8b3a1402,polito.it,-47.0,47.0,16209728.0,4663670,AP-LAIB3D-01,Staff
3d55e9c3d95722dfef684c8fccce22a362453a383bd60c6e2221f8fe1cedf57e,3f17cc81e28b82d125c4da2b10b8c258a0b517c3e932ceaf24fad1c7a3c66ee5,studenti.polito.it,-51.0,43.0,103457254.0,4912323,AP-AULA15-02,Student
9428f0c63ccb1dbeb3a9f7b94cc27cb4b18961395d4caf0777a5d88ce51b018f,f1dbff1dd365cabb692476edd50e2ec56e4bd7101e1da42b6d36a552ac55e304,studenti.polito.it,-63.0,33.0,105115706.0,20422387,AP-BCI-ST-10,Student
c2fdac40025acf9f26afbff7fe2340241cbe5bbadec4ff7366631250903be85a,1aae6d517141941ac7e955c171162335dfdf55f47faa1e99d706cd9a87b20383,edu.unito.it,-72.0,19.0,1049829667.0,13683294,AP-LING-AULA207,External
a589c75a8aec0f33bfbd9dde9826a8604efd0248bea11d6e40b143df14946e40,ee0d5082b9764591654ac1f0d84a4dbcead6ef9fe3f4db5c05dabf71b2258454,studenti.polito.it,-57.0,42.0,140318117.0,4797932,AP-AULA10I-01,Student
7a2e8ad034f034fe1c6230ce70962365854b1ac8df0447c58981208c7ec25ba9,98ad2b0908304f1f316ae2366ac505457f1e9fbe3466d16a34975be7531b8bca,polito.it,-61.0,36.0,10499.0,17915,AP-BIBLIOMAT-02,Staff
7d0fdb79e3bbaa863d58fd55c3eab6044200900cd5bac8086cc2d76ea45c5bc9,141d9bde848beca7f8dabd6088cbb5fe0cad74029892feb81d3492432f1f085c,studenti.polito.it,-52.0,42.0,326331013.0,12165743,AP-AULA29B-03,Student
6210c4328571a64d9677d2217c81dfe3ad5e4363eb6af3a8a28a7b05c97ee988,c0276887f80c833e2bb6f2e3f56ceb81f423d4765491f053341d309547dc5579,studenti.polito.it,-70.0,20.0,191006648.0,15815601,AP-LING-AULA207,Student
96f9a3929ebe46d1401882dfa21140467caa0a5bd6555de7cb2e4552eff43523,6206b7cbb6b2601436eda4b93c8dbd7bdb4af548556ab14ef5a04535961c788b,polito.it,-57.0,35.0,10733533.0,878213,AP-LAB-ANGLESIO-04,Staff
8f68db901291634cad7fb9c6c12f555c5f1ecb916c40e7e17ca3dd24c3f22cec,b7e8db742c34e364ea841161998ea3cca0ed608288057f298bfa1095e8e04d6e,studenti.polito.it,-45.0,47.0,342165723.0,5980197,AP-INGCINEMA-01,Student
41652a34c1988b604bd1b608a49811fe043e0c5d959cbe9b152a506c089267c8,7a81ede20d53f313a5da6dc39cd76a98235ddb0b90f569ae9d6eefac8bef107e,polito.it,-64.0,29.0,856890900.0,13538739,AP-VALE-DAD18,Staff
c7c1e9c2a81d3dad814a26c2e9b42934b58bda1b42c32585cefc2a2ee5c22a06,a826c73a408d8f396aabc9b34ccbdd0d9901c78f12c620e9ad631582acb6df2d,studenti.polito.it,-60.0,34.0,1129163.0,792700,AP-DISMIC02,Student
bb24d6c8676d4923a9be6f9dfcd737e180cc06880cf9bc3a18db2ed0b6dcc9fa,deb18f6b4e7029364d6482792135fd3036207b19767097041660c5c2ca38b59e,studenti.polito.it,-53.0,37.0,7785.0,1773,AP-AULA1S-03,Student
ebd747ed6dd2bb049e04d58c92d5d8564ae8a13049792c01f331aebfe3438243,aa8461b7c6ff20d9f2a85f7639fd1fd659cecec1e1732e0248fc88a978f95f0b,alumnos.upm.es,-61.0,30.0,6250866.0,1465868,AP-LAIB3D-02,External
c7378b2403a4068703e06be51d7a13f07ae39ff7c03d3f85c2b9abe3049819bb,79f0efc043459e0e3f160d392cb67f4815c0b691057c0a7e871b29e89c127e62,studenti.polito.it,-60.0,28.0,122482811.0,3951174,AP-AULAR4-01,Student
1aa638c2204d7ea88fcec2ac38a0f2c4f3cf598d47b269b281a2c64a36576164,a0076abb9d5a056af26395c3263c48eb1aa19f7a9ce5fa6de7415eff509d5281,studenti.polito.it,-52.0,44.0,3227403.0,757527,AP-AULAR3-01,Student
5cb6c85807de29eebe22d76e720dc41a39479bcc2a50382422b18653035d16e9,4e07ffdee761d6276673324b20ec09d6d5009d7ec3f3d0dba355af7240645179,studenti.polito.it,-72.0,18.0,40681380.0,7161834,AP-DIGEPB,Student
c1020055b1d6539a320ca51cfd8d68537ffd2033f9cc3e62296159b6efd00f3d,6a98fd24db219f93fcbc30cf23675be6eca7a23d3eb226d38fd36396a71b7570,studenti.polito.it,-58.0,35.0,52144369.0,18507232,AP-AULA1T-02,Student
837326d388ea3282837214a077f7f14684ee7bd1d0a1f212641f603058fbb61c,173075884cf6777c473c67d55c72e06fb35ad14ea48886a9f9ea2aab648825b1,polito.it,-73.0,23.0,11416763.0,1955957,AP-LING-AULA204,Staff
144e030e2c93d56d5784c91179401cd8f3b62c24568de930522b807f677524d3,c0e81a52fe8ae6724078456a252cac650ff87fcaedef489e6038cab6df9f3b6c,polito.it,-82.0,11.0,946305.0,453583,AP-DELEN02,Staff
83b53f324916ceffda21d23e7809edbc3e8671290bdd6dd042334482f8faa286,ff1c94c6d79f254f1a70e22c10c9ff56056d7bfbb9a245756ec35711cd27b10b,studenti.polito.it,-84.0,3.0,295810581.0,21785949,AP-DIMAT010,Student
928b433aae86a2eb776e75e9665266b8ec7f472f75f4272369c2e2d01ae8df52,deb18f6b4e7029364d6482792135fd3036207b19767097041660c5c2ca38b59e,studenti.polito.it,-59.0,33.0,13190511.0,4417365,AP-AULA1S-02,Student
28a28b640a03bafea00245eeaa71cf9ad4c3038360bab7eb066daef2c4519e85,4cebe4191aff1c7fa241f4f6d58be7a13a8a9c6c202e691a40da8ea6cd445c9f,studenti.polito.it,-81.0,10.0,8177736.0,1594084,AP-AREAIT-2D-XP02-SAG,Student
3af996684839e17759674044dbea9a2e64605258880875260a0c1d077e83e6f2,8d02ebc94c12a12312bb1ad564dc13cd8927148b07386840fd17ed865cd5e52d,studenti.polito.it,-76.0,19.0,2543152.0,1019399,AP-BCI-06,Student
7c3e4e9490e5bb6a51055011c046b8cc2de39028bba0c4cac303619859bd70c3,0cdc8faf11230fd817dd8cc9e449ee44b0e396fffd67c7daad529cada41df294,studenti.polito.it,-50.0,41.0,11643063.0,5639337,AP-BOGGIO-SALASTUDIO-0,Student
93655ec943a202787b14e4808a7344ea0506367349890066e3aa7dd201e8fccf,e92ce56d48c5068c177aab209694b56a2f2f26b472edab9f351e45b77b9dd32b,studenti.polito.it,-56.0,35.0,44949274.0,6092478,AP-AULA4M-01,Student
6cc3b61163a013154a0c87b463ba34defd4296d5be88c00780d7fd7c173a2174,fdc694b52da6efef82901cf97bc9a890d6ef9e447f79e258f3b346c76b5bb68a,polito.it,-61.0,34.0,124515642.0,163518242,AP-LIFE-02,Staff
2e473ebf35fe00b7a91aaa59da9c4b7a730acee7c15ea0690c394dc9a5ada8a6,77ea1396046ec66969b64c11e9161ab1451ac00a66da4ee9d06beb00e378e246,studenti.polito.it,-51.0,44.0,47261776.0,4674176,AP-AULA6D-01,Student
48c77d482eb0a26162b2ea4468d301e5b78489fe2cc46fcff52dfa4473111ddc,823b7627569b620fb5af38065432577f9e4e27db36b9b25f16bf2758fc797120,studenti.polito.it,-46.0,42.0,88363898.0,5376111,AP-VALE-BCA-01,Student
15ffc245d19c5f33a8eed4525b5ec513b2d51441f7d3bca565746209bb88a396,dd77053c274d8aa8c9a157d22c4df7dcd508827a404adefb444cdb206809dfdd,studenti.polito.it,-54.0,40.0,41064312.0,9095892,AP-SETTE-AULA12AM,Student
7a7dfb6aa459f3f834457d92055956b79e031ef2916388d3f5afc2e96644fedc,0fca0cdb0728d3782d4a51ca1346f6b13a07a72bb4de90148d14291291004187,studenti.polito.it,-54.0,40.0,4836470.0,519425,AP-AULA10,Student
3f6c72126d6b153e4be32d43813420cf3b471e6694a06c932fbe7166e8652a1d,32af02edc224bba1afe0f0155f499798a7ee6ba055d048fa2802f605dde302fe,polito.it,-59.0,28.0,75818942.0,240601799,AP-CORPOZ-10,Staff
e5b8beb755d5917c05672d9f0404264dbcebc0dd322ebb06c49f67978b02a1b5,225d8cf99368891f815bb360bc9f12fba61c5f697841f9decf522b12f8613292,student.rug.nl,-53.0,38.0,4298218.0,1041680,AP-SETTE-AULA01AM,External
b3c4734075d943ac15b557bc94ad84f4b5a5b8cd62bfd09e30f03a70fb1052b4,9e98c777f76415453e82be563dda3caddecde3e38754a6612f147af6c10b592b,studenti.polito.it,-60.0,33.0,1125392678.0,10685344,AP-CIT-DET2-03,Student
8e989f80994fa16015d5728cec06ff2d0fc90314c3d66ff211fd5c06be590151,577a7d8755b07b4d6fd7f7aa8ab77f189f3c581acc4951d189e2923499b1b0f5,studenti.polito.it,-59.0,34.0,323832634.0,24618414,AP-AULA12-03,Student
8800668439f1b2041f42bbc794ad5d86b5fac2a5f6d1063dab33e2fce447dc25,224dd7081794832af4688b888f4fa747253eb37f44083cad878c9a39fa4da2a9,studenti.polito.it,-41.0,47.0,152458.0,125612,AP-AULA3P-03,Student
1b2b23d96cf6cfc3944202546ea1cc8fe814f62edd9c848a2193ccc927c95791,64f350def292af24a0f0059049803f05b8648db54f30e0d2a1f91852b9e90ef4,studenti.polito.it,-74.0,19.0,7882.0,3520,AP-VALE-DIST-11,Student
34621010115bbdf7d400ad127389516d73c6d910f1d3b18bcbce96596a38a0bd,d0f70ffe0b68ffdce472ceb754c2b5a47a45fb6fb9b0a47c353b38415ddf5f8f,studenti.polito.it,-62.0,30.0,216868243.0,433217281,AP-AULA12D-02,Student
bce2a5954d035389508276d375cc5f2cc95b147d6eb6b6562025c19af3c60061,36e23f65422de844324693622648f5c6883304183bfa9d7997421e4a812d5fd8,studenti.polito.it,-49.0,39.0,805540.0,331343,AP-VALE-BCA-04,Student
962ee4b47c81a3403cb902007be9669d936668a695b287c15d7b81791cea3bb2,d6de8c4d6d8f4c7b36163329397b55a62bea5e6547bdf686061d4df5278cb40f,studenti.polito.it,-57.0,37.0,204980880.0,25868749,AP-BCI-ST-09,Student
a9a99a9bcaa736ab8cb3d4381197e7005d120173c298be36eb2f5e4c40f9de96,,,,11.0,186.0,93,AP-LAIB4-01,Unknown
e726f10cb94a9ab4f800c15a36c02a3c2a614fa76959c9db8258e1db4af2e2d4,e55c2581c856f39f2f25b9fd446968cdfedd95daa13ac7134dd0f009f5b2a86c,studenti.polito.it,-64.0,32.0,2825187.0,652710,AP-AULA6-04,Student
324e5801fc938f93080e39b3a5f75bd221ea879337f1426ed85b60c12de5cde6,459ef48a15886ab8b3c476d49ada78eb9b68d62b581e90cb12f97859faf33429,studenti.polito.it,-61.0,34.0,40435791.0,11637195,AP-BCI-05,Student
cb6cbc44c43112c14def39f346cc52a7cd224e833bc33452474d4ecc1271492d,afa3b68dee581ae04ec4d67decce0e0a6d34f37db62eb65ca35e3ec330ba42a6,studenti.polito.it,-52.0,38.0,11841572.0,23553836,AP-AULAR1-04,Student
152aeccfe4a4478e249b7a9d9426a55857a86ce8064667ed4abda292b6b2a57a,,,,26.0,198.0,0,AP-OA,Unknown
1d736293a0109a339cc834331b7cea958b2358df8dfb7604dcee904575b9b0c7,538ef47087566cdb91c9ac06647127b1fc56fac1cb52aac964de16a79612413e,studenti.polito.it,-73.0,24.0,34619657.0,3384727,AP-ASSTUD01,Student
004089b8276cbc7cbbb88287c03957eb98d9be79ea931c161c6ea7eb88e3a758,dd88006c36a25bad76c22d801352020733cecd90eb89730283d47fcfc45821de,studenti.polito.it,-68.0,23.0,9438933.0,2132725,AP-CIT-LABINF-02,Student
a9ae042d1d6833454f07907619b252c931b897518fab9acaeef100f8370e456a,e9b0cc9e9dc6079b98c0cdc09a0fb10757b3bcb16599e8b75cdb010b136a97e2,studenti.polito.it,-67.0,24.0,13632962.0,2220648,AP-LAIB-CODEGONE-02,Student
5624bb148debef3769af75e851c6cb5548605502fd85af91f11375bf1f6e079e,0bbf9437ef9307ff83fa922db4d42217b1b072b88df020a8227ee26927b9f7d7,studenti.polito.it,-54.0,35.0,1027650.0,875750,AP-AULAR3-01,Student
5712f9e167e94d31a05c3343c58b417259b6ae35719fb7486a4954c704d2b425,f7d7d50600a28a31d55d558214ba20b106cc7249b56977188c3879ef4c0aa69b,studenti.polito.it,-53.0,45.0,86587873.0,13361138,AP-AULA2P-01,Student
547a926dbfaca4291b161069ef95a2a1b3fd33c68590d1190a1de69541857444,074f0f40f35ca3e1c8e34a440f458b1b18666c03106ba439976d5ec913427eca,studenti.polito.it,-56.0,40.0,408485.0,291136,AP-AULA2P-04,Student
36cf0bbab7fb26fc63a60a4dffcb353802cb04d03b622e3c636cc5fa769eea82,a8e66bef44a0014b39d732867960ef18c57e9ea898105d5955b6aaa9a449d3c6,polito.it,-59.0,34.0,2530336.0,383330,AP-DISMIC29,Staff
1e59ea63bd7ab269274572b40aad39e7f7a0fefaeb8d4007d17668ec9c25300b,b92bc45b7d03395ea47f603698da4d5b7a7a286391e5a23af3710590cd23a598,studenti.polito.it,-70.0,23.0,197972187.0,4135664,AP-AULA4P-01,Student
85334df91aae9c5149d95be4aebb25369209c8f0260739e36ad8871c5f78e7e2,1e79a7225db4dcbb356127d3a9469248c69e344056d9d0092c92e8645c03adf4,studenti.polito.it,-59.0,34.0,305297.0,114665,AP-AULA3S-03,Student
ad413b38e3519bc2ccfa241f52d29adaaaab2c045c858ff5d94629574bb08808,d60cfeeb1cf1f0180f3f20059535616a335a952a8cafdfa14d6436058aa8b577,studenti.polito.it,-67.0,30.0,518331.0,413452,AP-DISMIC03,Student
6b98a6e8567be6e0af8b5ca61f697621e833ae59b26a094ff84cf87da3dab3b1,b2d106ddf3f152208745b9e5d742dcb8ecc2e7ef633de856c5ce44acf85c4574,studenti.polito.it,-56.0,27.0,39214147.0,3564796,AP-CIT-LABINF-01,Student
cd2e7190260081094d08b4c1be37f0e74c7acd232c95ad8040f58b5e99c8618f,eef19742ecb67cae5216f14f967b75a104f28fc8c15194028e18f1319f845003,studenti.polito.it,-43.0,52.0,191295595.0,201209043,AP-AULA4-04,Student
3229d89ffcb13c8ef74e810740273bac9935b892ed40f8d5c2557cd1e26572f2,7c48722c6178fd5262680eab199fba252b989d42aaf35846c6ccff3ad1602fb3,studenti.polito.it,-53.0,41.0,329147990.0,18946585,AP-INGCINEMA-01,Student
6597098efa3a303341eacbb3f48ee4bab2560283180a87ea9ee694c7cb7c2cb4,ffa2d66a0b68fb697194b17d826f74926106708a7c98dff9628f53d1852a8aef,studenti.polito.it,-71.0,20.0,1338513.0,821659,AP-CIT-DAUIN2-01,Student
b93c4713965a8da56f3d6b8e89cf131f3faf172a5d7c575ef6d47013855364e0,23bc847e00688ff6edc712a933d3524c796a8060d57e90bd8c86f70c77e567fe,studenti.polito.it,-66.0,26.0,10854987.0,951109,AP-AULA5M-01,Student
557dd85f3ac1ba64f2f57da73de5938e14812d913d2318b7fd167289441e26fa,f0c5b4eb45ee040afde5ed33ce510b678a7bd4abbc0341e0248fdac8da5f5932,studenti.polito.it,-82.0,7.0,787681.0,564728,AP-AULA1B,Student
61974e6239c107e8f10f1a68e3c18bc138af7753564cc3416bc1fd25cae7756b,ec329d556c6c184182c8cf8fe601b7455ad39e87304948278414c5f72482e1da,studenti.polito.it,-55.0,39.0,193441080.0,2834709,AP-AULA9I-01,Student
dc1b787c103c2aeb71432900e7a4cc326709c4948510aaa58d467f1f0378a25f,9ab8bb15868fd47506fe7e4d44f355c492020a90434b6348e3e6a78ed3821dad,studenti.polito.it,-76.0,15.0,15341829.0,1527062,AP-OA,Student
443aac048df5af12402220e014738b68da723d6f726040e455216b7b3d426c16,1bc83fdd63914a054a6225d2027c69751b70c9bd62136eb27a80f25bdcb81cce,studenti.polito.it,-45.0,44.0,123430563.0,7892779,AP-AULA2-03,Student
5bb594d9bf85e5c735b558ecc638bab07b6a4963f4871df8b3b35a63ed024aa4,0474c04dbbe25ba60893db128d673f0ea2cb47fa00616f79b26cd8a0e3cb846d,studenti.polito.it,-41.0,52.0,13922673.0,43032124,AP-AULA4C-01,Student
55e3e054aba0f26866039cd8b742cee4b1a7ea6fe5d486847daa67da372294d1,cb52a9089d177a5939e25f692e55b02be8d55bfb2cee7ebd404e3be649da36ec,studenti.polito.it,-68.0,29.0,354482786.0,20771069,AP-BCI-ST-10,Student
cc271cda3e78a005c50a5980725ac86ffe4199447847a36acdddfe86a314c8ef,2c333c0c587a35436b8677cb6bb999cbdde2c658b5405751c76f19c24776a7e0,studenti.polito.it,-49.0,47.0,45283734.0,3508372,AP-AULA27-05-OFF,Student
de86a4d175183d82496fc53d1c42e19bc7635fa3fdfcb35d17c3c9438e7afff3,328660ee5ead0ddcb191d9b2e516565fc97fcfc60a58a2aac43fed366b793b21,studenti.polito.it,-52.0,42.0,237608081.0,323868668,AP-GESD2-05,Student
7cd499e4815405bd70fd4b71edc931e28485bb2a25bfa4448363e0b2f3e13cf7,5988e0a1c2d34212d1f11737ea7ec41722a26ee26feeadd32628ff8168938bb4,studenti.polito.it,-58.0,38.0,137474953.0,9090890,AP-AULA01-05,Student
b2b6e357261b8008a2a81bbed5143b5b50e844f8294c9362145089c0f3e4101c,fa36994f9436d53412283b5b97d23dfcbf44c75a78f5552b1d8f926f9bd9892f,polito.it,-54.0,41.0,1121002.0,1786918,AP-AULA27B-04,Staff
4a56dd8b5c756cfb80ccd67ca1bb591abf89d6c24a7c355139927b7e19b673ee,1d05495cde3a7a7383bdae6674dc33ae6c09400d515e71e0ea19f7f21cbc58f9,polito.it,-74.0,18.0,80232231.0,5350310,AP-LAB-ANGLESIO-04,Staff
b94f84e369510c4aa37a097fcd4a51016503dff7bf894b60eb59e99a822f5faf,15c587f7fad763ff9b18f72cb1c5a669e171bcfe3fe3fce931d4932ffb9c07a1,studenti.polito.it,-41.0,50.0,16892626.0,5470088,AP-BOGGIO-SALASTUDIO-0,Student
6096dad67818247abe6006f287dcc8e843919d5c5054c7dbb99890bd9a9bad6a,7423ec3317f5e15e1bcdcb699ea1b181ea6273edf1fbca8690039ea2048586e0,studenti.polito.it,-55.0,40.0,581049428.0,8693861,AP-AULA08-04,Student
f896a44a673d8008bde3bf0b354e0fe194d05f942e5f73d4f1dfb3b77af55db0,5c12e8650cad983b5e9a9c32780f56737d6da35c3b4897f605ccc7627b4a8be4,studenti.polito.it,-53.0,43.0,230380524.0,205074728,AP-AULA29-03,Student
1b85f2f302b24f997f44fb3238c8b2fc3d10bac90e47ae650947a147a6ab802e,cc8114c7d75b278b2ca7ce0f458b14e77a2e10624637f0a04bad732487de6439,polito.it,-85.0,7.0,16804501.0,4921036,AP-DIATI1-01,Staff
7948a74bbbec4699a9658db2371c9fe0f2e4d2c7d8d80d350cefd35c823e7e38,8134549c900ce302ff8f94f537b06df9be68efa4a07a4258c7b2742ebec29280,polito.it,-82.0,11.0,53309461.0,9726205,AP-DITAG04,Staff
856e744d81339853fde908f1a56133208328e8efe05703d2f282cc53b1ef3add,e65221164dac0c1a34590064eeb2fbc63b45e675c49267a4e1e79ee4e055d655,studenti.polito.it,-53.0,40.0,14264049.0,3187893,AP-LING-AULA211,Student
05d92e12bb943339d6212d0ee084992b4edc5e82c6ee78e1911cd94dbc8fd92a,f236cb9fc61b5d37a9e71692b59b17da669a09465558e5beb1fc7de6e7a3ceb1,studenti.polito.it,-82.0,15.0,8972.0,4798,AP-CORTILE-06,Student
bf6631c9a3ac024a97ad315fc1b9f6ba34f4e16beb5e7568a0731b4a33e11e81,aa2e244da9683696fa38a991bad7b948ee6e88f53d78e59387744ae2e540513f,studenti.polito.it,-50.0,43.0,21103903.0,2897780,AP-AULA15A-01,Student
a973c5e35a90180b1b2b8aa12c440529cdbbd8111d7be3578b0c7a8be06828ce,8be3f47f8e55e3ab0a4041307bf174daa808cbda2f9dd6cfe8e80cce2c79bc38,studenti.polito.it,-55.0,40.0,35180560.0,4357373,AP-AULA08-03,Student
4ca3b95e2ac1e694fa00261cf08c5636077aadd038aced49c1f7bc5da1e3e1d8,c9c62901a2252fa6919f34474aa7ba4646dfd201eae06b4d19b4066a4556da3d,studenti.polito.it,-63.0,29.0,95323294.0,15155498,AP-AULA12A-02,Student
dcafa30f6dd4719265da9e9d7dbee1f5f8ec0549d440452d17f9c111cb85fee9,ffc3b65dedee91936c1ecca7e34b8bf6991a4cc047d09813d3a758ebf8398dfe,polito.it,-64.0,28.0,57983004.0,360456615,AP-DISPEA06,Staff
75b2d0d9a538db998b066026ec45b96a0ec1a41420437181d25d8ce3ee5db871,6fdc4a2b0b2a848f0ba8d7a57500e4d6f5a81569813de0183b46d39f8022c783,studenti.polito.it,-60.0,33.0,248890525.0,12572548,AP-AULA1T-02,Student
20c6e7245d6d00b92e36e2898d81051a0b3ff9f832509e06972f58d3d6b5ad2d,a6c1ab78f1c457d6bdc7db76bde0279470336be514d3fab45b47d03eeabcabe3,studenti.polito.it,-70.0,25.0,150150.0,60964,AP-AULA10,Student
139ca4df9faa70c41941ba077dee0f7f773f604f0e419d8861cb5fc761a54ad1,df75f72bad79ab106ae528ee46ce3900d68e43bd9e4bf04303d678c2f161187f,polito.it,-52.0,42.0,73912756.0,9608965,AP-SETTE-AULA14AM,Staff
c7ba2ef13296b8761c219e5b3d0dc8a69012ac66cb26a504e3a3cd5bbc780285,f162d72a1d9a663e74e09d380f7509fd97ba8fe6d133938f9f03a0c83c080b5d,studenti.polito.it,-48.0,43.0,6014397.0,1209327,AP-AULA4N-02,Student
dec9f8cee69d12d8b43a4b03baca9a9b9e2b976d3a32e754dc4ee0a2ca443a18,60044635e90f6318d1489fe554e6dbf2ac66821d0aeb5275bda08a098c912cc6,polito.it,-79.0,14.0,989185088.0,19309160,AP-DAUIN03,Staff
4b0d5cf73e20bd748d46a1298ada8668e66a458c141105f302602c95b3ed8f2e,c89cc23b4f68022590a31a0b627c7a9d2f2cdd8a3e76cb7d9f44997462b89d61,studenti.polito.it,-71.0,17.0,569454088.0,101159704,AP-LING-AULA207,Student
282f3d0f78570ff99217421d93d2b7b7b6de14bb33246378aeadf70a729c84f7,44fcd745881a8146114a241409b9db95bd61db8359cb3408ea3fe81ebde972ad,studenti.polito.it,-46.0,47.0,10213303.0,1498357,AP-LAB-ANGLESIO-02,Student
e5403e902646bf6ffa643f09806cee431bdad0b273c27a85e63efc071b26a8c4,09b733ff0a1020a6d9694ffded95c371cc5bf3750ff5b9b5f935270e8533382c,studenti.polito.it,-60.0,36.0,65525341.0,674897006,AP-LING-RECEPTION,Student
96dec32e2ea9a91b4eee8bebe7926775eb1581c0b67bdb9237a70623915e7647,bc963b6f10ad0b9819e89900ca1dfe9e8783ff1a152383e5a0fd4d0bc8ac85d8,studenti.polito.it,-56.0,41.0,1796454.0,894166,AP-BCI-ST-10,Student
f5dede4deb7fc05ed4c920e4cc5c4447d762b3b95abd80720baa0471d751449d,71a7eab799aae7eec7a30dd2a99781303c75e1e6f45efd12c8eb6d9d1c92c442,studenti.polito.it,-44.0,48.0,1910667445.0,33012306,AP-BCI-TZ-01,Student
745fc6aae0cbd5746eff7cf06c4420f10842dab18c9d03dfd5ef9e06838cc699,258844385b93557995d5b446f35539b6b0345c5e63758341754365bbbabcc587,studenti.polito.it,-47.0,44.0,260319186.0,7790114,AP-LING-AULA300-2,Student
ea64954f7a2aed63bec5697524b9441eac4881954cd1fdfcd8266603a3a4da43,,,,42.0,13489.0,2172,AP-AULA12-01,Unknown
4188ba2d77f40a95331268a248c87d1aed400900ee029a3380d6e22bc2383b49,a50428574b3e9f579c36d57308b3fbb963483b769c5e2d259b9d749396b9149d,studenti.polito.it,-56.0,39.0,4135061.0,1847365,AP-AULA2T-01,Student
9ac1ef1936de2265baa14d01ba5db879d0388dec9428129dfbf7c0d54037dd46,b2a0760ce3525655d8525f1042f82170e8346488df09920e8167bf8ddad732bf,studenti.polito.it,-57.0,35.0,18527840.0,1437504,AP-SETTE-AULA01AM,Student
1f3774071abcd8eb36de62f40043182457c897da84d41a85153502953b3acdcd,6983bdbd576e08d5fd5a4e6bf867908fa423ce103af5d4a0c92eae36c8a37dd6,polito.it,-70.0,23.0,17551409.0,2770202,AP-INTE02,Staff
cfa6802d82b2622f47d13e3374e7208815715c3a96468259b3584eb2c9a670c2,f300d6d1f85de1b28a34410c531a358ad25231ef82b2c0479513f7ae5d974e6b,studenti.polito.it,-87.0,10.0,25279382.0,2551921,AP-CORTILE-06,Student
a636d7baacb99b1edaea53b54ad01fc50ae6b22ec63af79b5c9940e7f779a998,f7902393b77d6f64f27bf0efe1e7987988228f32715a461e43218787fbeeed6b,studenti.polito.it,-51.0,42.0,14444456.0,4582050,AP-CORRIDOIOAULER-02,Student
0a039637c4fca46d2b318b9fe820f38aa3d33325486790b11d90e0f1a651b96e,6d825a38143bc3ccf88a8d1bcbb91ad4b08a4c784f5625a1ffea02569301af36,polito.it,-55.0,39.0,15134375.0,2517955,AP-DIFIS06,Staff
af0cdf9735ed3ef67d04e8d7041b20784deed2f43044af91f4089fb25dd1d59d,1c808be3b3fc18e85e5f6d19c07bea03f192e4211bd56389a8d2c41a7a62a68b,studenti.polito.it,-60.0,33.0,7451.0,2047,AP-A1-DISAT,Student
acf8507bc881acc392408c15555bcaabfe1cf501fd554b6ddeb705265f03044e,50156b4f1b1755421c5412117e8f6e380251b9841d4e4a171278263b67a612e9,polito.it,-78.0,15.0,1004288753.0,45435877,AP-DIMEC08,Staff
b7f7c26b71663822b040e6ad8b023b601c016b18cd37b1d2f9c6e32e4a2b8b1d,027fd6d54915d77dc7ce8d84e42884a1df487941e71408c6f4fb9c2ccf90646a,polito.it,-50.0,45.0,624990260.0,68926073,AP-DET2-2H-2P-ACQUARIO,Staff
a0ba277c978eaccbdebd3e95ecd8f02095d8331038f4345f55c37758a15673bf,c633f74da5dc8400d8dd980362a88e09076290f3169baca714741db8b3b7f9f8,chalmers.se,-58.0,35.0,11813561.0,19194563,AP-AULA4I-02,External
1b62415402210a810866ca9eab24fb57cec8bf5c75d2ee4246e6482313b797e7,6373060eedab8a80248a1ae4c78889bc55750585795ebef45d40d1d5e35058b4,studenti.polito.it,-52.0,40.0,317354684.0,25707200,AP-LING-AULA305,Student
ec82badc2755394ac90616eebfc987558cc507982cdd57b81980997d5a51a669,6a5c2fe5efef9a76a8a49a12adb1331734e2fb5ef71244ab2d72383357e9a289,studenti.polito.it,-48.0,47.0,490819489.0,20684348,AP-BCI-05,Student
78220cc2a795fa73bc963d80882ee64acac548bcc2e721f015d2b7ce680ef083,e75fdf5b483d7be7f965a274cb8ed38124b3367b6bd497e369a67ac3d9dd4f77,polito.it,-55.0,38.0,810719446.0,52590419,AP-COV-C3A-XP03-12,Staff
1466c1d56a905002ad7a906f3a57565268606bfce4df6ae8e7d6bf138724225e,54c767972255a6a63f6212e5de18aa07cfc49dcc2275aea78c332cfe6e0c71e6,studenti.polito.it,-43.0,48.0,246577126.0,5527360,AP-LING-AULA209,Student
703f2a5d20337b9ce9854720986b2eed33ce9deeaa64eeeb492cbca5dab802bd,e3df0d6a2bc8329d949bc7351bac47fcde5b873248043d2ca97f6db7a89b8b69,polito.it,-62.0,32.0,331828289.0,116512270,AP-DET-P3-4,Staff
e7444778af9cb104dbef5831e1a50d0e4bed4f3d010138f31530c9537af083ab,d38d1e31c24d6dbae7805e726a652a5b31649debf6d707e9992bfeff3cc1250b,studenti.polito.it,-58.0,38.0,51202532.0,5172206,AP-AULA29B-02,Student
82077a9aa6e381d280b81b4154e6fb385bd54269af10e75f96586a330a508676,ab1e4df1aca0bdb36be06e1d826c41610f9c73b33d2e0d2a187cb71eefd3d21b,polito.it,-38.0,20.0,70030237.0,21742468,AP-LABDTTF,Staff
6a3057b52a8af647ebb8fef182ad739a9a827b10450d407b646c4c6a891f8c05,0daed030219aa48fef6051b33172ed1281dc22e2282552c76be44c0bd0b1175c,studenti.polito.it,-48.0,44.0,185453875.0,4412996,AP-AULAR3B-01,Student
e5943bfaa5c38aea8ffa86c0e148c1c5d2a5c79716e876468c39bb15dfa9e15b,,,,39.0,43316340.0,11204425,AP-SETTE-AULA11AM-2,Unknown
3f5c9e61eb441d7e35b034237a013719d0a24d2a705f7c04350034750fb2abc4,6f672f6f001892338dd206de7e8876f7250e84ec0b4309210170bf975055f219,studenti.polito.it,-61.0,28.0,1152177011.0,257379417,AP-SETTE-AULA04AM-1,Student
7a77793c549cd36762a77d69e7d25124b6ca1ef36ab4adced52942c86fcc3883,1d4f356bffc02aa2618e154b0cca49712efc61f26d772e5e8c099f94f3bca653,studenti.polito.it,-55.0,39.0,2056795.0,1889931,AP-AULAR1-02,Student
aae0236cb1407f936c7bfab3bd11646cd18b52e5d7327b1a11c3daf4f2f20410,9a3d16f069f1567c1091c3075845bfae755f3bf296c06df4c23ca4baa0944024,studenti.polito.it,-57.0,36.0,163464179.0,16710878,AP-LING-AULA212,Student
59c05d0bfb1ee147e1384339a1159ca0b1f035952260608d1cbfba9e03956692,c97e44e022165e42478674508e0b48565ed69d2e96e502438ef1877f6bb36edc,studenti.polito.it,-54.0,37.0,19140549.0,12849057,AP-SETTE-AULA04AM-1,Student
d0f2dea1cb650f843d4997245d7099495d5fa2e66979627af734e65408de2ade,87fef72e0160973fdf8c76739775359271920528fa03d09b72753acda6843539,studenti.polito.it,-59.0,31.0,2590484290.0,40782432,AP-AULASTUDIO3-1,Student
8ad562c297381210f2cb4fd18327a1049979578974c4fff0e58b623de46c9077,9c8f02627218d049398535c33a0a6fe2193448d56ee5dd3fabf5de05af84c5a5,studenti.polito.it,-46.0,48.0,176955710.0,15542651,AP-AULA23-TM-01,Student
726024a0ac7ee409fdf267f42e8f5ae723b8c36cdfb918186b4283af091c2e28,f172a592564cc814b69d71ca952c439c66bf55ec1e7a8e044744e6b75121dcfa,polito.it,-50.0,41.0,287261454.0,64634030,AP-DISPEA06,Staff
fedd8c8d84db68fcdc9043548236d993bcf19ced0859ad53da93c374ab7ef23c,725706ac74be7bce1a05ff74d3e62e9cb19a2ba2965772922b325df40fc24441,polito.it,-69.0,22.0,711101629.0,280650988,AP-GRAPHENE,Staff
2755844092b6fdd51e253bb9253981ae990037d73a3e8e9305d198dbf8744da7,2a84e098d34ce267ee17261a5e7021793394fa8e16404e4db6aaa4f2159dd98c,studenti.polito.it,-46.0,31.0,278460735.0,10402104,AP-CIT-LABINF-01,Student
5e5c7d778b78eed725aeacbabfbf7b181853c7b618527392f60acd64f66cddef,191a666265bf8577fc551e50d8fb523b235ebd51728be886d114ef4e50f224e4,studenti.polito.it,-48.0,46.0,506387326.0,12895914,AP-VALE-AULA9V-02,Student
c21389f7346de3324e250d883590c8f68a175f1db4dee4834960e106ebab5837,64bde4a31615153cd798dc51769c0cca5d62ab635218897ff293ab7bb6aece74,studenti.polito.it,-54.0,41.0,37542940.0,3968270,AP-BCI-ST-09,Student
75763d70baaa56a5fb5659a0747f955eb0b8c248570f19e0b9b0c31c3ddf4fac,98177ef3bbe3899224f789fc2c37da97836f3e747aafa2f2b6e73d841ba10269,studenti.polito.it,-47.0,46.0,5511710986.0,150227608,AP-GESD2-03,Student
1fe18dab40b9f5d6fc5a208619f6617d09ecfd937b60b5b5f6b6d07d98057392,7fdd3cb0345c5d6540183b5f688d838f9f71d0a91bbf00e7bc7d12d4d0ca2830,polito.it,-48.0,39.0,552019327.0,280214799,AP-CORPOZ-14,Staff
14291936b56e972fd4a1b44ae3c6a847b4f99bbe080226af2acfdb965ff406e5,bb45ee3d2988c55fad4fb76aef2faad94bd3c922805c93ca36955dd5d587f13f,studenti.polito.it,-52.0,40.0,54074112.0,2978416,AP-AULASTUDIOR2-02,Student
4ce9d333973524740b35c228598bca4502eb4ec128095cb47a0eecf5c9d6f400,fa69f8776e89ea29fa71bf0140986f610105fc6435ed80ffbd1b9b9437f3bc14,polito.it,-53.0,38.0,477390101.0,57028012,AP-DISMIC25,Staff
43f8d67ea8e439e24140668f899926707027379a4d085962e0e52bfd8a5eb839,f4ef4313ac26b874cd9006726755a2e399d8bdccadfb6b30f4fe7f24a59a6299,studenti.polito.it,-67.0,25.0,56523523.0,3564460,AP-SETTE-SQUADRACORSE,Student
61e8a6cdaec28248ad0a4bb599b904641d5865d20f5e3100236ac7b282a69b50,9d8e198194d507d4799a08f85ebd9e1a37c655eb260529d71a4c06b29ad80fa4,studenti.polito.it,-55.0,40.0,10720850.0,3685671,AP-BCI-08,Student
7d82403b5fd63735d3761d69ad46126d8e3d69f0360af6be2cdabf2502c1c97d,78e714a36a917bf4d32c5fe794fad151640977ba7f4ff8fd61563c691531afaf,studenti.polito.it,-55.0,36.0,1246022905.0,36991179,AP-LING-AULA309,Student
0f48fd621934ed049a8ad123d32275f9b8d4d8c274219033648b49026a081562,7072be0a34ba818547e01dcd76ae58d4f1dd416ed6f7c47a9684bdd357894d07,studenti.polito.it,-50.0,45.0,2267585492.0,19767058,AP-BCI-05,Student
38317da24eabd4c04ac40ccbc74d51bffb54cdf6462ea887a7391021753c3ff0,3739c8f371873a81504944b234cbbaf30be497d6fa5b4478c550e8d34115e54c,studenti.polito.it,-42.0,51.0,1602587459.0,57734597,AP-GESD2-03,Student
13ade7945d7662cefdc5d582ba13f2d9eb4647f2c9cb2da0c4026707cb12ea20,a35f393199dddc9175a601c19fbb8ecab83a201718d9b2d756cabc68ee9834ed,studenti.polito.it,-52.0,41.0,14982820.0,317294,AP-AULA9S-01,Student
c49f01177cdceb932253b6bc811f8ed26c76937e49356866b719a0d442eeb6ac,ef0d540953269f390a60a4674b7d0bbabd06a7c2ce784cae4096aaebd1093b61,studenti.polito.it,-60.0,33.0,2372990952.0,37568170,AP-VALE-AULA10V,Student
38f31238ecd08f7ac7408692928a56ceab130913b4dd9d444e4b3338df575ff6,2ef5a54ef5f87511c0660f0fd7a1aafe1385103ded30af5c8a99df9a1cc70d30,studenti.polito.it,-63.0,31.0,3133569.0,1304936,AP-GESD2-05,Student
0f0e4852058d221051faa2c55e03b7b67a2c5374ec7651f7d7ad7e580df330dd,98dac0adac4f7a0546ba2d8d7a6128177c5a708f5aa7a668a83eb62742dc2a9d,polito.it,-51.0,46.0,1122349905.0,35299561,AP-DIASP06,Staff
166fa477796336210edc2fa28700c1865cb969c99148fee8cfda308b3d4e83ec,ec5b78a2b4558fae141167f44eb7f39577ef381934405ff3fe0385e72b54ec75,studenti.polito.it,-58.0,32.0,1540315768.0,45961591,AP-GESD2-02,Student
839aba7321b2d2be6dedb39fa3bb3071dd19857b5a7da7e7cf2d7db4d68678d4,aa7ee7b7736f31cd9737eb2cfe3c7d86d4adfc1ce105814debdd0d22a4e29ee3,polito.it,-53.0,39.0,48446093.0,58489580,AP-COV-C3B-XP03-06,Staff
5e9512aa02a9a5042df84e9ee6d4ccdbc8d47abc1a3d81581a9eafbf11674791,dc610df03983a020be5e33496ab9068fa331bfc9ffd637d58e637ed4a6efa401,polito.it,-53.0,40.0,57542581.0,8884396,AP-AULA12-03,Staff
9ff8158c82ac54b3d3e2ccbb98f28aa47c63ad2bd77242fa7797c5cd88bc6491,2db12c1a6225e254825bcfc0edb30144652778d5b7b72f876662768bdb8a6368,studenti.polito.it,-56.0,37.0,428971445.0,16505880,AP-AULA6-02,Student
52efddd9eec39f0a8b83c03f224a7d5d867f3e2e3ce4874953482f40cec9d3ae,d6c8c6e54981495fa2033e5d072ac909a4c7738f6026387d06c3339da3a1a763,studenti.polito.it,-62.0,31.0,21812028.0,3699995,AP-AULA10C-01,Student
265e64fca3dc9303e51271071ef65c6e1014e49ae2ce7aa5a063b4de0212ef5e,982c3180f9b2a81ff74d1e27b60d34b4154555e9c5ea6e67c8911bdeceb3f185,studenti.polito.it,-57.0,38.0,12388064.0,1769375,AP-AULA7S-02,Student
3caf45e98d250ca9de81041ed5cfdec2c0df3276c16f0c8a4d2486c54aa7e8fa,e701da417c51cbdf93de6bd7509018d06803cc2ea9ced3efaef56a4743bdcd72,studenti.polito.it,-52.0,37.0,238211873.0,13863424,AP-AULASTUDIOR1-02,Student
6742d5164f4e12c5043cf88881dd03e3662fd0129864a122af4b143642701fc0,,,,,0.0,0,AP-DIMAT010,Unknown
3fc3255739e27ddfdaf4fedb9b4a0ee2c373d23e14e5d3173438448f0505a489,46affe3ecf39c1acb5c2cc599afc22861dc3a32506f88f7ae6265ec523dd4588,studenti.polito.it,-69.0,22.0,111575892.0,3421850,AP-OA,Student
d3a237ba7f8a59851cbe71b615a2e2b702eebfdb2cfa392f5b57e9640068d74e,273a390ffa34b44a64648a7ca7462ae8b904d4c4de29d72f4d722b00abb84051,polito.it,-60.0,37.0,280687586.0,277234509,AP-DIMEC07,Staff
ce8f345b9e2e2f37960873b05b93108c3c775c126efab4338c114e98c7695eff,80c3637f7a2e4b5ad9ff6efcb70fa7942cbfa9bd8f9918c60f61678055484698,studenti.polito.it,-60.0,31.0,273089662.0,6501415,AP-AULAR3-01,Student
93e3faef4b5f6e0c31bcbb94c115303a718e876084dee9df93e898beef615664,24f217f4e7fbca0f83209b3e99dcd1e68771e5cebda94f047012abdec52c651f,studenti.polito.it,-55.0,38.0,954992390.0,35060333,AP-AULAR3-03,Student
0b1920948f98f7893aeaaed462d624f1c7e9eeb95eb5514aee9eb3dfd5d985e4,11daab470fbdac1ced22546a57c719e30e6290a0849a235f9bc4d80918fa8484,polito.it,-68.0,24.0,673321349.0,186519366,AP-DIMEC06,Staff
3bbfe9800693acace6ec3a1628647af61f5122f435b4ee264890c281af8faf36,ebdd6a0df16a7006112111c674b73b65cde4ae2de8d0a194fac86a71f50e57e3,polito.it,-71.0,22.0,386368665.0,156827869,AP-VALE-CHEVA19,Staff
ad0fbd0935d2dacb50e0352884c22e3e1410d921eed8ee572f8e835c2c347d69,1b309c1a49a900b862555fd9020647b96fd93ca1414c92993b0f51afc97297fc,polito.it,-51.0,40.0,88579697.0,9212452,AP-CORPOZ-04,Staff
c788d43d4f42a7b9bc57744a23dc23fd9c8f1b8ff131c738c8aff809e6404c04,0bf514ca6044d713597fa80ee0c1036e566750134e073a9a317f6636781edff9,polito.it,-67.0,24.0,21736769.0,20145163,AP-CIT-DAUIN3-08,Staff
2902058a841d2b430d917f3b03b3ed5adb9246b7934c48ac29f75a0e8832c782,d0b1f16aade3cc455a4665ce9bfc2a14f74224d14faa87d47b0a981e2748e8d7,polito.it,-60.0,37.0,108956149.0,2210581729,AP-AULA27-05-OFF,Staff
afac8c752c9307afe1a70f1c2caf4ec46196192f406fef089f473983430e2894,46a97fbab6c171d0c09dadd2ff432fa8da93cae8e454b55abf93a4b420ee68bc,studenti.polito.it,-55.0,39.0,57645599.0,6833034,AP-AULA2I-01,Student
765c042e7752522c5cde8ec809d7ed3e38de2f2b38540cf058e0666d1aeba00e,270174b4804e01207fa0ad9df6bce78ad5f2296724cb9839c1150748ce72d471,studenti.polito.it,-43.0,53.0,226349868.0,11071855,AP-BCI-ST-10,Student
699ba6abcb734c69ca820248d03c9e9fbd175fbb5c30d59c7175e213d7ab4b23,a44be22d71cafb400df7b2249b2246d76a2afaf76b8664cb5b022e343ae0945e,polito.it,-71.0,28.0,775071660.0,21693494,AP-BIBLIOMAT-04,Staff
85456abd01a6f29279d67ef2ff3416cc7d610f958bdaaeb09a1b5ea71fccf8a3,0f32ec2732949d58d3966bcb9ef7f3ecba9b03535a655f19016e50f9fafe9181,polito.it,-55.0,34.0,466597254.0,286388805,AP-CIT-DAUIN2-02,Staff
2800fa46d37b644383a6c8be558539877d76be491d935f28bfece3d9e60b5589,22ecf28aac98d8582f5dfdb47e7dea10def9bda9bb39185da284027ae51067e1,studenti.polito.it,-63.0,31.0,36928399.0,19172771,AP-DELEN03,Student
71c7eb30017c57541fb8d1ac0e25afad44c69f59681217456048384df8d75b8f,6e34f9c7d9655ab8637d1212e7f53e9d2ed5e143b3f9c7b09cb3a7232535759b,polito.it,-75.0,19.0,710807747.0,77625823,AP-DIASP07,Staff
30decdbe6eec52eb62a294803d3f09ff54eec9f094fedaac3ac33df4b9ec760d,c792cd97c5a6dad4ae17a7cf0be8663f2b79cee2dee45f2734ed45c539914a7a,polito.it,-59.0,34.0,49975583.0,51751071,AP-CIT-DET1-01,Staff
678b24c4694eb83dee70a35706fee457a28fb5345e23367e986df0f635e585a7,3148fca24aa129c87145ecd3e2b3aad0b54d340931cb9983a8fdf7fbd8e18670,kuleuven.be,-76.0,12.0,23046474.0,78291726,AP-LING-AULA207,External
f14fcd6414a059c6afd6ec07ec15eb48ff51ae75d73369298f10bf0df2696ad4,645e6f38705db7d99ec35bb7fd13bf5e2db341c64e36d34946890cbb2a060ac1,studenti.polito.it,-53.0,28.0,155109567.0,45254392,AP-AULA3D-02,Student
9d587fe5a78fe5a487c24e4abf7df21382b62f6740deb2cbde7d5fa329fb2947,c05483172207a1312342e95f1de4cd47f92ee4f9704790b98f618196d4c6d863,polito.it,-68.0,27.0,310016523.0,51621644,AP-DIMEC07,Staff
c9606f3341696d56f2a9c009fdb0e33b134efec03dc27e4e2e7a0d9889a25c2f,c761b6fee1634f07203f74b0f037ae82a83e212e6869b80a3566a0ace4d62ef6,polito.it,-67.0,30.0,10147.0,4248,AP-CIT-DET3-05,Staff
35d256031dae90d0c000c7a595c80f2ef457e3e4b4bb3038dcfb80d7e403b8dc,c2c14ba4eee4e597d4ed2a38f537e358a17a1cf4f9fcb3be5dbf27c8a32808f4,polito.it,-57.0,39.0,111009279.0,11268757,AP-MVI-LABM-01,Staff
dad9864733d5e580498fa30ffa26ccb07311d95d6b70276e53c3f821a997be7c,384ddbd6df86a0b52c3ccc9e2a044189abfb9bb58cd8872fed4d7fcefa7f91d6,studenti.polito.it,-65.0,22.0,92788062.0,7931452,AP-INGCINEMA-01,Student
a60eebff5e79f65e21a4a8dd79d60f0a7a4be57728977be3db957dd622806653,a5b10fdf084c596d31e131bf80da366f537933a3e7a92f82f923fdafa2000f5a,polito.it,-58.0,35.0,126534943.0,17289003,AP-AULA8N-01,Staff
032ae1b557b09803ba2b9f2be6ab0770ee67785a7936f0a4d7d848c45bcd0a1a,cc5375d17c9e3e7251b040d507a6d0055a283937fe2752e4d59e597fdc03fd64,studenti.polito.it,-74.0,21.0,24036877.0,1346852,AP-CIT-DET3-05,Student
212d39a8a962240235e73df719a978256b67fd908add7b377fba2aa968fbacf3,49ce16643f0f82b4fc3dbce79ceb1f5c6b9f0a4b39bd73578a97e2340563a03a,studenti.polito.it,-65.0,29.0,9807800.0,137444036,AP-AULA4-02,Student
02e4612bc130117e5f6e38373ba32b680eda26155a1a8fe5612153e6d45b885f,209b59eb2146ffd09a97efdb159e7deefced37ef47def167fcf42838fe1a8b55,studenti.polito.it,-63.0,30.0,35759566.0,2211016,AP-AULA9I-01,Student
fa6b74b41e3ab81138ea1a49da3a06f9a8d8d781b08168b14cdd495b67a1dc80,e33fcb94402ca7a26fb0b38ca3e09531a3ab1cb72d3ed39fd0266a3634f6d55b,studenti.polito.it,-39.0,56.0,45848310.0,11146296,AP-BOGGIO-SALASTUDIO-0,Student
2001641cb0c68ac4073f295e75ea429ead612a3334b15a4767755338ed7cca1d,e1be634bee29c5814a44721ab67e90a66ea64b62c043207140935ff57cee522d,studenti.polito.it,-73.0,14.0,253763681.0,13297533,AP-LING-AULA207,Student
3d090c08e231e4a72b69dfa0e9149f4bdbfea4f43654aeb4071016fa641ab7fa,,,,52.0,0.0,0,AP-SETTE-AULA04AM-2,Unknown
9a108ee22940787784e7cfd7990148f14ecaa118f73c7b5f04309e77218db5a7,ac752e2fe1f7c5a9d8441cfc0c08199b439343195706e0e94d6bd2bfe058e257,studenti.polito.it,-50.0,41.0,74528059.0,11476580,AP-GALFER-01,Student
17c4a78f12cdaaac2490b78a27aecc7859f94549a645c18f7dbb6e7fcdc6fea9,e701da417c51cbdf93de6bd7509018d06803cc2ea9ced3efaef56a4743bdcd72,studenti.polito.it,-47.0,47.0,892923030.0,13490642,AP-AULASTUDIOR1-02,Student
dcad3076d308b616ce9d59e8ffd61ba7cb1193a7ffeeef608b06ca3a40b0d5c2,58463f284f0b9ae69d975c1b34443473e6ce83f6de0b9b0a3bac66b93f9f0433,studenti.polito.it,-49.0,47.0,30832779.0,5005856,AP-AULA05-03,Student
2ce11a2c9969ba4f395b9b45969a3966a0bdfb083405643cc019323b133be1d2,9c2961113d7a4276384ef3660ee6fc6bae79b0acd1c032ca9f9879d68acb8ed8,studenti.polito.it,-57.0,35.0,31850119.0,40112339,AP-AULASTUDIOR1-02,Student
d45a51c086c29f9a9402b0b59e8c0489ec5ea4cf6f679cc45082e87aaeb60f0a,1430d126e3beeb51fb968faf9dfe43d2251acdd1fcb2e6365dab6b8a841a822f,studenti.polito.it,-66.0,24.0,218438806.0,127975602,AP-AULASTUDIO3-3,Student
a2e2272134ffdc1b5d3c7fad9bca886c6cb92f625846427960a556fcd022cce3,7890190ee02c70ab3ce52b6ab791c35e0e457161bc54feaf7df6cd37c1e0bdb4,polito.it,-56.0,30.0,5184502.0,1003983,AP-COV-C3B-XP03-17,Staff
4b0cd71add7f58bec3eacfc94641770d9df6e2e7c480b4267f240080e3ce8174,f51eace1e156a99e41ea74ac2c8075c65683b4dce2ce2f5e39be82d6a6d6728f,studenti.polito.it,-64.0,28.0,539806531.0,51959140,AP-AULA11T-01,Student
73f72d6e70499c454719f0d8301697a96c06c5af70fb95656688c029902416f1,82af16f8ff4929d43cb08d056ed099b46b377645cd4bf3abe0bcf623bbb38ee3,studenti.polito.it,-46.0,47.0,13996054.0,274296,AP-AULA2T-02,Student
d2dfa9d2816ccebf2ab7a906a81856666323260153b8cef80586fac7137efab2,3e755df5d4c96516c91fb27a73965e30e846199b2585d23bf0e6acb11b5db9c3,studenti.polito.it,-50.0,45.0,24698309.0,30178746,AP-AULA4-03,Student
82cb47c38684f391626488c4bbc5780aea4345e505900aa4c4e008757edd6f92,396fac4f8c8a5302d3b7e8e9035a3836e2336e340f3f13853ad83dc60527c00e,studenti.polito.it,-69.0,24.0,17904280.0,2401330,AP-CIT-DET2-03,Student
290dacb70d98da38f81bd59b1ca131f969f975449bc2793389d15c86c2ea97c2,d887a2b5beba0bf2fc6be8dcdd5bfd479f388db0626ea832c3f248bbc7d1f44a,studenti.polito.it,-56.0,40.0,441885.0,246317,AP-AULA8N-01,Student
e76c814a82959da197138af1a1d703d340b90faadb0560e3ec07d395fd7921a8,83a9f578d41de29a886a47fc8f1c085018b6089fc085259b3a98b25d2530925b,polito.it,-77.0,18.0,327152725.0,13889556,AP-BOGGIO-TLAB-01,Staff
8c1630d3951589f6249922d7b77cb781881e6f9d2726345047dcc03490d18cc7,4eb2555215af1c817afd37c54d143b1c7e1e165b0653d87bdd6e4c3b6c62802d,studenti.polito.it,-45.0,48.0,1156511700.0,767856758,AP-GESD1-02,Student
f120d43c0b6a1bd82c8034fb8f33aaee3d6f9a335115316ec3415a0bd6bef0c1,38e3f6864d3bd9063676f8ce6aa020631ef3d89e61797bfbfe11d1a3bb9d69ae,studenti.polito.it,-59.0,31.0,2867146.0,1296251,AP-CIT-DAUIN2-02,Student
fc5ddfa7ee14c3673c8e855deedb66224ef19c7e8a9d2d1d2f239f5d74eed62d,ce82faa023642cde319dd01c53a4cd15b2f8a51c02a1864014bfb36ea6fe691d,alumnos.upm.es,-48.0,46.0,111510.0,63790,AP-SETTE-AULA14AM,External
d31da1a18af70c164d2c32eceef0c3401418e63d64c721286245b45542a3f195,f628c0bee561f034868ecf3301851f6ff178576924d4b0520732898efe3f77d2,polito.it,-84.0,10.0,206903774.0,26304083,AP-AULA2P-04,Staff
a66cbc100bda95955e4c4b1fd8e7b0dc35eff89786284ea76d1202d23db0dfc1,baca651673efcc3ceeb318ade3985fa91d64d913a0984c659f14b824cb468202,polito.it,-50.0,42.0,113023666.0,7223738,AP-AULA12-03,Staff
d85388c7bf0871e8c7cb6cccc84046a77daabd8987c6179fb7b46ec90b802ac8,f7b3c360fac8fab29f70e02a7ce3de2b72209bf1803676f027154c95b5bce7c4,studenti.polito.it,-46.0,46.0,85571746.0,5842232,AP-AULA4N-02,Student
bec7b57ec85942582fc0f5a7952795051b7d6f212a65d77ae03750fc2c03b6ca,8e54571b367ac6e1a112d79c5fa9f9f9d4f727339dcfff032561857e5ebb4113,studenti.polito.it,-84.0,7.0,4984539.0,4514718,AP-VALE-AULA6V-01,Student
cf1d00141067eecc55b97b93ce95fa1696244809363589d3cbc204400ec74601,7b4bbe72eb645e7df978bcf0819425bf970b2f369dcc3e2c63f4039f68997669,studenti.polito.it,-64.0,30.0,23341.0,12102,AP-CIT-EXCELID,Student
d59460cd0f65fe34474368da11a4c870f73f532fd11a6fc94128371665c6164a,4cb3f940757ef26c63338b6bf38705c8c3784d98736bdac20523e852fb60ba5d,studenti.polito.it,-53.0,39.0,97233541.0,4971566,AP-EXREALEMUTUA-R2A-P0,Student
492258e62df21074284148b52291cbbd1db972a79b29685a93f6cd4f0a86ed4b,1db3dba42b4e122b02cdfd8ed49e8e476374f3707087143975275e6c09fd2888,polito.it,-64.0,29.0,228097.0,143509,AP-DAUIN01,Staff
5e7b12dc5b78b0e7c2253882ba6babfa357bfa93d7a7c4c317ba9472e7735535,1910af21809e590845583e54d701649b72cb024fda2d43bb941bff336f962fda,studenti.polito.it,-70.0,22.0,7364964.0,1145433,AP-CIT-DET2-03,Student
0543451740edd0e28929e74111a87df7afa5a187b5d05908ba89363f2245fec3,742e5d12e775f607f2fb7cc9935d1bdb0e9f382752775b2edf7d2a019f168784,studenti.polito.it,-66.0,24.0,30666382.0,4534865,AP-SALASTUDIO4-02,Student
3b36c142ac3ba5beca3abe41e60d4d9caf55c9b5d4bb596ff1df3fb7c6e8d7e6,3805501573cda9650027cd97edd34e6164ae396567321d6a132790b27c12d0bc,studenti.polito.it,-55.0,38.0,545508349.0,118715534,AP-AULA4VM-01,Student
a43c6849f015aeae5af14908b4f03c284a30d10072045239196234ac448fa5d8,6fdc4a2b0b2a848f0ba8d7a57500e4d6f5a81569813de0183b46d39f8022c783,studenti.polito.it,-65.0,28.0,89450459.0,304416531,AP-AULA1T-02,Student
0bd215e9230fd7f1406628aba43d0f2650b76bdb6f20ba2635e4cdb7a76776dd,6bebdfd9012c99f45dd756f960d029306efe74d6afa2a46cbb124c5e0661ce5b,studenti.polito.it,-49.0,20.0,23092105.0,2670101,AP-MIXTO-02,Student
4414fdf7ec8d44919cd06e4e48dad9e0def59226ee880f31e035d881b96bd9f8,399541190303331c5537555dc69273bffac827170a1bcd59036108df5169213e,studenti.polito.it,-53.0,37.0,522907.0,276130,AP-AULA4C-02,Student
ecfd987fc9649a06b52ec5fd189f07555261bd3ec488954578a8d30aed17b210,c1b9c89a593ead863e7e424baf2c37fdbac51a584723866732e3db6d5f204d29,polito.it,-48.0,43.0,1861608919.0,12906128,AP-AULASTUDIOR1-02,Staff
49ef7850e8a938ed8cc2a9d0dfb311465a6e4c4429eb33609d1b1fbcc7b5ec16,994be5f812820fc507ca2792f235861379fab33918e55121eb5a172ef3020550,polito.it,-77.0,17.0,6957063.0,924773,AP-ALESSANDRIA03,Staff
fd5e653dcf453731a8b37611c4357cda4fa2b007443b72c285d6e51c6fa0a03c,18852db7c817cca0cd03544f24c673c2fd78a8ac2a2aa8f6afb8e8408ba1d700,studenti.polito.it,-51.0,44.0,10992495.0,12046739,AP-AULA05-03,Student
de43f28d633ec227b4af77b29c5528d2f4a396a47b1aae3977ea703d105071ff,39cd02684cdeb404acb844b023386ecdae7b5f4ed9d16e5dee5084bbe5f38386,studenti.polito.it,-58.0,33.0,1032345.0,393301,AP-LING-AULA207,Student
af0b9144bf9e648f607fca61084487d5e642d99a48506a6d00e48a96c4544ee1,52a251f8a68eb546b119d009955c594200e98c8b8b08efe4287d872a7ef207a2,studenti.polito.it,-42.0,48.0,26917916.0,2049839,AP-BCI-TZ-01,Student
75066ca96bd95cb29eeab34dc5dcab5ddb6ee9ca43975ce911299eb7998aa8f5,cfa705add67efad748e123b97735c57cb5929523ad5e4ac3050e31e3a99b0e10,edu.unito.it,-57.0,38.0,42017049.0,8454310,AP-CIT-EXCELID,External
f86f559f4999da7ea2f9408050929c1f3bfdab2e28d2cd6869df3b241628cf75,9d71da4fb244e80b73bd050cfc516383f0526d9dd853d8e059163fa9e56ee3ca,studenti.polito.it,-47.0,48.0,21978708.0,544422,AP-AULA2P-04,Student
6d62854169e78f569bd4f4186d62d788b459c707957b518baa233d4239b4c364,50e02d3653f929a796d5f826f660b21501eb76f1b22e9403bc5c90a123a12e53,studenti.polito.it,-48.0,44.0,7018276.0,1340470,AP-VALE-AULA5V-01,Student
93dde716269cbcd07b3d1374e1254deeb642a266e4e5f01cc7fadec021dcd328,9b27ca4cfd74ee72975024e10d717e6361621b3c45be7b4cb829afa552200da3,studenti.polito.it,-59.0,35.0,68857552.0,9233375,AP-AULA11I-02,Student
a8cc06ec113cc0ce0321b575ce1ea13928078c64f1a30c9ba0983be157515489,96dab6787afb4e73c3e6b9b00028adfe0f0a9533ac072184ad8dd65eb1f491c7,studenti.polito.it,-55.0,39.0,2329129.0,855079,AP-ASSTUD02,Student
ddb87e0b1a9ae045e1cf102c399b0ef297065b0c164dbea6c2265ef3ba76bb76,48b960f334ed49469dd6e9517327ce61c4d09a08435039873e0031105aaf7eb8,studenti.polito.it,-56.0,39.0,276417417.0,16713965,AP-LING-AULA201,Student
7b04c5afbc1bd9ee68f519511107bb083b9e73d08e5709423e69d00a391b5394,a7dc60d44930fd761482b6042b11328807542d258ea85185893e4fd82f8c8563,studenti.polito.it,-56.0,37.0,60804322.0,3363644,AP-AULA6D-01,Student
3036ec3e4ea1152418ad411b42f5a362bddc2d29ff1a60d4be13f5f6206fc06e,6f28c37431d6b54b9d2fdac8ded9863041f98643310490f517a2562fa824f1f8,polito.it,-52.0,43.0,408671965.0,12830945,AP-LIFE-01,Staff
6e2ba524c653654037fd1996c36c523d7b181a20b5cbae34abcb977fa5ca2a8c,953c4bcb0424a249ebf100795191539b092dce423d9061c1814c3e9040e0c9fa,studenti.polito.it,-55.0,37.0,113924423.0,14715086,AP-SETTE-AULA11AM-2,Student
f51be9c268d49999bfa3d9f71e8fd4d8af55e3e49a6bbd73c7eeff99af91b218,8035708b5f53f0dd2aa9efcc658f6755d8d816094b46dbe8737794622e2306b2,studenti.polito.it,-75.0,12.0,2967144.0,380031,AP-LING-AULA207,Student
a699834674e6e4ba24ce91fe0e81103cf7321ee4c9c7948b018545dce58aed0c,6408a7617c2b02222100b8ab585aea258e436288b3630160f50870f5a0b2e93e,studenti.polito.it,-81.0,32.0,36273.0,17198,AP-ACQUARIO,Student
212900100155b6100cf9239f235867ece03295a663f67bae6875b86d4dee6964,d18ec39a539c4ceb132cf4dabfb268cedf61b2f2eec0c48f2b10330d76ee0be9,studenti.polito.it,-46.0,48.0,22240574.0,3127004,AP-AULA27-04,Student
224232d6da0eb392370233602b63b2fd8f7037e43db14654fb952f04eeec0379,ebdaf095585422811134164b6b8bfebe7e03a0e2ae08ce1334f34496a2040520,studenti.polito.it,-75.0,17.0,255883139.0,20113363,AP-LING-AULA208,Student
4c59c517e5f4032c5adcdab66526424b7ea84899f6605810d167a1c00169d107,7ada123bd058eaa8dd995f061c744545d9a8f390aa1c7f79a385cc3d26d738a8,polito.it,-64.0,28.0,67094717.0,3934899,AP-AULA12-01,Staff
0809d35916c447a0930e3978c8e18dfc24fca4758d44afd25f4edadd9a452f47,5f48e492e8edb8c71fe8069ebed8cdb0394edc20d22bc76eb41286f8a1ccd308,studenti.polito.it,-55.0,17.0,58667073.0,1426422,AP-BCI-ST-09,Student
f9c914e325873368528502313df4400ff4da44f0e8995729efbcd9b586242cf4,cb6ea4cf81cfc5691156150b86f0a5fedbc474a20cfca45da22c70ad95e2f097,studenti.polito.it,-53.0,42.0,134776518.0,230146293,AP-AULAR1-01,Student
f812d7c4b5e4e32eefa6e336d6febc68b39b9791137f6d621a5db5621661c351,b605cc7276564f05cf81875a48fb383939a74a2718ece89041f369c08ab72a00,studenti.polito.it,-50.0,43.0,4872869.0,2070950,AP-GESD2-03,Student
42f21424bb2307514f90611d5d67f3d3a223c829082c91cf4c7b8c1252374c31,4e8764aa683c129753b4744a82fd8f45846c6d6842f8ca11e2e9e6ebead735e7,studenti.polito.it,-50.0,45.0,2103006747.0,7382796,AP-BCI-ST-09,Student
518d78b1fa3bc836dee157b56acdd7b69a94e2810defcbbf0ed66835a0e1ae7d,ab1761c638eab9c557489a49a646cf7b3e05b923f139b564d5b072f731736a8a,studenti.polito.it,-50.0,45.0,260427656.0,10212686,AP-LING-AULA201,Student
d53b35b8a1b475d1f86b9b0356879a4547929cc1f1c6593477fc7904a9f0317d,356eec7ec5dade3ad5ece38cca5cae41df90e2aadc2b1e80d2b13b98b5ffb6ad,studenti.polito.it,-55.0,37.0,20354666.0,1880821,AP-AULA27-01,Student
2f55f9e6ebfb0d0907c99263cf15f60b1fb2cc66391f53c33125ef8b6ecdb6b9,2e4536a261a789b3182b7869cd9cc7bbdd2509821208c3beedb9abb5a51f3a52,studenti.polito.it,-44.0,48.0,1139960.0,5071621,AP-CIT-LABINF-01,Student
bf94d35ce991ccd7f6777650b950b81a8109a30d5e2f51de6dede1e9e0933aa7,,,,11.0,290.0,46,AP-AULAR2-01,Unknown
57135daab17969796a50b56c7f6d4154c58d63fcc9875c4e0eedfd41a7b1691a,aa5e9b5fbe6070d91170d2eaae54baf785f03696984d12c5968cbfb189ca19fc,studenti.polito.it,-64.0,25.0,55858298.0,4467335,AP-INGCINEMA-03,Student
7eb796efbfe84eea7df4d094335188c9e083087fc5d83dc0501f64f628c8e4f3,ede945e0ea65a3cfa37fb6ab5d0a0dd58f130f274f156779b41c3d6c0009065a,studenti.polito.it,-58.0,37.0,1074271.0,555601,AP-BCI-ST-08,Student
dc551b537f98ded53ed8724c1070dbd976284d96906c8cdef93434ab3cc3cc99,1eb61acd411e7d80847c2b8444c7fabf4d3456d1b2bb61da2047691572d58666,telecom-paris.fr,-68.0,24.0,26536361.0,2632708,AP-CORRIDOIOAULER-10,External
2b38270d068381bde199d9790d1ee3e08b5bfd866989f44396eed55765497a08,bf921ff0f0389cb68cf049d19e63330b2982be53ae6eedafe8d94b34fd4146d5,studenti.polito.it,-52.0,37.0,66444444.0,11665139,AP-AULASTUDIO3-3,Student
b7751bdf7c5d0fcee2c6d1bd26de2f3c7defc2212027d28df99fbd9d4780ae72,b5294c5cc3f80d7bd4891f2c7a268bf49427a4452bccb3779375ec26bfb192b0,polito.it,-73.0,25.0,230292247.0,193033970,AP-DITIC08,Staff
5ef1343a32a04e6bba002e5b1650847c00ce82ba9088dc2f0626fef8b55b54c4,a219d00f3f1c0d1036c0715b09e5792e8fa5a806e819ac02d5c8fe43bd0f3c0e,studenti.polito.it,-60.0,28.0,1049297276.0,18108551594,AP-AULA6I-01,Student
87fef6f74d1e5945bcf77e46ed26a92f9fb9c70926751a492a4d14134d038285,b24d861c88e9d789a9817d669d93f39a32c37e6b42a1d8b263661cb64909aef9,studenti.polito.it,-54.0,37.0,118595646.0,6179917,AP-VALE-BCA-ST-01,Student
cfdffa58ea95ff6547200449f6aa132295a40ec69e002eeaf6262d77b4ce4597,a692653483052aed221bbad46acde3ac8357fe326422459aa7d0fcedfb48c1cf,studenti.polito.it,-46.0,49.0,5211562.0,1259544,AP-AULA05-04,Student
74814870bacee82b0b5d8b9508a464b4659ed0011fa6b64569e7dcb173e12f31,b2d3aeb5d9f8d7714e382cf3956a3eb302f4fcf62dc4a5afd77c5d9409b2c147,studenti.polito.it,-60.0,33.0,166946518.0,11180309,AP-DICHI-3O-P3-03,Student
4269b392b0e280b569cd842bd5feea6bdc7d39d0165b7c7f3c3711d7395d111a,dae6029fc5527df6d05afa1eded4f7e1c3a66afb18adc8c7793ee882674b245e,studenti.polito.it,-65.0,27.0,7915577.0,920790,AP-CORRIDOIOAULER-02,Student
8ccbdb0057898eccefe4e019002d26a7e78b18ae41866f905f597482ce56f8b9,47486ac95569894771bc9c14dd45051d3a2606c28b347160cbae1f97f428d9bc,strath.ac.uk,-51.0,41.0,1954720.0,870788,AP-LAB-ANGLESIO-04,External
949126d81813912e4ef268295804fad6e8d1db78fe4bd3ec1688b5495941257a,8d2c100d7a119244b31a40fe933404cdd9c3ea1d2c24213445391ee63dd9c573,studenti.polito.it,-50.0,44.0,30928559.0,31658088,AP-AULA01-05,Student
5ff36144800d14af90c084cad8130332e991345f40c34690261bb4e40ffea0b7,b8d840bf49d95722b9614e168e0a1eec24f7484e262d9b794e8a2144951aecdc,studenti.polito.it,-52.0,42.0,1678539.0,807647,AP-LING-AULA206,Student
34d4d241a0e65806d454303982bdf42a0da02e7a1406b51d216fd8dc0256127f,281708907eedda33a9959edbf39aac7320c50b8c4b57d45915e075426e15b6e8,studenti.polito.it,-69.0,23.0,56835016.0,8208883,AP-LING-AULA305,Student
bfe878d289c17362a01f5725ca29e17944fe0cf186d813b471cf03a02fec4694,0a2075dbba783363b93aa6b428d54f16e2015e85971afd4b0093574d6c65ea04,studenti.polito.it,-49.0,47.0,18937688.0,11785569,AP-AULA29-05-OFF,Student
adaad62fb808458c4737a4edbdd9a327ae896cc3c6cf999fdeb40d57c7cabaf5,3f262bbb32cad4faf273a1945e41f1a6ea84384bb9c04672f09dacc839651530,studenti.polito.it,-53.0,43.0,45893944.0,3080008,AP-AULA11-03,Student
0a330807c14aa50a23598ba8f33eeeb0dc395d11178689a36b434f7495699383,4c27944b72e4a84d25d4309b62b42578c9bb9ec54c75aa4900b7ae4693a7e8f6,polito.it,-51.0,43.0,468804058.0,279481691,AP-AULA12-01,Staff
1b963bdf01cfcb3051b7c424b0cd93f583c3dc9cde927f619256094ef0756020,d111a08bd2bc7e8f72e63c624dd97280c939826d55a46ed4d671a52e1170041b,studenti.polito.it,-62.0,32.0,479996204.0,28877670,AP-CIT-DET3-02,Student
768fa04d98e5ea37a7aacc0d4d07389c61f9a91ff8c83516d97fae855be1036a,,,,45.0,13554.0,1810,AP-SETTE-LAIB1S,Unknown
cbdd243822e1c39ff4aac22575d62d3200c8524a240b9eb7ba0525869980a080,5456488915e3f3040f6c3ab9830c8381ff38b414c934fd2c6a780b4e0472ab6f,studenti.polito.it,-68.0,26.0,8260323.0,664174,AP-AULA01-05,Student
2559fff2a5c48fd1dfa871d02cc7268bd72d7de7f136bf3c5676748f9f724abc,bdcf81e98d50eb872a1e7a8c20227c37c4539d35598a5668073a517b7f13fffd,studenti.polito.it,-54.0,42.0,555534.0,405325,AP-AULA08-03,Student
ab4c5ffde462c22bdff4568595e8183dfcae529884008e85726ef5f12425ff0f,1ea63ef097f4281505e164f48ae2ece277f990d13e91a00a459741683c548fb1,studenti.polito.it,-59.0,35.0,55572790.0,5627674,AP-AULA1VM-01,Student
1073beac0c7e1176f397c54045a7afdbd3ee5fb2865fb3f335edaa36a8235aad,90b4de7416fba3da772a3203b441d93141b484c3bd29ff8c171d56374921bb44,studenti.polito.it,-81.0,10.0,574987943.0,135550079,AP-INTE03,Student
8171444f2e700408132171605f05513aa92f745f2422636cd913ec7250521c96,c18c0462bc6046ec16ee7b1d2284423358e407a463c5770b0be71a40f9ee2332,studenti.polito.it,-50.0,44.0,22242312.0,3832621,AP-BCI-ST-09,Student
ea0668c6ba292ca321243625917e5d268de1c5d6c653c24a0e7ddc1669d32db5,d80c65653c7c9b907bb5016c97990f441db642c6225a317e4eab67f84e2d176b,studenti.polito.it,-58.0,34.0,1908531.0,356952,AP-AULA4T-03,Student
8e07039ecf3d240164056ffc0a24dbcb996f3ac4e9fd051b18baa5972cce38c2,9c3cee453a46e8adc7e25fe4fab851f6aa27f6fbb7401a7da262265e3b35ed27,studenti.polito.it,-66.0,31.0,17510173.0,2868380,AP-AULA29B-03,Student
3dda1568b4f7477ce17f11142344fcd7a5eb2f7c337bb66d96bbd0e66aaa14d4,6801129c4ef2c5cd393b0f9357c6207eda4c84d700dfbbdc5cfb2b1c6790d8c8,studenti.polito.it,-69.0,25.0,115124030.0,11996657,AP-AULA12-03,Student
46332339c0f27b970d7edea49ae0fdde4fa5ca54ea879ea7ec71a05dbf6e3fbb,22692f94384d940c3c3fafacd00be832ad1b34b6c7557127ba48c0329949dacd,studenti.polito.it,-40.0,53.0,9021591.0,6858846,AP-AULA05-03,Student
20804958f1490dce0e9666b21402e87aba4054d88af690bdac9f86535df17682,928f6f19eafc433bb6ca121eca5df4fe66e1f258029943819dffd4011b19be0f,studenti.polito.it,-67.0,26.0,0.0,0,AP-AULA2T-03,Student
0c629241020813064385b81a6d035cebb5d93d9a4f7b1184434ff44a464eea0e,0cc15340af9ce0e749c19752e43a159a896213b1a30ecf403f07cc7735350710,studenti.polito.it,-56.0,37.0,3717321.0,1619090,AP-AULA4I-02,Student
cde9eaefa4f246191f46290c44e1039982d88168e4dc6c8a62bf45877283954d,5c70a8eea79ab807c5bf41f46459d126929ade3ee6731bd99038becf497dcaa2,studenti.polito.it,-51.0,43.0,1395806421.0,29679195,AP-AULA27B-02,Student
eed6dc99f68a7bfc876574a807750018589a7d1f7f7c46ee5937da0d07877117,c5382d45f709acf8a1c78dba7a62157602baee34526d1994b39d3d81b8c68610,polito.it,-59.0,36.0,570433406.0,46481731,AP-CHIVASSO-01,Staff
3a1a1eca527e208d2e67728bdeb4f86506fd7fbc8113ae60b2b35b193d516c75,bd93c8635c6b918de8da7f2083de25bff8674dd24414d6c36b31a49daa82258a,studenti.polito.it,-47.0,49.0,122358534.0,8273937,AP-AULA2M-04,Student
92c45b1a8345e5a066134e65c614c91e6e149a6e99cd7e78d5b81dc78efdf60c,059477fdcc54d01f467fd3ed4f5c2442d6173738ff77e900604f6257aede9d6e,studenti.polito.it,-52.0,46.0,255699.0,100343,AP-CORTILE-02,Student
6389a858f3f286d59ef09a9f0f3266c6aaae1e5be6e643a7a3d9173562f4fb91,5b89d405f44c3eb3569a9484622f0b2c6e124be6eb122fc2e335c1b3b7503d8f,studenti.polito.it,-57.0,36.0,22763184.0,2791554,AP-AULA27-01,Student
df468fbcabbbe50057192ed3b19edfe9f3f4dea07dcbe76de88e7fa688fb4073,cad0f446478c7ed4e9611d74ba6c8a1873cc4318a000acb0a8ec9f3451acfe68,polito.it,-57.0,36.0,7741334.0,1108099,AP-LISIN01,Staff
cd245affb3eaff4e088dea9b80e96ef11cc01f3cf3637f045e43fd6e67a6390c,ce590bd4d4e16699ae0f09dfe1306be3811ea1541fa3f6ef8a81916d01c66726,studenti.polito.it,-51.0,43.0,18125180.0,267263012,AP-CIT-EXCELID,Student
74e405247c1e026cd087d0dc0d94573a3e7bc26d26e806e54cdc277387db4a5e,981829babbf178c51c05d9db754eaef452d112816c02776323be2703d4661530,polito.it,-54.0,40.0,39958519.0,5945479,AP-MVI-AULAMAGNA-04,Staff
cd7bd4224c8eed1d86cfcb692d83908d9cac189d81c307170a398da5da80de8a,bda865533ff8ca93e31c181cc6f44456a76d614a654c20856e5b7ddc1075a0ac,studenti.polito.it,-48.0,40.0,898495.0,483644,AP-CIT-DAUIN2-02,Student
18f645cc8eb35824560781c507a171b75bcff0f93d4ab9dba446451d72cc916d,cb9f7bd3d5f14c7752a6962a8dd019480783242d721207775f11406c1be23343,studenti.polito.it,-55.0,37.0,13103579.0,1676757,AP-MIXTO-01,Student
53cc7ab852596cdfc6db207ae1e3fc7c6a05c14d92387ad8f35ea363af92cfcf,07126005dd4373fce24eff1ea9d7346a4b0936fa6714372dcc20be82742b8ffa,studenti.polito.it,-49.0,46.0,321115148.0,47171908,AP-AULA4-03,Student
e3f33f6d1df52cd082634fd099d2aeb452beb244823df5e3e8993f3ee1e404bd,b0d8a3e481b1e908b218e27c01cd46df193920e2e2372e7c76e18def2f6042cd,studenti.polito.it,-61.0,33.0,76522680.0,5551962,AP-AULA8C-03,Student
a5571266b76b842e660f987585a1ebfad10a525d2358ae4ffc7a01c335ddc96a,23fd430501a096f2a5a2a95cab6397d37dda41612b2bfb1adc7dcc9b43088b35,polito.it,-47.0,47.0,41242281.0,2324479,AP-LAIB3D-03,Staff
a6a604291ce3425d23370471131c6246630a09e434fc0ba892bb43a19a963315,5ae9133bfcadd7efdd2e0cf8b0caefccea491e8a5edc48bec7726ee446ffbced,studenti.polito.it,-62.0,28.0,154010345.0,5860453,AP-INGCINEMA-01,Student
bfa9096ea27d991938aa626d97d3c673b2d07127c5bec8fceb6c329e715b253a,0942c2a56bf766dd2b48c0872d1cda91735ea3b38207f185f9146fdaf2ef6a1d,polito.it,-43.0,41.0,1240996769.0,39597952,AP-GESD2-04,Staff
8ad977e423f8f52bd94291f2624a5455526bed396149b2b31a7de60a9f839b53,5016d7816ec7eead59fa0df99f5b03bcfd83734723a7847c04f9ccd09b0dca23,studenti.polito.it,-66.0,25.0,1262545.0,657830,AP-LAB-ANGLESIO-04,Student
6d1464aa3505d3d61c1eba40b4cf8cedfecbd78402b31cbcf6a58a38948d8d00,4c5683c297c03729415bf60fdb27802b4bf15a497452e177ddb5968a81e84956,ntnu.no,-46.0,46.0,465823.0,207427,AP-AULA4M-01,External
7dd0b5df8e27fabc8c5acce887b60f7a97bc9c8bd286b5bbc193588415fe74b2,1e5d8211f211e3b04199c26ffae2c6f47982b7ee0ad2300227d1f18791e89fce,studenti.polito.it,-39.0,55.0,5554964.0,1031401,AP-AULA15A-01,Student
dc7b18902c051e1b2b23cbe2b6aa08a1811768cedaa1f8700967e3d21a969eee,d64bf1ebbd8c172b3a53348c2667267ab50fe3fc7a8fb4d997aed67f515d90c4,polito.it,-47.0,42.0,737469304.0,28145447,AP-AULA2-03,Staff
beb3ca612e7bf32a4792651697c8053bcfb83336994f119ad16993d498b72fd4,c7028418bbaf6d8806aeb6c061d43967fb420f8aeda583c845f7e17e83a7807f,studenti.polito.it,-46.0,47.0,7954459.0,5977437,AP-LING-AULA203,Student
c539ac649f93333f489b3b085f1a3b3db391aec1f8876add169c67b636a427e2,fc017759f4948bd787133db556e4eadd982a220a76c6ad40abe72f72bd6a4574,studenti.polito.it,-48.0,45.0,80216763.0,18036922,AP-AULA27-03,Student
a2541e0f5e08ad53608024b2c2390d1883e46aa58479481f230c53912baccd6e,f3554331b2f47fa1491d81f92c8ffacc78a88337ad5e8900a0b834212bbaffac,studenti.polito.it,-51.0,42.0,0.0,0,AP-AULA2-03,Student
0343d77247f4e6be0902f01c69176fbb4c7ffdc3d5a2e45693430386bda379b7,c172d9370a190ccb55142de3a289e41b33b75ccd2f8060fe297d7d2776c0e311,studenti.polito.it,-60.0,34.0,27547136.0,9998182,AP-AULA3I-03,Student
a84087f5afc46d4f9dd5d1115b4c85ef99f4d27e4c6d4078bd446e412cb58eae,8d2c100d7a119244b31a40fe933404cdd9c3ea1d2c24213445391ee63dd9c573,studenti.polito.it,-53.0,43.0,44632122.0,6808054,AP-AULA01-05,Student
e17afb5c69d6ae8ed8d7a56272f21fc689ab6c3326a4ccd96639d792a3be122d,de10f020e4560379972841b8ca1824255dccc84a6aae1a580c3737b92100783a,studenti.polito.it,-51.0,44.0,122462418.0,8401974,AP-AULA4-04,Student
794d65c6a058f9e66eabb3b31171bbb4c06e591c08fa132662372e41771eac15,53fb6b8bd31de83373f12d60e3ddf90b059ada8729ec6db1b25a6a7eb08abab2,polito.it,-55.0,36.0,2633917.0,1420229,AP-LISIN01,Staff
52a681b9fbdbe146eba0ddc8e5870112ced7d9cb1a3c59b58a94381d3fb1b88e,7274153ce912251e18e717dda37499641cba9b4bc378ce7b51e7bd5778b468a5,studenti.polito.it,-65.0,27.0,439968260.0,63136194,AP-LING-AULA300-2,Student
b874f411cd8f9af7cc40ba6e2da80ff91e73942e5fb23c4edad2cdac49a990f6,ee04dc688ecc652c39b5b8c5a83defd9a233b7da42f4b47517c519610aeeacea,studenti.polito.it,-61.0,32.0,7457493.0,3253918,AP-CIT-DET2-02,Student
035de466d77a4660d72a4a493111b89630e7d8dda81f8fe42af23941b1940850,47486ac95569894771bc9c14dd45051d3a2606c28b347160cbae1f97f428d9bc,ec-lyon.fr,-68.0,23.0,149394947.0,50647363,AP-DITIC09,External
ec20c69fbe2c08c68b30dff90b96b84851e98b315ec087de30b661786a2cef3a,6ca0fbd15f18b92e995757dacaeb3fe985c141087cce7d6adeb7b096ab3ecab8,polito.it,-64.0,30.0,336928883.0,39552162,AP-DIASP07,Staff
4938a92736c2a316fd26d154ed3d90d9f463fdee6c4b8451297275505952b4d9,000a9fa04eeda08831b3a8f1f7d5b6f96254be20fc16c26f92063d1f962f2946,polito.it,-55.0,38.0,18201053.0,5897076,AP-DIMAT05,Staff
e4d4f2e1d562d7add020ae635d53ecf9d704de47992c1253191c231ab48e043c,3720362531dc61b6faeacb8096d84807ab3f16c367fd9aae431033c93e59a465,studenti.polito.it,-49.0,43.0,115207857.0,39927254,AP-INGCINEMA-01,Student
9b9d550ed82a0fe046759707f3160e5258b6f10ca0355c4dfc9f5f50e983a522,07d4b8da88abac98eab9453fb73291c6ed727e7c80c3df52569fe84aa6c6ec51,studenti.polito.it,-40.0,48.0,23921780.0,2589119,AP-LAIB1B,Student
dfad294f3ca0ed407fd1bef3a22bd810e8a18d71be21614f87c86fabc66df71c,1edaea1b205ef9f2499c3f97109d54d59be499147a814b2ac3cc46cdf5bc0cc8,studenti.polito.it,-45.0,48.0,293738332.0,22924039,AP-AULASTUDIOR1-02,Student
7e30cc961c65a89f69dd383dbb7a7fee811571eb16bfb65a30c3ebabc54cd44f,3e85ed9135c403ee51318a5047e44ab7be1f30aaeb4149368329565ecea6aa97,studenti.polito.it,-49.0,46.0,3301973935.0,51383356,AP-LING-AULA305,Student
c9635d05d1ef4529978f0a0f486a2809039a7c6f0d2768eb6618413857f6e10c,b21ee3667554b84425f14c527c251b9565fc62a0dad4bdb63411d0ba78b90e68,studenti.polito.it,-80.0,11.0,212712569.0,9806595,AP-LING-AULA300-1,Student
b37c50c9f5a83a3e92b2bb90a2856ae2a6752505cd3dc968942b6f589f9e850d,247a2badcf75c978b6dc86d3e63ec8ba12f963605e2b0d2bdc99682dc9b4a25d,polito.it,-66.0,31.0,917090.0,375335,AP-DIFIS04,Staff
2f11eee2867c26a97ed3b31af61daf08c007014ea9adb945ace787aaf55f7028,c77dc7f6b147bb61b5dedb76dc7294b623ac0925f734cb531d175addf8ef8942,studenti.polito.it,-59.0,33.0,953019.0,377894,AP-CIT-LABINF-02,Student
450517750fea9d8fe206f58746e9ef6e4399ed5c4ccac11bc016376c404cf8b1,15ce4d8ee7582664d43aa35abb5e0acaf832e3f007e75ea61d8611ad9e393d9b,studenti.polito.it,-72.0,15.0,73144873.0,22394410,AP-CIT-DAUIN2-02,Student
ef03e58a85821a4a606be323d156ce10fcbe386a35a9be7029a1fd696a4f7386,effdeb52ff5abd0f9fcac54755bf31ba83d62ade1e77b7731f5b436bab939864,polito.it,-57.0,37.0,349661648.0,114230892,AP-LAIB01,Staff
cbfe89cb87ebc660e261edaa978971cfa8e429ef8037fc64d880841d7be30b13,1aa9d1a8ba55f33e4c96b884d3b482fe8ba4812cc22e42e4e33d300c8cdd9b28,polito.it,-58.0,33.0,107687358.0,2254592,AP-DISPEA04,Staff
ba1e624ea3233024c4d12c0b3ed7f3024e5a290bce8e21359b4dd1bfdf4caacc,c032dccc03089a5adc76523e3e2f9c4f3e9d3a2fc11b43e54b3ccd49ea66ea80,polito.it,-68.0,21.0,721071453.0,27546808,AP-CIT-DAUIN2-02,Staff
17b30d91acf13b518a30dd40b68c9e2c6a072e4eec51d4c89f632ac8f6bbfc88,,,,,0.0,0,AP-EXREALEMUTUA-R2A-P0,Unknown
07cdeabb142023719f634030015f97f6e99fd5e7af81a0ab7d17c7e35891a697,4710e12a359dac8b72bf3f8e5756e319c99819f3d10d2f07d6683aeff1abf202,studenti.polito.it,-48.0,46.0,121237407.0,1970926,AP-AULA2P-04,Student
82f37a6da8f36049945337516437e036016bbbed6702d63e6f8dd2df8428aa19,a21063dded69c02457273d48cae83567b8103d9978b9910912305418e34f0efc,studenti.polito.it,-50.0,47.0,85730769.0,3272473,AP-ASSTUD02,Student
4052fee061c54ff4a1004e273e473dc8fd92f445eae03c4fb0cbf6eb51bc905b,25709e299c82baf74cceedce15735c8e7dd2cf4c0de1310defdd255e4b287251,studenti.polito.it,-55.0,41.0,20290173.0,3066760,AP-AULA4-04,Student
bc6f9a59c996fd521f6d418854c9b17fe907f3a11d26123e5027b94cd4e152dc,40e944e05c083d36bec5744d50dc26599ed88bb155c44d066c92028fe9824476,studenti.polito.it,-46.0,45.0,5893848296.0,94488376,AP-AULASTUDIO3-3,Student
df8d9abccd7fc2473cedb5cb537996dce9b8ad282016b2a3a1966522a61adf90,2952b4d72e0927772a71c1fe02ac39f16048c5a395e30e99477a9833326532c3,polito.it,-55.0,39.0,144318581.0,12904487,AP-ENERGY-EC3A-02,Staff
01575f4a7569a3f38d94641f67fcabe592e91b499b5d453a41ad5d7d760ebdcc,64b2840ea0d80974a2e299ac5baaac303b0324ca78c23cf64c0bd42fdf51482d,polito.it,-61.0,32.0,82489930.0,37766941,AP-DISPEA06,Staff
1d60a1530f5d8332348e823f2a66d26a52c40c9286c877334cde3249514e7515,602bb7ea803e894d58b1cf440e3ca397a5d2469f29b7b86dc22c73b0111af73b,studenti.polito.it,-51.0,38.0,505951551.0,86895880,AP-LAB-ANGLESIO-02,Student
795381b6bee3cccde4dc235f83099207614cd657a6d9287307f1d51ba87771c5,a58417119464232cf42717ca95c2de799060b768d540e64c7155c19010865273,studenti.polito.it,-45.0,48.0,35029606.0,9686042,AP-AULA8C-01,Student
5d4fa18e0aec2d9735ec530e409fc50f3e336cb6f74d9b5466d7ac273e45e69b,864d4d2196522f60244c78b10388faca279147e089b36adaf55ca77463371589,polito.it,-60.0,32.0,213990908.0,34981611,AP-FISLAB3,Staff
887ddfd97c9eef9baa03feb25539e8cbd0b33cf2d17af5f07e395706aab3b41e,5dbb00b2f212ad93a530058042c685ef3250809191d83540b1e9a6584e7a8388,studenti.polito.it,-51.0,42.0,147215430.0,24510348,AP-AULA4C-01,Student
d687fc7243613c506ef3e37aef7e9fa80cff68ab206656f466744858a522921f,310e38a6d739134b055310ecd01012e9d68a3c1f77753903531ecbc274c579ba,studenti.polito.it,-58.0,30.0,164435487.0,29352418,AP-ACQUARIO,Student
85bfec4f069360ade5962c55fed6bd302af50dfe8be3dae2542fd92ef67ac303,301146556966960cd13e0c3480854cb6b8e4229904a58029daaaae53f1d38cef,studenti.polito.it,-57.0,37.0,6821196.0,467637,AP-VALE-AULA9V-02,Student
73f6df295c0cd1105e1a23d1562d5714a13a4983fce4e21e09eb0e1f7d35bad9,93ede99c1e5210522a1a9958936521087e581a939aab915d4488e008f81c5c76,studenti.polito.it,-46.0,46.0,1662453.0,1270832,AP-AULA4N-03,Student
1058b8849dcf8e9826881616bfbb2a6b6c3181e77ba1503ffbb42f6761382d46,60f3f302f5e2ed62f099db354e6df2be84aae800421cfe084cc6851377ecc90a,polito.it,-48.0,45.0,107612981.0,25917035,AP-CIT-DAUIN4-03,Staff
dea94ed8cdd48a02b80cb225da45506d9450f27a065c9d7adb3d34d8d50269a5,27c318ef75821b361305e57de2f6728f70374355e47fbb08db13b41f051fc436,studenti.polito.it,-51.0,43.0,199034461.0,4623482,AP-SETTE-AULA14AM,Student
39c8b7199fce93c1da24fe6bf68a1e1abec6658a3cdbaf9c8380fcd2e406dd89,111b1fac17d1bca3f20e35b5bc0fbb985181bd32a08fe44c29452350502ec968,studenti.unimi.it,-62.0,31.0,30095536.0,11177656,AP-BCI-TZ-01,External
57ec7be8356f213b1343df810043c4630a749c108be5cbfa7aa2878f0fdd2390,c5faf3590fd99461adbdde0afa0014731b1a6c690189dfc45dace92cdd8fa16c,studenti.polito.it,-58.0,40.0,873109079.0,245849884,AP-BCI-ST-09,Student
736044988026f1229489b1a2efbfd9f7123878e1e41a8cd641f0b77ea5a0fe24,5751cf8a1d4f6735e9c40ea46d7370372af86a2666ba781b2d6b67dfbd6581a3,studenti.polito.it,-44.0,52.0,877657575.0,16304348,AP-BCI-TZ-03,Student
cb67ec375bee165ce15173fbbda8b62e311f8f95ea3e92e976dc3aa88e11fc86,03f09024373b7acd75875e9ec2053b6687467eb97d164a09cf1f3b32e2faf485,studenti.polito.it,-44.0,47.0,23901351.0,2980730,AP-ENERGY-AU02,Student
bf3e2180126954238fec805fc9be99d7e761d44402bd988ff798e1952cd58ea1,cbd034a33f1c2f2fa73ad896812ef5f51213a26e1c50c35fba3cf8074bd83720,studenti.polito.it,-40.0,56.0,78857211.0,18518186,AP-BCI-07,Student
d8b414a47d0de061d3e637e3a695eb6e29145c2b9979404474756f38f93f428f,991757ca3fd15947af91bb6faa8ab1e3b16ade5531b5e6815ff97b7ebf12c988,polito.it,-56.0,38.0,890699941.0,32424167,AP-VALE-AULA4V,Staff
385c231eedddc35ea79ecfb3f4e175e108f234314c9520428d85f463d3984394,df003d145bfe7351cec50fb7a261c93738a2196c1d988f735912fe30911303a5,studenti.polito.it,-55.0,39.0,110215992.0,267910663,AP-SETTE-AULA14AM,Student
bb5212f5d2a3d0acf6e2605789c76676b4db59d91bd68d42cfdd61c14723ced9,335735188e793ade57681eee48536dccdbdd0817a26d0c349158f117596dfca6,studenti.polito.it,-63.0,32.0,1652229.0,1490221,AP-AULA10,Student
1f64830c926e0fb345b3a981c97f374b197b5c69843bcfa0e54ad5e93de534a8,f0d8d27c9c4d6dc804b628236941c7fd97bc29978876fb36df6dcdce3c1f26ea,studenti.polito.it,-42.0,53.0,771332116.0,42017713,AP-BCI-06,Student
6ee4c84da7d7e25ca136560b20a3830c427e7650863fa86d1eb3d03ed74c44a6,2a3a0b4f29e0aacbf1bfc71a7e9a4ff967165cf8ecc1f8ddf81316a0be1bb76f,polito.it,-69.0,20.0,59187089.0,50713368,AP-ENERGY-LAB01,Staff
fefb6b95cadfa7a7a1e764e5739fcb13d93d8d85699a9ba6064b00ab18d1cdd6,538ef47087566cdb91c9ac06647127b1fc56fac1cb52aac964de16a79612413e,studenti.polito.it,-75.0,21.0,17563090.0,3133097,AP-ASSTUD01,Student
bdeb03c2e597307106069064f36c800c31d48c95078a4255d63784975344d27e,a38f5328adc6b055fce8db032e16972617f13ce5dbd9ec699560c20fbaa72df3,studenti.polito.it,-58.0,37.0,22450170.0,4220787,AP-AULA4-02,Student
053e979520bd88ef1dff75260a76b3403349a306436a85aee4981209f9855fbb,,,,23.0,0.0,0,AP-DISMIC25,Unknown
164ef9323793b3c453f8a89881d48b024be3529486baf23b7a16f9f615bcaa8c,03eaa8f18425c9d06dcf0660f5d5e39ba1c7ef832605336fa0e719b9ee3c8460,studenti.polito.it,-72.0,21.0,4909903.0,1115237,AP-VALE-CHEVA19,Student
e59b3cf7083c94dd9f86c8798b7a658e6b068cdccf4f5a0c8700b644a5c98bb6,f3df5cb2e3736d9c8ed2549585ffc131479ea3d22d43ad47c42ccb32bd28be2c,studenti.polito.it,-62.0,33.0,123103936.0,8876474,AP-BCI-ST-10,Student
8b5c9140e04ea61c5ef6637fef90af8bf1db7c7db6001f6143e8d08824684de4,fcc46dc932475de73512e413bd0a7b55dabb2b35b2338a4bcd9b8934aa4b847c,studenti.polito.it,-64.0,28.0,18575712.0,34920714,AP-AULA12I-01,Student
17b6153186d0088abccd373e36867ed516b5007f846491b7bd0f2734c8d46737,cd533b7efdc1de375685ec0a83ee7a99d5f65ac387352445f56839b436aab3b3,ozu.edu.tr,-75.0,17.0,4035323.0,2506197,AP-DISET-1E-03,External
5c3212467bf9db821b6cf5a42daf490634fdc83d8589782f11e559f9ee5a9877,95925dc90500989c58d4c55aa95f0dfbf31206781aa6a7c1cd824a742819e83d,studenti.polito.it,-64.0,33.0,6276994.0,1441537,AP-ASSTUD01,Student
58d5fcdb3d8842b04e11c2c2c70049eaf696d552d2514c1c7e84736d6e0a8f8c,6e304f6980fe6601da5c297b39b79c414d8d690c3a934d314d01b1b37a791f1b,studenti.polito.it,-59.0,32.0,22695277.0,31284949,AP-AULA13B-03,Student
3115a8353508daeb47b321d7636c7977dca420cbbb9d8d121bf62d2777073099,a36515e13ea68d47356ad1756c24782597a686a07e03b175b32bc36b1eea9dc2,polito.it,-56.0,38.0,240942136.0,23856109,AP-DIASP07,Staff
95e7d5f71373e57aa4f72f78b52baf670899566d70742a24b7ec373457a9a697,e49e7e7e1f42e9cea7590608b6d0382cd14c24eb17b869691515029c06402685,studenti.polito.it,-46.0,42.0,221699180.0,28893824,AP-LING-AULA208,Student
b90eeeea5fdc6d1fe0b4384498a14bb7f94fdab241cc80523820979f327bd1d4,176eefdd04c67153eebd70644fd186acb1c18204b2cedb566e079a94db1b2387,studenti.polito.it,-62.0,32.0,318585167.0,47039835,AP-AULA7T-01,Student
c5e04b917872623cc5ccde86e6cbce4c5d36c532c7608df0e20e6a8a615e70fd,c1c0adb45c5daa8582c1eed8c0e99c296a22c55ecd17234260402a7991ce325d,polito.it,-50.0,42.0,1549993033.0,7099049,AP-DISMIC17,Staff
9ef7e8a207da9cf60f264689db17491ed97f88708d5e317b002a1f38e627ed4f,44828a4db755ad5282462fe0f3df2b5a87285ac9330e7b7baddaa97d229935c3,polito.it,-66.0,26.0,322078547.0,25646175,AP-AULA8I-01,Staff
36a60dec5ec9ad5ae4e728c22fbb37401f06e5f06671e869bc95ae86c9470ffc,cd080f36bfd00740b3f7ab0c314dfce80aa89b9554b58648ed64a18d6d10ed38,polito.it,-62.0,32.0,720187803.0,73103850,AP-AULA25-TM-01,Staff
ca7f68e54c1af90cede76ce822277b66fb027f3c3b65a4ad1e6062cdffd537d6,6b3222fa4fee4bb209eec542ccbe0e6e9519bbe2cea5ecd81e603dd101fcc71a,polito.it,-62.0,31.0,49890847.0,2424281,AP-DICHI-3O-P3-04,Staff
c57c13f8c20a08f57f3939e6c24f3567e37a8ca707d0af2bb5e24ff05baff57b,d32c6a64a1c756cfcd566a0e3d7580bc68f5306856fb58c6fd4c6345dfa00ee3,polito.it,-78.0,21.0,1245543.0,600421,AP-VALE-LOGI-1,Staff
0cda0687a8d8129a97ea95985e756e62de48810618ff4fcd3e7624f07bf3d624,314ce81074a267544f34a6a913f00203d93f23e0d992c0b452b981905944790a,studenti.polito.it,-54.0,35.0,913470948.0,5454271,AP-CORRIDOIOAULER-04,Student
acd2d87e6d1cdcbef2bda06a4a68d1ba9fa73d0b1a5d610121599ae469302fe8,da58bc93fe8ea45d5daab22fcb4f7897127b778ee8a23e401b0c18e1393a85a3,polito.guest,-49.0,44.0,41526.0,47513,AP-DICHI-3O-P3-03,Guest
4a280bc0f20abc7cc8b2a074cb8fa5ec3d2c0dbf3f1c89ed04e66faad1318c70,56db681ae45f10dd7edee96361a70270056fd4f67568f8c26349628f8293d93c,studenti.polito.it,-56.0,39.0,365361192.0,38697167,AP-LING-AULA308,Student
0d2313ace543bde9f184d5ac34c163e7a1aad25f90f190cf0aaef41fc978673c,27d522ff714c95033da530a81ba646e5497d1f9f2b4229e38b4ff6874f516b5b,studenti.polito.it,-55.0,38.0,346002246.0,37177687,AP-AULA4VM-01,Student
7d4dbc87202368bc8d587fc3001a5a59d50876019c063dd79ae5b4582e465840,294fd8216642089f2d0820c599705c4409436d4008bb62dc0857036e01a6ed2c,unizar.es,-55.0,36.0,343149290.0,685311542,AP-SETTE-SALASTUDIOE,External
b507bcc328c6ae49fc5039c61a996dbbcfcbf137ebd2644303336d55b823d873,dd5ac3b8a33952ce38172ebe806dc0999fdf0a6f417722f83872336e863b3e05,studenti.polito.it,-47.0,46.0,811150236.0,79861292,AP-AULA1VM-01,Student
2469836d4cbe9070e36467d2b23f704b91b412c2c1efd3a4e69413996288183c,98443f40a13c9f1af169fb45509003efe4bc5bd1102404bc1831df2e6c39cf5d,studenti.polito.it,-60.0,35.0,35954530.0,137542833,AP-AULA11-01,Student
d0a69241e9a1b611748373f80a35ecf20d3a5d4bae823223927ebdbfe4e00e49,4a90ee6b73ded08e7507359b179b584485ba184a6fc708d16139f2ebc3a6222b,studenti.polito.it,-51.0,40.0,17004.0,6171,AP-MIND4LAB-SN-XS01-03,Student
5ba51f9a8615fc0f3aa8680c5bfe3330ad899dae7d77b3ebc0f1ae37d66118c1,7707043b8e8cefbb794ee0278f4a18af4f067dea3113cadcc879ee43dc49113a,studenti.polito.it,-78.0,18.0,727635238.0,25585501,AP-GESD-02,Student
075b17552332d397d1d7b390acbb29a387ff383d7bed24ec6babdaaa88c8060f,61ece2b493b4217a348c316cc77d9d918e547179f57be9c2bc383dc7ad327e66,studenti.polito.it,-64.0,26.0,321251146.0,8187551,AP-AULA8C-02,Student
a5d0681801b0761c3b4e2880266e4c5c2972d57d2abdf2a7d5ad374da19ca48a,12b300cb5b0ac53f490369e310c5f33886b87b638ac2658f857badc4de8d7eeb,studenti.polito.it,-71.0,18.0,49448795.0,7084497,AP-DITIC03,Student
d20687106dc282393f10afaf47fc78f0e824d6c9408399aa2fb7cab218e62fc9,216a85874a73053fdc3f4986d853949254ba7f96f4e5c12d6cf992a660309c82,studenti.polito.it,-54.0,43.0,204864306.0,10783871,AP-BCI-ST-09,Student
2607dd1f9656be71be527bec4c79e462deee643bd9a04b0bdca1d3d78fdafff3,e23b78fea1dd43a169dd368eb338a3c2ab996ef15a4fa2395e5249ae6d269979,studenti.polito.it,-69.0,22.0,957338.0,727169,AP-CIT-DET2-01,Student
2724e653c4df2b67a9aa826b482b3ff1029f0457639b00f47911098963f980af,35aa2ad38bbede88373d02bf07d4675e1c7914d22e70d7f49f0390cf79b5a1df,studenti.polito.it,-83.0,4.0,680360962.0,14713433,AP-GESD1-01,Student
3145a96c8a934c449d2ea3800981323c9eb92838efdfa57307f160254b91ee62,7405f4acaaf4fbbc6a5ae1277223826dddfd991ed87ddeccbf93a38f570d70c4,studenti.polito.it,-54.0,40.0,1817293125.0,90277107,AP-AULA1T-02,Student
0354425d2b86000ce3899f6cb13aed5e0396d8ea2815ce545f89691ede67c650,fa23713586c5e09cd385c3ae30718f03ec9530943e2babf726e8d5ff094d8f4c,polito.it,-69.0,24.0,41327533.0,5492689,AP-RETTORATO-05,Staff
20a29bbd535659396b6773710fbdec513d3c02a9ae4da2a8fb907d04278e6ce6,7c1c7f2aaf0872d52a840f7277dc9bc2c1f243f5b4853bcdcd9c41a2a8017eeb,polito.it,-52.0,39.0,216782227.0,34612720,AP-AULA12D-02,Staff
016b5306913dcd212d9a21a7577d8be49830ab69a7f1c19e377f67f6b4543dfa,f6ee93a4bdf23334df9bc9569242e30b70646f71013e28aa400f38cd192f46d6,studenti.polito.it,-46.0,43.0,88525446.0,3884301,AP-MIXTO-02,Student
33e428941f81257844169ac29936eeec7f6a74365f807a1ced25400d7f3af2d4,e3a9e974f0801edefd32330456ab10ca25c7386a97189e478587b16a5fab504d,polito.it,-53.0,39.0,2868473995.0,244446688,AP-COV-C3B-XP03-08,Staff
5735637abf0c194ffe2987ef28c2af7277d899ccd0741eaeee443983a9dc309a,76f485b95f4debcdbf71a5d72d5d9110114a0d8e1e7f3f6f11edc07bad3057fd,studenti.polito.it,-69.0,23.0,228279.0,105049,AP-ENERGY-LAB01,Student
38e236656687eeb11a3aefdd8a852c72174cc7b6ab8068ba7efcfa077ec9bcd0,b0aadcdc7e4ddb94e6e173dac7390a02354622da7efde965e6cf9b0cafec5c01,studenti.polito.it,-51.0,42.0,25283626.0,1096824,AP-VALE-AULA8V-02,Student
fa7346bc6e286c9cadb2b2c71fa749fdcfa8f1eedb271e44e30d1b82baa8c662,1544d38a94bb7abbe62817d1ff56a7688ad79434473b47ad9391cdd5e4c3d5dd,studenti.polito.it,-51.0,23.0,627039.0,389035,AP-AULAR4-01,Student
a686c55cb14fcb166997b91bba2c545483c3a64db22f9caee9dac8284394578d,b10cd0032011024328f781ed1383e6fcadcb09278e94969acbeb561276247108,studenti.polito.it,-52.0,40.0,2598209.0,643360,AP-INGCINEMA-02,Student
47c06da44b2b46d86c5b76eef6989fffe2da0f253908a65a79befdead7a49a4e,8cc8a2c8aec7b2f4009b83d69866df6126c8a6c8dd537adf0a6ebae6bffdeaf4,studenti.polito.it,-66.0,27.0,487753.0,321593,AP-AULA4-03,Student
6d43261aa5c93c53718c9dd2d044e61bc4da291b0bdc6d14dc4fa64037f1afac,46ccaee1b421f14bccbae7108b88403787f2711ff4455a4adea2e29eb0151006,studenti.polito.it,-43.0,49.0,2905679.0,1460068,AP-AULAR2-03,Student
785585f7441d36cbd2ae67877eb8dae2262c2eaa79ab736f8e969d95fbbfcb59,1c7450a10fb3fb088ce9abfcf1323396be0acb0e673533700e97116bf2b9844f,polito.it,-63.0,27.0,2781101.0,936206,AP-CIT-DAUIN3-01,Staff
1e9fc547bb8257165cf0e7d9734273db231fd7ce6fa10236d4c6b32ea0adddaf,ca5c1cf0354b2293bf8c557f8822de165e6b27196e24936ff8b5afbb9d27088f,studenti.polito.it,-45.0,48.0,3117178843.0,99677233,AP-GESD2-02,Student
a046294b2917ea0febde587ff4131e10d68cbe9e4eaefec0d880e8d0d7d25088,7dcf3497929cff49086591b05f5277d9c65fb4b38599a44530df2b26fbbaf9e9,studenti.polito.it,-66.0,29.0,1086947691.0,49633019,AP-BCI-05,Student
294e2ac633f95845240bf0022ba3284be288096daaf545c8341f593d7a7d91d4,cc1ae20c492759025b93e829d18f9f9b9c6f3de2b7b007599a25e8836ff3103d,tecnico.ulisboa.pt,-68.0,26.0,1724283.0,205455,AP-ENERGY-EC1A-02,External
1117d5a09e166b94bae6218f6990863245bbcdda9990f671e1652e657d8c696d,76f485b95f4debcdbf71a5d72d5d9110114a0d8e1e7f3f6f11edc07bad3057fd,studenti.polito.it,-74.0,18.0,262727.0,106530,AP-ENERGY-LAB01,Student
c501bea7e991f9b180566d59e58f37cf6f59ba0287976706f2475109851bf6e2,9ea25bfdb67c9b36d20996acc15a09512445961aea1d45c9bd4b0a4350e7ed83,studenti.polito.it,-61.0,30.0,71842324.0,11051386,AP-DELET01,Student
9ea30be5495ffb1787216b36f40fae13585ec7c5fb5216fb436ca6e665183a85,dc62676dd7077f822f9f11da05f38183505e05ca5206077d6228809d101d8880,studenti.polito.it,-53.0,40.0,21562111.0,1148137,AP-AULASTUDIO3-3,Student
0e5261a9964ff46d92d29ec2dc4956f6f68555e80ab4aefbec19b74b9266e585,16f5fed8d898cc3bb57d7d1bb6b1f8821e3983e490bef132955b109f4347b1a2,studenti.polito.it,-62.0,32.0,4714645.0,357785,AP-CIT-DET2-03,Student
ede0d1791e67a15a36d610ea50e0cbb82e869853baea7d8fb882a7aabe7741e6,6bdfda53f0b5d12ca64b3062b0cd5bcf2cedd0d85c10b3e894444e3b60aba9bc,studenti.polito.it,-43.0,49.0,7742234.0,1966011,AP-AULA11B-01,Student
d328dcef43ecc2105fe738045f080a4b4923d11eb358e9a02353abde826d72e9,9214e7bf7e6ad6260807cc87151d2f3f35406382accba0c66eb1e9559ae8e653,polito.it,-58.0,33.0,279085632.0,39521453,AP-SALAMICHELIS,Staff
2b05617872ffc29dabd6d35b88cc121a295fc72dde42cfcdfe70c74bcfcc4665,16623442d1c95a0e1e0401980cb68416920bbfc3fc276923b4cd2518b8ec24c2,studenti.polito.it,-50.0,44.0,4262485.0,1504440,AP-AULA6-04,Student
18d4c9bae79ac13fb2047551ef9c2278e7fc50e777b903755a1ae40d8a9b155f,8aac7a699d9d637de87ffb898ab482cfca9a233e2a759128d8d87403cc5061a4,studenti.polito.it,-41.0,48.0,128697766.0,7812223,AP-AULA9S-01,Student
2d2720b252a8ee647a6e7e324fcbae2db5bc90b03e66ef7818f1f8fc25665608,29c55d0433c9a692e6d12c31688710437b0f7c6bbe97f921ab61e1eb712ece44,studenti.polito.it,-59.0,37.0,66329466.0,5683361,AP-AULA08-03,Student
0c4dc827a9e1dc663d06f8d815e6618f5f26b38c3c7633008091a8556a5fd1aa,6cfab4b867e41b2c34dc25c4613691e9499e6469b3d9c07c9ff307416e7c9f0c,studenti.polito.it,-57.0,38.0,2479057.0,1336327,AP-AULA4-04,Student
9ffbe696347ad84fc49be226a1930771ef54a4673a34b45f71f6c06418a3383f,a35f393199dddc9175a601c19fbb8ecab83a201718d9b2d756cabc68ee9834ed,studenti.polito.it,-58.0,33.0,158752.0,80945,AP-AULA9S-01,Student
8fe8ceb68f2c393681c5afbda8f66d22367ef2f50f78928ee58bcfdbb942edab,841cc2218bd001eb0be4be14aba43375bb5e77ce1912e17c7773466e0d204a72,studenti.polito.it,-58.0,38.0,24613045.0,1461462,AP-AULA16-01,Student
75468b24d624474d5cb8ef914f9addf5c7dfefb48fb061f23d0305d304babf82,bbaf8623598727f20bd773f5d8a2c893cbe39ef9da67b553ac9d474e009778a9,studenti.polito.it,-46.0,45.0,185718002.0,8518985,AP-AULAR3-01,Student
c24f79100297e53ac3ce072689d5cb040efb04d0e989a697098ea5c66604fc32,f17ef3de030cb05597ec09d6af2ba35694684d56b4de4c2a359f4277be872aba,studenti.polito.it,-68.0,25.0,36226319.0,4922985,AP-CIT-DET2-02,Student
264743c6f25cdc2a12ecd0f64ec1d1557ac07ec06437265175eafe780ee2709e,89cbddba4f07541b4ef500bc0a0fcb2b8195f140f44492e4c9bb069b46d08d36,studenti.polito.it,-61.0,33.0,34743446.0,14040638,AP-CIT-DET3-02,Student
6b53e8c93850bd7eb1614911e32b0e1e4c3544cafb6a52c59b5f34c7db4fcbef,3fc3b43e9bd82a8a4c1342677b58dd05dae7de2c07f233d204fb24af8057b8ba,studenti.polito.it,-52.0,43.0,10392317.0,668285,AP-AULAR2-02,Student
14660fee98a96241aa8a93bb0d0fbf85b4d284ebdbbb0a82849ac781e8e94899,a92f4f969a033af555e7aa523188a571013a61667c846f05c6aa873c72ffc327,studenti.polito.it,-44.0,49.0,95700260.0,10351609,AP-AULA1M-01,Student
f96159ad1a4be722fbbf4998b54a46fa007b4fc4562b42e9cb4fdafb2bc4ded4,9b371dbcc2717c36e810a525a77792be7694eb203addc69106505fd3820c15fa,studenti.polito.it,-55.0,38.0,55032147.0,6167523,AP-CIT-LABINF-01,Student
788e537674568a2c0026eee31570192d561b662d69c960ae8f26d99d89aafcc4,8dbe7132ec1c178c28952ef20208ea92dff3b52b87472906c8352960ef452104,studenti.polito.it,-67.0,27.0,3591326.0,2233488,AP-LING-AULA207,Student
859f178a47a4ec432851b37cf6aad096b2a5d7abcabaee53734b7f7ba68f0774,29b350c598747909045b33d3730dc75f5bb4b5dfcaa721078c483a6556014a57,studenti.polito.it,-64.0,28.0,41368806.0,53044205,AP-LING-AULA203,Student
845d3eb30d1d1a0b0a3b10a7a443aa028307779df496e9c014cace05dabfb4a5,dfa5258a1e330a5f35007baf59560347894f2c1d74fa78aec188091db069a3cc,studenti.polito.it,-48.0,46.0,1182469.0,472378,AP-AULA2-03,Student
38ba9791be16898ce9ad66dff00dea23a9fb0f097230363976e33188a63b1709,6f8b4086c74f8a5fd81300ae6541ed0ae04611a397ab28d1f3a105aad1ae7c6f,studenti.polito.it,-51.0,41.0,354843302.0,13140286,AP-AULA4T-01,Student
3336ff64ef4e8d10e8f20710c43ed210af2f5de281be1c8258e74f3bec3d87d4,e482d4dcb7af01e35642e76ec03e389b6485f6ef37b974019dc782b5964fc872,studenti.polito.it,-67.0,22.0,220859960.0,19141830,AP-AULAR1B-02,Student
3ef892bbe71826b91d05a0563983ae1bd2b52fea34efd38fb85f8b215e29b09a,bfa229001237425b38dfa68b8e4824282d7c65e680cace1662a6129b35875629,studenti.polito.it,-47.0,46.0,38808868.0,48639015,AP-AULA4C-01,Student
c94ca64e51a5813e3dddc91d52c5c81d5d11a922e11c4567ba02dc76ff25afae,1aaecd5e3b1452e2efd7efa51de5bca1d927270fc4eeda62cc30d1a32b4bb1bc,studenti.polito.it,-68.0,23.0,38249270.0,5707029,AP-AULA23-TM-01,Student
6458095dcaf70f73bc446c12df0a647461fb5974bf606c801ba2fd6ccc037af0,c72a2d22d170c04982306260535e4fc0f2b91cae7b264f038706698884b87750,polito.it,-59.0,34.0,520094.0,386232,AP-AULA12-01,Staff
65bd98f1d1c0f78126fc33b1f98796d7aab12454f45ab35d948fde1ae33fedcf,0d171dcdeccde0f57d96f7022d4a6a73b138d741f52ae38c5187ac887734ef78,studenti.polito.it,-81.0,9.0,1037264.0,561312,AP-DITIC03,Student
f0fcbcdbe399ee179f05e092489178683e06b2556511803762c4362f665e9f96,7d528e6583ff461e7a3a628c0693b5aab41d63ebcc91565ab8377b59451ba464,polito.it,-47.0,48.0,2476205.0,366473,AP-DENER01,Staff
cd6eea2a36573fc17dd3f27e5379475c47f0038fcb9e08f60b3a99e1e40e62d2,e45d14cae54cc314dde9c35d08bcd5ee0733d425ad1e2246218759c32cd2871a,studenti.polito.it,-53.0,39.0,13554207.0,55361088,AP-AULA11B-01,Student
c0cd3b16b66db26ea19df7b1abe3b95d5b72bb098d00d7082f1bc5517988b84c,0f71fccfd2037736c955fdff0b488b2abfbf13e15586e7102e864b42a340b0ee,studenti.polito.it,-60.0,37.0,52449744.0,8004911,AP-AULA6-04,Student
1312410e1ca805b930030a83f27fb3f735391263ef5258389d9d262671b47f45,,,,35.0,0.0,0,AP-AULA2I-01,Unknown
969ba785ef09c25c7f1e521ba16f04dddd095a5619cf2fa5d634035fb9a06142,7ea5389245028161ca9151bc3996def03bd1f327bff168dcec18b95687248192,studenti.polito.it,-48.0,49.0,1262482832.0,31315925,AP-DIASP06,Student
468d28593d14c21d65bafaf15dfe8105de26c816f809f936f6f76629ae0f4db1,,,,23.0,6805.0,936,AP-BARDENISE-1E-01,Unknown
8ea130d69209e1e8d8b8e67cc7b9bd6a13079c35eb0e105034ac3f83c8dd8038,bbcf2503b48dc810315a50a3a6b1950b89caf0109dd5acd699a43c311ffd6014,studenti.polito.it,-56.0,39.0,180574895.0,48062332,AP-AULA01-04,Student
5ff133b13691dc74643d8bd4f2c4ea893d67654148cf2fb42c35a4a6f9a3c8e1,6a4daa16ad88d885eb2d345b839172fd64f28db456f1327a57b0b982b4c4d0e4,studenti.polito.it,-56.0,37.0,234307413.0,18068449,AP-MIXTO-01,Student
68c0355c4e3d4cdd6bf82b31da8f756e4cfd2579c67625fb531f9fbd143dceb4,26fc863d4c5b4eed734036980eae0f2e3fa1be157cdbd5ee9c99ddd62aced792,studenti.polito.it,-48.0,47.0,62295534.0,6763933,AP-BCI-05,Student
5aa05d748fd84edcb8fb923df8c3c15aaaaeb22afcefed59921c3880cc40ff32,16e54acb7133bcf59f5d74d2902bff766e7b2cec2071693e20bfdd30d2d7cb56,studenti.polito.it,-68.0,24.0,305323.0,137135,AP-AULA3N-02,Student
8ec1ddf8795c0eb0beb87a40ab28b7e6f4b090547292028c764cbc9cf08950af,3bccee81740bec39c5cfb11ee62c16d17e653d13825d15779d7af64c32593298,polito.it,-44.0,50.0,219554710.0,54887687,AP-DET-P3-4,Staff
1f0c641e01a0a8bb1e287406b2a052f6a2c4345989b367a04050e953d64ea2cf,8854c5ed3f9903ad90fe287c429f57ad0ada95a11ab60c06ff4c11636cba54b4,studenti.polito.it,-54.0,40.0,1552538.0,7505386,AP-AULA4I-01,Student
772c74fe48b3b532383206f1a27f1a7ad918225e749fbe0c569adbf3a7eae4cf,2b1cc80c38b11e9f6da093f7e5bb7528b47a1781de19f71c26af1112c09861ae,studenti.polito.it,-55.0,40.0,91785686.0,20141161,AP-AULA08-02,Student
a1359f6025282bb4b809139a4398b1dcccc0372b18533f16c11863a16d1ce590,44057692a0bf98d2e4cc5901922714c3d5e1f5989c062b943a11e1d6038aaa50,studenti.polito.it,-62.0,15.0,8143128.0,927583,AP-ACQUARIO,Student
e342274d5ca2317b664d7ff445e66e3aa26ef63b1a6448801db9c7ed56cee8dd,4dc63bcda7c939ad2c0b38b0c0816d11f29567f1afa75e443ebe163e523ace31,studenti.polito.it,-48.0,46.0,103137129.0,3625648,AP-AULA27B-03,Student
ec28321c33195db0af0d6995bf9f25d17da25a90b4b26656416929742d121b72,23118a5a7df800b63f9b2a223b638b340a01c5c08d1ac01c466a322d49e85543,studenti.polito.it,-74.0,19.0,519786284.0,4037786,AP-TRENTO-TR1A-01,Student
02bfcd1f7c04f33bb5b109c67715d85aa9364dc14f3436d049bcf7814b2cc53d,2be50acc3d0beceee253513caefd784f0bd6ceb2fb0633d6659f5e4c3e06db3b,studenti.polito.it,-58.0,29.0,244214399.0,23811422,AP-INGCINEMA-03,Student
40548bcdbfe3a364b096afbe465d32c8ad99afc2477129d8fb9deee65c924e39,c8db2299a842295f63b7152b96cddeb81cabd905177f8e7d9e690a90fa1e8004,polito.it,-59.0,37.0,1902891.0,1101975,AP-ALESSANDRIA01,Staff
cc45729458b5f30867ee6a3fd2f47bf5a6f4759fe7907a489ee1e512ddd690e6,2b8675d2971bc7813971dfea86a31032e2c1cb1415dba0cbfb017d8ba9bd65f5,studenti.polito.it,-81.0,14.0,184291652.0,62407905,AP-BOGGIO-TLAB-04,Student
854fb9620ea8e306fccb6e914cc95aac6c678e6e2ba21715128e53f54e7ded33,d5a4cbff8c6579044b5424b94793ea2e6b516a21831ea9b2c0ede3751a428a56,studenti.polito.it,-68.0,26.0,313628608.0,40576459,AP-AULA8C-01,Student
f4f97fed5dc1a049111c47d3b3fb79fff317e1c130ab46be6fe544ddcc7a8db8,08ace9c7cfffe3fbd84ad2ace13b28580a945f8f6d4a13f3fa8d24d541fa7265,studenti.polito.it,-56.0,39.0,585306.0,163198,AP-AULA8N-01,Student
04cc86620d3cdbd9017110d7862b837276d624386bff5e46b850b1c17fb7255f,1265d2c0b84c475f9fa3a09b654bd74306954ebb072664580b73f8865aed4c02,studenti.polito.it,-56.0,37.0,260368362.0,194948364,AP-INGCINEMA-02,Student
4f4746f0b384a1997e2717baad340ba7d5514fac62492d5d741abada14ddd9c8,519dbf135a03e7eef91465261bc844349acdc813b4547088f62597fc76e5529c,studenti.polito.it,-48.0,44.0,748212691.0,66302235,AP-SETTE-DAD-01,Student
2ea3669f59a987612b03735f54c78062e8159db14c729b93fbd337eb6a47439f,74dd5d90b85286ee4a50a2f997ffca56366955b26672edb391b43a765d6b86ce,polito.it,-84.0,10.0,55653676.0,18800804,AP-DELEN-2J-07,Staff
2f7f353ca13b2ef3efb85487845f84fd97919543260ac7b0db57e817d515d8be,184352d76754b6104d03e54ee248e90c251fa71941c087975c560df4e4498fa1,studenti.polito.it,-55.0,38.0,238506253.0,19407091,AP-AULA2-03,Student
c120dfc9395a020e40ac687127bb82ee9e0eafcc5fcb9d6cbcdd6f21189417e1,7199c1af38aedb64e83b7d122720fb3b155f22f8010a217206e1d3592a5f50e4,studenti.polito.it,-55.0,37.0,316693172.0,14896245,AP-AULA03-01,Student
a62d200d8a68c665adedbd3651f2b9dd1a68acce32fce7ec324367bb9f11b544,5565efe5be0c1205e770fc650201b504431ebd43d18cf0849f4d4a382937bef6,polito.it,-58.0,33.0,1287681.0,225410,AP-DIMAT07,Staff
39c93b48feb048c4a26c952348db36fe3b0f9481fa6805ceeb37f6ab6b42ddd4,f3433c03d01e689f1c8b0fa182b38b71ed93e9262db4540f86f20b590f00ea4a,studenti.polito.it,-77.0,3.0,238788.0,259504,AP-AULA10I-02,Student
15b6b44368d248da3ac30582fd16d77e15c8599576d01cc350a5ac7ca68ea2b3,7dbaba5a90fb47ad97f41055d87eb7e603076d4d70ae4ebae733a762ea208a30,polito.it,-66.0,22.0,3528337.0,1032079,AP-DELET01,Staff
b3b71703afcf2df8d38808d0e7624206feb3497989e39d8f9477a01cb94a31aa,67360b8787cc6d0a705ca128c96e2bf348dce97d3faf3041e9b85107a7d36ea2,studenti.polito.it,-69.0,24.0,3291600.0,1022885,AP-AULA4I-01,Student
770e086e5d21d9604f894b3378da5bb9b17b1a0be4b1a19f94e4c03701c7daf1,fb7cb4edb02849029de0e98bd0602acdafc3edd7f2f92bf041b93f5e5425cff5,polito.it,-50.0,43.0,146624296.0,4767408,AP-VALE-CHEVA11,Staff
b329743b3f9ffbed8f6c3bb74bbe2b725b99dd29259341324cde674f701b69f1,1a06e372687f0e61b220fa86a0ed9e5e661f070b7858552c29a0aa56842504e8,studenti.polito.it,-60.0,33.0,11838281.0,841053,AP-AULA4I-01,Student
15853cfc513fe3d74b180dbf5e4d647ce3d5f1178d01aad397b11dfe043b38e2,056213099f3636cda0965ab63836a72c6e7c061c46831035739be5a06b02f55b,polito.it,-70.0,20.0,58274.0,37945,AP-AULA12-02,Staff
833accb7ea6c5c294d3439856bdfec7e04602918c2b8e5b75aad1db93059f47f,b0e390a50682a10ad117cca6e53fb4a148463211774a67c45735ce3f0b0e0f1e,studenti.polito.it,-72.0,22.0,289759.0,226261,AP-DELEN03,Student
1ab9011a56ffcc28e6c72735301f00d80df693313cbfbfcc9d868c58f198112d,afaf55e8aa52d9ae8c7fd3f7991c9a47c8639b7cfb8a7aa114d72b9214f48223,studenti.polito.it,-57.0,37.0,228469767.0,5268375,AP-AULA16-01,Student
a63c7955e4ca3213b7e9ba82f7d73c1c38950626ee669cd5b6d40f02a317ffdc,7da15fb0447f6206ce2f9a79c639e176b4afc0417471be0fa027c79525eb1099,studenti.polito.it,-85.0,8.0,37549.0,17855,AP-CIT-DAUIN3-04,Student
bedc93560124e25c3e958d80ddc121b57f0f3a81d272c616333e9820fa9f2c86,61891c57d74e3cc6e161de0b54c1acb40b7e665f2fac46e8530d51dcd08783d1,polito.it,-73.0,22.0,25973352.0,9024070,AP-DIMEC07,Staff
441e91eb0121b58b0c344bd11ea865d9bb65b386de4cf446a264b3f8d5dcabc2,1bc13d3c9f2143977426075a2b7c7c192b3081e83df672b652b1935206f83d78,studenti.polito.it,-51.0,40.0,8728589.0,2523337,AP-SALASTUDIO4-02,Student
70ff481acce9272a6424db3fc592a438971d87163710efb561efd2dbdfcb58f9,3cd525bf9bf40f0eb135199082f9f698e60cc07da90ac8b1bc2a25f9cc1d218e,polito.it,-63.0,32.0,541635.0,209247,AP-DELET01,Staff
e56c8d0d8cd8a22f53d1069dd40d48fdea69e08b082bfa90dd4a2dcfffbe4f7d,,,,22.0,6845.0,883,AP-FISLAB3,Unknown
4fe15fae11b14e8bf061a75dbf59adb54948613870cc9bd70cd3e73498a054fc,6c201d57868aeade5728c6b7f2087e193ae52b8ba3dadd120925324d603a9a6f,studenti.polito.it,-67.0,28.0,48124946.0,33225319,AP-AULA10,Student
c82c05f13d50d52ccd09db3cf25455450ffff6b79a799ee749e59319d0391829,70e038853a25a2622bf5f36ef586a061abaf3fa2e4a342b7e5f5a0b224234d74,polito.it,-59.0,31.0,18771336.0,34903168,AP-FISLAB3,Staff
08e17dd1021b1d19aaa013043587ebf29af31f1f99e6e482ba8247ed96131ab9,f6b00ea1e629c1f098a9b27634cd15ba34f5985d4a3b57a3bebe1f7b7dc737a7,studenti.polito.it,-60.0,35.0,15462106.0,5300788,AP-AULA3M-01,Student
a8a74abe888dd6632de19ca00408482b53304d063c371fbd1be66634cf3a1bb0,269959f0763557a95d988cc267a5cf318125b121363cc07607ec75d102eb289e,studenti.polito.it,-74.0,16.0,0.0,0,AP-ASSTUD01,Student
c138f2978e4ba5bca284e5b3d6df741ecf41b0992a45d9cfbd7cae64ddc21efb,da65dfc60c1420b037b26b9d4ee6a247d2b56767ea90dc3818e4342469b8a06c,studenti.polito.it,-61.0,31.0,18279639.0,3842699,AP-AULA4I-02,Student
253e8981a65e6626e09863893e52cc4aff9c4cbcd909987b2259f3c370878c23,03d19a0907199f935888ae0cf7e57d8e866418914647980efb2053578024655a,studenti.polito.it,-64.0,29.0,121525098.0,6821422,AP-VALE-AULA9V-01,Student
e3df51d5fcc5b8677f6fa58f14d02cd643163b5a9cc27e879093703af59747c1,3d3a4873dd1d37ac741e79ff121dd752b81876cc03260e907e57f82ccefdc93f,studenti.polito.it,-49.0,43.0,116333893.0,1834955,AP-AULA5S-01,Student
77ec066e5e42bb1c5f2cc41ee244437bcbab0a97551bd4cb87a601babb7fedf1,032a987bba6c1b2917e78235003d126050a0c66eb2d66d7093ad0547b02d21d1,studenti.polito.it,-60.0,34.0,2314408.0,840859,AP-CIT-EXCELID,Student
7be0987ac26ece7750c12caa38583e125742b95fb2a84129ff8b09b87ce55489,755cc0c22d9e843c9b69946598788725e7f2e7ad3b22bad883e096623998d6d7,studenti.polito.it,-50.0,45.0,204472877.0,17134574,AP-SETTE-BAR,Student
792db96d68dba7f18836c5084d4f4c14f3d076188fc108c37fed534bb023771c,83969a091a6bf6e863e6ab3aa8693ade76fd30f25d03f78c9a2463311f06f709,studenti.polito.it,-52.0,44.0,271308756.0,48239485,AP-AULA2-02,Student
7117fa7b8e003a675fbb93787e34b3708d3c372417f1ddcd8cf9e74d39539a42,b10cd0032011024328f781ed1383e6fcadcb09278e94969acbeb561276247108,studenti.polito.it,-56.0,37.0,501265908.0,17734605,AP-INGCINEMA-02,Student
6fca0b741ae295f5bfe7986d9d2a8759de0869e611b0f4db8d91e4fe94e87737,ef75762c31e7f55ec5aaa96e7267e5111d98220f7ce684f20ab98750245d725b,studenti.polito.it,-55.0,39.0,774370605.0,21748078,AP-AULA2P-01,Student
807d704e3c3e45320435a869d26326060996313ef8b5e6581f64b41c4df499d4,d33159449d497620fa5fbee1c34ed998c065a4e357599eead52b3ff8fa23e444,studenti.polito.it,-57.0,39.0,656876619.0,24287285,AP-AULA4-04,Student
3606711ebd74afd9c545a1d2cb30188b61c2e62d15f7a26d27c896c2f6380529,cb7ba121591eab910488161c62403a6cffb5c3e48162a726c44e3e6972c3ca63,polito.it,-77.0,18.0,7652314.0,684843,AP-VALE-CHEVA19,Staff
1ebcacccec5f84b4e781d266b2c6fb8560f4ef00ea4787fe1133714dd813d751,de14736927626810430a10c9af85abc53c1ce66203b7fd7f665b4b478d240815,studenti.polito.it,-53.0,43.0,94100659.0,10239506,AP-AULA4-04,Student
accedf21f6fa467d1db76dd0c7a2e93d17607222257d64d60a950d9009f8d129,d6c56ff660cdfdfe6208fcf4e1f98eb722e2e597f7aff377f7949fd247271b40,studenti.polito.it,-70.0,26.0,1011073287.0,7765096,AP-LING-RECEPTION,Student
634170556ec65ab02880a0b41855dbc41bd691ca88ea9fef84c3f7bd2c3d44c2,72ab6fcba7a40fc608ea857fda3430d8c8661e9d6fe883b55e88eebe5fba4845,studenti.polito.it,-49.0,46.0,857298525.0,18614838,AP-CIT-DET4-03,Student
d62c57839c8073030ac2ced6965061bbe066146a5daa1b8acec9db6f77b98370,592ff0eb11e0cdc3e2eddca8afe4151c03c67d4e093296f0223b045c2f19d0ba,studenti.polito.it,-76.0,19.0,92480681.0,15151651,AP-LING-RECEPTION,Student
3ce5927b4392ff24b891b6aa5b43296734efa5d827c04ec75c2c405faf60e89e,,,,57.0,0.0,0,AP-CORPOZ-09,Unknown
80b8a71ef1f932841eb14f3ee21542b54feac6c52384d3c87e74119233f27fd9,1e35074999d11a10510229a1f0f12ad8af8ab920844da47c4c13ea795665d8dd,studenti.polito.it,-48.0,43.0,111725360.0,10372015,AP-VALE-AULA10V,Student
a6d6082d5e92c06aec48b51fa7445aa4c1ca51b78b4a6fbc534d9630c137528f,7a614ceb6b4c0dd792b3d614bb2efeaa31ea18f536b324665124b19168cc2088,studenti.polito.it,-57.0,38.0,188421187.0,19370528,AP-LING-AULA201,Student
156f6568bb6e8226eb81eca6e00ed34fc2a4e96dc8f55f5f731486c2f947dbcc,4b5907572b07bf0098b58baa6d65f61e02ad4f6edce0cd0d983bb8bbdf73942b,polito.it,-55.0,37.0,688690.0,672901,AP-CIT-DET3-05,Staff
b6d06f2108f99ce47fb300bc2e2d77e69638ef70751bf228132e1bc28b036c4c,92580c6d2187e41f38f7ab430ca41cd1947412e21be5cf631b6c72c25b8678cf,studenti.polito.it,-69.0,26.0,2088769788.0,21563403,AP-AULA29-02,Student
f5321f320f291f45a458f7a71ff534c7b2010b4e788eb80396fa5fa1277e3cf1,e4ae538a5bb8f75472404e50349b95973f28c928eaab07b4403d0e76c13b9eb6,polito.it,-40.0,53.0,1060690446.0,49767798,AP-DISMIC17,Staff
4de75eb4c29327141b4864d688d82961b32d6ecd9cd5c28fd90aa8203bf7717d,a4a0ec89824564b82938ee74f858a0fc9a71a835f4fb075042334cd1475e9a99,studenti.polito.it,-57.0,32.0,757512.0,147840,AP-AULAR2-03,Student
1025f77474dee7d217a85de23b7dd682b16e505180f0b1be2fc3fbcd4a7ea185,ec47fa2a3b7d37e956e8db7234d92f8908c2ba053d2ff850cbd53b3f07ebf4b7,studenti.polito.it,-54.0,40.0,57388.0,34668,AP-SETTE-AULA04AM-2,Student
f227996d922bebf9818c1730f15a56c1bbb8b702d54909102cefa7c7070e4e19,fe8ed313e26b0ed32e18ec48d25fbaccf74e263b29e0531919cec9f66b9733a7,polito.it,-76.0,19.0,359639120.0,17781893,AP-CIT-DAUIN3-01,Staff
f59c3927116722b143872436111e78486c6c2bc3d8d850ee374a42e65b3393ce,f0aa7a3362052e1195fc54ba6c33d767cd671740ab5438408b74efd79bba6002,studenti.polito.it,-53.0,39.0,119317122.0,7584100,AP-MVI-AULAMAGNA-01,Student
0cfccf13af15a600fbb0c3d99138945b6759cf0d683f11a1cb7de16aa658f622,35b5ca77fff739778e65263b5b78b8ce72b6350d19371e4c3ecef90f76a4c9dc,polito.it,-68.0,25.0,529666299.0,16865962,AP-DIMEC15,Staff
623e6019414da122fe81f7f13f7c4a0f94927e8015f09fca56722ecb1009479a,7dae6a7bfecb816851d6e8e48c5367c8aea5246f7b0ec1c763c428fefffcae5f,studenti.polito.it,-52.0,43.0,92023545.0,44957508,AP-AULA01-01,Student
743c087db76cfd6654b8d530b462cd94c14d9fdc169ce24d502105685636c5f8,c0bed21ab78655ecabf85f123ccd743290d8f00c1a79b2de89471afd20ae9a67,studenti.polito.it,-62.0,33.0,228755485.0,3819886,AP-AULA4-04,Student
6e677a9ec38c90befb6700239e4694accb37890a941f9c137c2e6f4b811b674f,,,,16.0,6842.0,884,AP-CIT-DET2-03,Unknown
b78e222b383ba29218d69f7d38376828249d59f09971d117a146de81ed5ee3d5,01dc3a53dfe081c786ea8f919086c7e4be1c1f2fb3723c17ea40fd8a11d45d03,studenti.polito.it,-58.0,36.0,970711.0,927449,AP-AULA2I-01,Student
e53bd375182767b251b6ef1862e8ebdb8fc1fa4ee09dd598684bdc02d05542d7,527474ad90bc88482474afc64f5724f5a89707c0c7f5166edf477d775f146c29,studenti.polito.it,-43.0,48.0,57284502.0,12272291,AP-GESD2-02,Student
6dc137fdc78d2411b214af7ad4f92d4db1c6213ae05069bf7e106a99ab1d3d19,8173340890e6bcd242f30d01980b56b567dcefddfed28a163159a7d2aa770244,studenti.polito.it,-57.0,25.0,107212691.0,6467150,AP-AULASTUDIO3-3,Student
27f371233996827ce562ba100ee66dd4f8b506fddee45a6d5164d8c40760e2c6,106d010d606fa2bfaba371183295301f599dda6725d33a7ff2abec43e039cca4,polito.it,-63.0,31.0,88671463.0,1977501,AP-CIT-DET2-03,Staff
ca5300b9eaa43eef783621a6ae7baf91257473b9e9b23bddbe922463080905d5,64d1b84fca364662d1cb06370d5077e36f93ca6d6450838ce633c35ff4a1e2dc,studenti.polito.it,-63.0,26.0,1326246.0,1030191,AP-AULA14-04,Student
f9b0b3d9cedd584921d88d208f091494545097371baafdb4d9193baffc0d6922,33452442329e918913c87a0f55e847e933be670fe796ced52a56fdbf38871565,grenoble-inp.fr,-59.0,34.0,93925208.0,3448514,AP-AULA29-01,External
763743d7575d2e659729844bc982be6bdfe0b68ebfdcd99c53d105dcae96cb12,de5ded7c04a6d829064f2c5ba3c3148c120f8a093efe2a3bade6eb381d825287,studenti.polito.it,-59.0,33.0,18343962.0,1303160,AP-AULA15-01,Student
96144463ac2be3eec6b3ba4abb7e0df86e1451289eb795c892563c9fe2053325,0406cbbd47de2627ded2ab4a8c46513d3543b2dccd9d152ca450b401284546a6,studenti.polito.it,-91.0,4.0,300825419.0,22304290,AP-DISMIC04,Student
fd7450a2e0020c93b5674c8da07d93bd4f9fc5dbe74bb28b7c5e218cb0d9e406,aeafe48909b12f78f1643d2e1d408046b0ad5194b75b2336b521ee3c579cd44f,studenti.polito.it,-57.0,26.0,93981248.0,2483322,AP-LAIB2B-01,Student
22525775bc794d3fc96f417e624159fcb0ab843e1a5b0b11543b3ba56b434ba9,20c5fdf81bfdbd9fb5afd85135152d789f0266cdeec0888bdc15af2e64e7584f,studenti.polito.it,-65.0,30.0,186859382.0,10547581,AP-BCI-05,Student
39af68caa93a67a34fedd52306f62e923b7cdc1031df4fe8d1b2b4513d21cf19,7a81ede20d53f313a5da6dc39cd76a98235ddb0b90f569ae9d6eefac8bef107e,polito.it,-59.0,34.0,15590957.0,2558530,AP-VALE-DAD18,Staff
e3cac9a06d1b570ce8f00e7551f9b1b5005f66c35b897223a246b13df0869fc3,7163c6baf753b57f930187b18c8077e796b3e32a2b3474f2b71d156cd9ffe340,studenti.polito.it,-57.0,35.0,44819897.0,3563950,AP-AULA11S-01,Student
2f3cb422b0b6d4b4e6a457d088c8ab6628edc79002c6ee36d5b56a4210ee28aa,b0e6bb3d950e15ba88c8edfdaa682c1009e0b04fbe81a09dd9ab3a600790f1dd,studenti.polito.it,-61.0,33.0,391828.0,539330,AP-AULA2T-03,Student
1e0edaac25474b794612f2f10490a6c00347e1d01004b204178e7768e55faee2,d1c9f6a1dac78239a95a7c7c4e003b5f73f4b930ba85584d786a6cac23624ebc,studenti.polito.it,-47.0,47.0,3346756.0,680569,AP-LING-AULA210,Student
39b138d8ed13ca68388da96882f8f8c4392761d982bea832967923d3d711869f,539625d2277d113612f313354011f1d73e2220d14f5bb9b8a06264dbcb020dac,studenti.polito.it,-55.0,38.0,830377.0,632730,AP-CIT-LABINF-01,Student
f0e92b7a17cd906b33fe2963e89f8b43e533372826a16127161e0deee72c2310,8a753b9de6945d593d33064aeb26017f6ccd4366d9fd804489dca3386b68184f,studenti.polito.it,-84.0,2.0,272162.0,65240,AP-TRIN-02,Student
83cac7da4a7ba39b5aaee20aa85d45da482109634b1d2cb104b125edec624915,26ffe51a8de122ca4960812346f1872eff7d2302e13eea4efbafa5235a0530f2,polito.it,-62.0,32.0,1735457300.0,78285442,AP-VALE-DAD-16,Staff
4255265801b746ff6bb3201e8469dfdfb2f47bf0c52e6803ca2def66b86f1a0f,61ce336d13535f84603abcb8ea12e40c22be7be7408a4adec6c5a800414c83c9,polito.it,-60.0,36.0,1186002249.0,47837184,AP-DENER09,Staff
6322c8928690bae329f74da78c558b73e0a986cb9792d185c47ccf484b4e0c55,3b73d5958b8d6af4ddd59aabe60e0cb2afdd54121bedbb0d985bf2fef55a8fa4,studenti.polito.it,-61.0,31.0,417946093.0,28421714,AP-EXREALEMUTUA-R2A-P0,Student
dcb6e2eb6252cb4896bdfc6931de6953a392eef604d4452ded73e7ad4fafd992,22ae34c2d7be39cba79d38ac3982961cb9635854d53c2f1e853c1e91415dcad7,studenti.polito.it,-62.0,30.0,45683153.0,531895,AP-AULA9I-01,Student
7c05332b72e913bef611f81870ba77a3f49de13dc6cd8fd7e494d84bf084e750,7e0a251ddf9799bae020502e5e5987c6479019f51c08f3474b694cb27d6bba90,studenti.unipd.it,-59.0,33.0,1650444522.0,718923524,AP-VALE-DIST-12,External
16163acfbf4c9e35a6d32fd2fc71d3e6f74bb178e88a2a4baacecfe354993b8f,7da15fb0447f6206ce2f9a79c639e176b4afc0417471be0fa027c79525eb1099,studenti.polito.it,-86.0,7.0,847483.0,547563,AP-CIT-DAUIN3-04,Student
dbf0df6628ea75ea8b6c5925dd0a7cfe49297c4bb5137bacddc161f9c47a36c4,97538e3731d2805d6a2897f005636696523bd02368ca7ade5d737235444a5e0e,studenti.polito.it,-43.0,53.0,361250835.0,24083951,AP-AULA3P-02,Student
8356199a47b719a8d85342fdfc6a37f0f8c4e34784642443553f21f16c0d264f,779fff4ce41dbb1477df345dbb4f6736ecde9e17c2c377a858303389d32245a0,studenti.polito.it,-50.0,42.0,875127.0,624211,AP-SALASTUDIO4-02,Student
58317680177c211bf1a42d6b2ef9a6669f96f9cb30a7f5d0ab32117e1ab37203,efc488a087b639a1ef59d2552f975c8e3ef566b8c215cff1bccec7a01ea54a40,studenti.polito.it,-48.0,48.0,918743107.0,68314625,AP-DIASP06,Student
0a6b78d8d631d573ebe3acb4f28a32107e0737d7cc73f38f0a22ff055dbcdf89,4eab09a5c03db8b0cba1339d7800be5c4202c6b45019131e37ebcb71726c95e5,studenti.polito.it,-71.0,23.0,50469264.0,20286869,AP-SETTE-LAIB2S,Student
5951324c4261aa2c0cd8f26aeea2f1bb82eccdab8b8d0e43a3aa0cedc741b56e,aba3e06c557c495ebb96986dbc98e6e213e96d750ba0b8ad646aa61902eeea3f,polito.it,-44.0,51.0,11903612.0,9390226,AP-FISLAB3,Staff
612ac5784eaf44aeb5d3bb4529d31022c00c68808e915c8406e069ee8fa7212c,0e1f6586d6c1552d75575413428c7a0168cab478605018720c8a3a2b719e72dc,studenti.polito.it,-52.0,22.0,85726246.0,77874457,AP-AULAR1-02,Student
9947d2b74cbbcc82f2a3de0809c4695f733d9b542990a19b63e9d9dc27982c3b,1e7781d91ea92a75a8ae712a3e19728b7e1f2d809d73558bc9a7b97754d747ce,studenti.polito.it,-54.0,38.0,1653896.0,327434,AP-VALE-AULA10V,Student
b09666e8ce00260425e1ad8ed23ac5fa968204f627035bf3036b626b4535041c,af8506e0181d718bfb6d38184c97e8323e4286c8f98be290664baab1aa6833ec,studenti.polito.it,-53.0,43.0,47775983.0,7162356,AP-AULAR2-02,Student
48e711510ac596e5e0517ea5bdda9b3680eb64677c8d2274b9d285bd759e0589,1bacd27d225c854bdf2646084c9b0f137483851640890aa7f8a8522625f08696,studenti.polito.it,-68.0,24.0,41209233.0,3774993,AP-LING-AULA300-2,Student
3a233c5b3810f5c0693b25a6e9369e1380da6422b10c26e71078efff5ec0ba14,2507b4b9827eccf8d81731fb885a1b4629447dae01bbbf6fee105af8b8947d1e,studenti.polito.it,-53.0,40.0,400179.0,230343,AP-LAIB01,Student
b22bb9ece915bb0ad780326b23bb2ba933ac147e3c43189804bcebce5077c095,a78051ac742aa3400709664f846225f5479f20d315a7fa95da852f99b5b71d80,polito.it,-65.0,26.0,288553.0,5641032,AP-DIMAT09,Staff
2ca910dabe795e2e70be2fa530311077749acea1af64fc32175d39251e9dbcc3,dd89faeec02907069452eb4988c850d4af640869aa33d71dfbfdedaf74cedebe,studenti.unisa.it,-60.0,33.0,145625585.0,2774355,AP-LAIB2B-02,External
3ff4f5de02103c2f22e5fd72e53d92a405ae66c5cb7e2d04375116b9a4d2f3e0,e1be634bee29c5814a44721ab67e90a66ea64b62c043207140935ff57cee522d,studenti.polito.it,-68.0,24.0,11997595.0,1644570,AP-LING-AULA207,Student
b308f829b17beb4b4d073c6a8ea03ad0b969e6f312fb9ad0992c59ab0bf26eff,26fc863d4c5b4eed734036980eae0f2e3fa1be157cdbd5ee9c99ddd62aced792,studenti.polito.it,-42.0,53.0,58250111.0,6158148,AP-BCI-05,Student
39e1a4da5752ff92ab9985738a557412ed206f278cf4b811049b8ef1b88f96db,439c60e2d2066858829650bd20e176102dffe73062a89f488fa6bfe15bf2bf9d,polito.it,-65.0,29.0,127631693.0,41972260,AP-DIMAT02,Staff
4979a5b685c5eb0273eefeb4509e8b70fc7a31ada0761553f1c9f3729c1421a6,9ccb23dfe8e0ffbd1c57743964dd5588b71f0be1698439575fad26abcc350752,polito.it,-69.0,22.0,176514177.0,16816715,AP-SETTE-AULA13AM,Staff
eb473040e5699a53a1e16c0cf4ed0e1eab0baefa3ec926af821c893785269dbf,588d04451169036339e1a6bd68bba640dcb3fd608771610915ead0ad0fe542de,studenti.polito.it,-59.0,33.0,175022583.0,63620922,AP-SETTE-AULA14AM,Student
742d1127c9248d8ac73fe3c6eee4bd6c30e3852fa22ce2cba205829114d8b973,e95be685c9e1f35c2836ff760d880c772a39f563e8cd88b6758e381b6dfc743c,studenti.polito.it,-68.0,23.0,8857123.0,2573406,AP-CIT-LABINF-02,Student
e2cffd376d05a18f3a2f68a9e22507e5cd9b32df656b576c85734a64d88151f4,0208a69bd44d6ea94070c36245a604977e0f886f85f619bba8da0e98eed5e0e9,studenti.polito.it,-57.0,39.0,45037715.0,4290557,AP-CIT-EXCELID,Student
a710eb8582d4c2049504758f610edbe8d9e0f7f731e423b97b14d68c37f2aab9,46ccaee1b421f14bccbae7108b88403787f2711ff4455a4adea2e29eb0151006,studenti.polito.it,-42.0,53.0,7538.0,5251,AP-AULAR2-03,Student
754212cb0b11dbb1d79ec44dbb9d4a5bca24d58bd5159b88b511d238dfc17f53,2defacf400fe955671735ce5d1e91fc0a627c8856c8d3ac75d4f573340a06382,polito.it,-59.0,31.0,16301123.0,3300431,AP-VALE-MN1-01,Staff
f7db41f05e024948ef7ca2215952bb8312283c6f1f02be5f8e40447efd47af71,485790dec10f8cf3a60de6edae9d918a0ddb0f72310b4346339a2b3a7d61a2ca,studenti.polito.it,-71.0,20.0,988987068.0,15974288,AP-CIT-DET3-03,Student
2a59eaf6a33f642f0030b3ad2a56a0fd98dac5048f5c155852c80e88a52df292,2ce7ab7d6369c6fd71a382d87538fa7f4946a4c862281e0d5f4720a8c5243b58,studenti.polito.it,-69.0,26.0,55563531.0,5739026,AP-LING-AULA201,Student
65157189ed196b6919763d225110de504b727cb03d61207bb209dcf536bd7390,fa2d61970efced4ee2419d92df0c6110dfa835baef1ff8e2779e33c17b4c245b,studenti.polito.it,-51.0,47.0,124521316.0,4985892,AP-AULA2M-03,Student
151574852bf975c1c7f4b51cd892ec3ac44bad78a70140db44f503685be7e5ea,5cdceb5e93799cfb0feca2a8826507f0cecda784a5d2885534364375f1cfc31a,studenti.polito.it,-46.0,46.0,375869550.0,13165038,AP-AULAR1-02,Student
65d100a0fa26b770e75939c084d318e223ca9617e9571eeddc0bad07cafc99af,8c401d6af8bc85925c9a779a10728a31c3cde72d2eeb72430d1967ebc4b5c4b1,polito.it,-62.0,33.0,369981.0,189848,AP-VALE-MOLLINO-01,Staff
1b1fb5aaa7b9c26981125f3616a1c0ae26923f86e4783230271a9afcfccb6da7,da8b6880b061480b8ba0047da18ca20124101934aa04472123c4c59e72dd9086,studenti.polito.it,-50.0,42.0,338423404.0,55961436,AP-SETTE-AULA03AM,Student
307164fc82b496cabe42c5c254518712aecb7a7e11f37f9633a4e1cc541bb01e,55bda89a77d1f7e9004ebd6917e003f12eedc7a39c7d14292d625df4ee7d94e3,studenti.polito.it,-43.0,50.0,216917187.0,24024882,AP-VALE-BCA-ST-02,Student
78c7ba5e3d0ebe583fb39d53d5a15a6117ac532f04661afd20035f9dd69a7602,1957896e14fa2f2deb7f7926c17c57b50ad5967db0152da57a5202c8f71264da,polito.it,-48.0,32.0,242339486.0,169621360,AP-SETTE-DAD-03,Staff
db81e101b7dfb33cbc644bd57bcf94a13ffb6cf55169d620a6d78eabe7924889,0a4f50ba5f1267e6ea92db69eed379fd77de47794c44d4d8d6719baa46712697,studenti.polito.it,-56.0,40.0,27192132.0,6654695,AP-AULA27-01,Student
31eef2fc3585c6ba6aa35b6a581d8f1e514fb68cd630d9a64cc3c80672d38034,db1d1a3141778b7e385131e21d6333b536ff757888b68493084553836edd0ed2,studenti.polito.it,-55.0,39.0,281371602.0,17001875,AP-AULA10I-01,Student
1443a267235eed24f5a2a869a2754416eebaac803b32149c994702b04766457f,6166390c6d3f33ee4b5e6f98f504a70dc71af02962a7b28a43f356ecff9fd9a6,polito.it,-71.0,21.0,147539555.0,68041969,AP-DISMIC21,Staff
0208708055b90ef01e3898acc1ef5ed1a61fbbd47e1c6b87edbab990537926f5,0b1ebdc5e2994c646b77d1d41ac49e9e4e76aaaf9a959c905c23a5c25530da11,polito.it,-64.0,22.0,321802148.0,9878537,AP-DENER-ANECOICA,Staff
11813e8bbbfd76e4ec635f060c8054d8c23dd331e9dfc848e4060c967092fd4f,ac0d88cbc4030444a9fe065d4b5d3ce21394c7212380239d23e9c850f4ca93b3,studenti.polito.it,-66.0,29.0,46885161.0,6761815,AP-DISTR02,Student
8b382445aeda2deeaa69eaebd76027894051db564110ae4f6a7e252ed07fb6d3,f6ce7e84d6f5119c9290881c32ebc17e7fbb82e50104ca3b4e45e34c309331f6,studenti.polito.it,-55.0,29.0,11877760.0,1489271,AP-LING-AULA208,Student
6f85d42c43ab713d513b9c616bd9f6cdab5bd5fd5528a07ecde1aea576b5ef81,2855d7edaf8f421d6e044ae8e3f37170421547bd76ef70a9fa9cc6808ec7febf,studenti.polito.it,-45.0,45.0,1183800.0,682442,AP-COV-C3B-XP03-15,Student
468e6f0452acb2de3f3ec3810484463a51f012a30b5aa05b2cf00202d016b0a1,c97bf2708a4fcee45899e344266ad589a93693c47f1c69eeef7648d7ffb97ffd,polito.it,-72.0,18.0,954106912.0,2721396857,AP-AULA11T-02,Staff
fd698c068426b9992731daed74b81b6409d413d4b103c60e88f8bb797f8532ea,bb17ff5313de63da29e08ed6ae031c46aaa5ced99ae26509e43d3b6a6925b89f,polito.it,-53.0,37.0,489779443.0,199069583,AP-CIT-DET4-04,Staff
7add2c40288836b537dc441dd3f2ed08041b6948a191d721b56267757ba206e1,a6d8153d4c80da8ffdee5eba240aeae24c85e916a9434319f779405b187b53dc,polito.it,-63.0,30.0,16748103.0,14990894,AP-DELEN06,Staff
ae5c344a162f53aeeb6674e80c63d552753d79687303f694358cd847a2dd1a05,4e709b140a65265bd1c63a5ce092b663b3884f30c7c6c451f37a69bb466b320e,studenti.polito.it,-61.0,28.0,225117969.0,62370543,AP-CIT-DET4-04,Student
da33c72237c2cbdea98672b0c64c5e48a6d6a7f7b1c72912957c07211c992caf,84585e21725aafa1146dd370fc16223e27b844b13cb8d8a46a4a15765931886a,polito.it,-50.0,41.0,57173317.0,11829318,AP-ENERGY-AU04,Staff
c7156cd95f2bf3d2ce6bb1bf3d1938d523c3b88e67e54ba9c8ae709ce89eb8c1,424131ba7205d653a58ec2f705a00409588fc22fe9acbc794b350a6dac251f32,polito.it,-67.0,19.0,824823380.0,110690642,AP-DISMIC27,Staff
930bff273a73f22704cb78a18aaac3d02e57af761c71fa7189f1e4d7fdf09688,6f910e76a9c58b2a30c7907e5361b35a5ee03e715ff4b346b4b425272feec217,polito.it,-64.0,33.0,157584317.0,47157898,AP-DIASP07,Staff
7b9b2ca8f807d6f728ac63aed3da950dd9b287da6968d871963e6700ff379598,bb71be3ae76dad77a0415c18203fa2e24ff053b5acb8dc2bad789927e3c4a7d4,polito.guest,-46.0,44.0,310178234.0,81932456,AP-SETTE-LAIB3S,Guest
f4461e08eb1ffaec97e30210ef0de3c5db941d9188b8ff842f3833a236230cda,d0e3db8a4eebdea445ee741f5ef8b1721b2178bf23e204725c0e524b70cd4168,studenti.polito.it,-47.0,47.0,3078711.0,1314201,AP-AULA7-02,Student
fa87c896549ab72764a66c8cf4e4656999991f70c9da1bed368eb8e597252add,f97412488376fc10c491e598f23c325d88ec5f288c2e50beb7ac0a73bb1f4e71,studenti.polito.it,-56.0,38.0,110206717.0,12658765,AP-AULAR1-03,Student
02673cb67fa6378df2162224786d2287a553b596c4a795a0eb0b44fd271e157e,d0164c3450fc8048a7fd43eedcb61cdd628097e43e96eb7ca556263adf0d12be,polito.it,-63.0,31.0,255500796.0,23934450,AP-BIBLIOMAT-01,Staff
02d3baaa8edee7322769f294cec573fd09d20a7b45671e6eb5d39f9ccda21c33,c9f54966a99c8678fe31c3457547071c36b16d735331fb7ddfce78e6666f0040,studenti.polito.it,-50.0,39.0,42442067.0,10007361,AP-AULASTUDIO3-3,Student
93638f295579495c45fe95fa8c062ff36ec5359c3509195307ed54caf6a08ad3,3a75ecdefb069392d0712ed18fc8914dc3f0137e1e596671480f5df9f91a4cdb,polito.it,-61.0,32.0,0.0,0,AP-MIXTO-03,Staff
8652310f83d51a6476d8ca8512db21ab31c827cd33923f5b95f9504930265676,99632b4cf5ed13e0a9cf2bdb6e8437d482900d5e7c56c486a30508b1af406ee4,studenti.polito.it,-61.0,31.0,156328420.0,3182533,AP-GESD2-03,Student
0087f99f69036de3f443168559cb32f7f245004cc0d705a39f5949f49f7178b5,690cf6a8f4fbbd11537d25c279c1290a3474a7ed4c8b6b69534f3a35398d00aa,polito.it,-46.0,47.0,44303077.0,9514000,AP-LABDTTF,Staff
1e02bfcd08767c2e41033b77ee7d48c14e3d41e73f41ab0c3e001040ec5ee390,5351a2acccc67cf02c7b9034ae6254e4251c8fb20feaa8159a260b11ddf98f04,studenti.polito.it,-38.0,50.0,172414722.0,25303369,AP-AULAR2B-02,Student
d54830de4b17ccf3f8ec6d0b9ceebe898ffb86d36e0b9da8fa6428de2e565c7b,b5294c5cc3f80d7bd4891f2c7a268bf49427a4452bccb3779375ec26bfb192b0,polito.it,-69.0,27.0,46920887.0,8869256,AP-DITIC08,Staff
447e2a9d449e2ba01277d55e1607c3ed943da0a130dc8924fb5e1afd4a3ac657,43d23ebf2fad3ecc441e92203498e960048cb5c7e6443aec9de53fad221109e7,polito.it,-66.0,30.0,3342892503.0,17986747,AP-DIMEAS03,Staff
57b3c8fc8f42a3032cd70904bb64d9e839f369c056635d8c25669700faad0aa7,e6cac246c9f6b17ee29852f1bbb3a889e349f7cc50c84b6040424909864d4b9f,studenti.polito.it,-50.0,38.0,542173092.0,67240985,AP-AULAR2-01,Student
8aef5ebff7a1f22a98d4f204cfe92bbb269118d6d241db0f656cf2876182ad24,8a57f1bf15e7bd88f46dfd1622c0a30a80b3fa29c951f57e777b8ea2500b6ee9,studenti.polito.it,-54.0,38.0,367409178.0,4598040,AP-AULA2-03,Student
16ed324a1b383cc38446a57df43fbbd205088236d67407e2627e0add3a5475cd,fb7cb4edb02849029de0e98bd0602acdafc3edd7f2f92bf041b93f5e5425cff5,polito.it,-56.0,37.0,2173054.0,1048254,AP-VALE-CHEVA11,Staff
84f44fcfcb32ad57d70c92c0d78050f4e4f3d83e0ed2b80628d772c97ff204db,90d5f06712d363ae3a52adebef8d1727c633f1cbc7debf05b31e98b07f66a58d,polito.it,-76.0,15.0,126163534.0,29984764,AP-DITIC07,Staff
75a019ef789f1f1f1c0e7017a13706c016744c576a6f73202f45e5d77b1f6111,a0ebb874568dcb772ee95b0ec0f1249ffa28ad7abd202bda1ebc89b977254bf7,studenti.polito.it,-46.0,47.0,39597999.0,57365908,AP-SETTE-AULA01AM,Student
0c4215b6de372797090539440db0ba7382e16c8d151131f9c368345664456d00,8a0af9be9043a68605df74642f50dff068eb78c62106ee24d90e6e16881d3867,studenti.polito.it,-51.0,41.0,139303846.0,29570965,AP-INGCINEMA-02,Student
42ce7fbd460268fbefed7587404f7ec634e4706f6ff92e43cda435613893df96,356e42897cff04bc836d55e5c88ae41db37ef8ac6ef49df9ee3042f3da61d2f9,studenti.polito.it,-50.0,43.0,448870414.0,34480814,AP-SALASTUDIO4-02,Student
6aabb2225453f273259ee33c0cad282b6d968372e1d2543b6b36ac1d80f6396d,3cdb464f8decbec2a6b321f9c4aebf5987d9e35c4f17c416cb9ab4f6a33c7d9a,studenti.polito.it,-60.0,29.0,1367868883.0,33767550,AP-INGCINEMA-01,Student
419857710a5bf838c82742b82f8c2ba6b81a129b1577cccc16fb6f12a873e1cb,d2987a2345f5b8d5c1432cae1b80ba031fb79f0473d3c1268dc1ac92e11f2352,studenti.polito.it,-83.0,9.0,44207821.0,8595153,AP-VALE-MOLLINO-02,Student
4bd04ab22b622e15a9d5fa5d699c2a95910883eabcde2ecc7dbbdc15a5c8c7fd,2d2e34972b0ae72f5aed60734beb05bbc56cd4f3bc36d4603707ad0cabed9349,polito.it,-57.0,36.0,1538017.0,823311,AP-DISTR01,Staff
4952a2cf6c5ea5ad685aaeceb0e6db9867aee0ec0c901d2eeff596d825b70de1,b155e5b89c3c592be9705dfc94eb2146a3974284382f8dd72daf2046c93347d4,studenti.polito.it,-49.0,43.0,3960651201.0,36587995,AP-VALE-AULA4V,Student
05aa478039a7270c8388ec7330df4d8279f13f669df04c086d8476ec70895ecb,8722195fbb2d28f4830d656af4290d5fcf2795bb41c606bc7ca78d9b6a01829c,polito.it,-54.0,36.0,171787945.0,56512652,AP-CIT-DAUIN2-02,Staff
27ee606cc2bfd3a17bf0247e908419ed8183034b2b3867fc4eca646966208f60,f17213f0d72f6ebcac7857cb764cffa0f1ce10488a640b8d30f6c23b6b28e778,studenti.polito.it,-47.0,42.0,0.0,0,AP-MIXTO-01,Student
96c9708f1ba7df02cb82d66749004ad47ea21c4d6a34e484ac78c83d494eb08c,e996d56c77766e2fb92efcc4f136ba55f710b51d1a5c0c6b1e23a32f2fdc2d79,studenti.polito.it,-56.0,36.0,59783703.0,26595080,AP-SETTE-LAIB1S,Student
1f29ea0ac79f1afcab48461f9111a1482d8a1571566d9a7f7658e8201afe0ad2,b7e166268cbbd1546b77a7f19ac2a2bdf6ca2faa7852f48fe6042470c5eac44d,polito.it,-54.0,36.0,54573354.0,6870729,AP-TRENTO-TR1A-01,Staff
9dc02901312e41e7ddab799d608de81e94824d15d380f0e12b779d4aaa85c6a7,a628483e34cab7f4219705a67f69bf44252a4371df6f955e9ad6603e0ad8b1ac,studenti.polito.it,-75.0,18.0,142816998.0,101431017,AP-RMLAB-DSH-S1-01,Student
aed9916d38fe9403934691e153c55b294f355d71ba6069acc1935091987725ac,2be5f60f30c0ac410ef50c90fb7b5fcc4ffa735cd48bf8f6009bea8c0db0df6f,studenti.polito.it,-47.0,46.0,29615098.0,1887777,AP-AULA23-TM-01,Student
05968203399a93441113d744fae39102e3b0abd259afdd83724ef98be36d3130,5a1dce252178151baab73c08900db5c743b5dff9845fceefeab29cf651de30e0,polito.it,-69.0,25.0,547387285.0,22078705,AP-DISMIC17,Staff
a2c7f0022124053a17663a8e73458dfc10530bdcb5737ad870c9e349c80ed439,d9132f625c51bd6a509ddf7b5399c16b5aae29e7f83c64d39ad6fb5ea3abb3b9,studenti.polito.it,-55.0,37.0,303233821.0,67762963,AP-VALE-BCA-ST-01,Student
b82e2c72afa4fa674cf328beb2b8ee43fc3f9db104d4b6d9f54921f9c039b1cd,a36515e13ea68d47356ad1756c24782597a686a07e03b175b32bc36b1eea9dc2,polito.it,-56.0,40.0,705507.0,354227,AP-DIASP06,Staff
c61663c4c84f0dc3d4836ab387c4a620ca972e3d2cad3cf596c758fd14247b5d,12bd4685e60308749af675da9abc7bb043808299df6e727b2c860439f8dea5ee,studenti.polito.it,-46.0,45.0,141981259.0,24378684,AP-AULASTUDIO3-3,Student
7184d8d2a6c19f092d85ba7329b865091a271ec8a1e33595edb8d2db7c9645aa,73da67b13ed725bb64427c90d4bdb8c88c9a7ad659f8fb278a4b4e491f987d4e,studenti.polito.it,-37.0,56.0,843053.0,1540403,AP-MIXTO-03,Student
4b46cd3f08465250cc87b6932e2e12b62b0e6c2f1ba91b577744a6dd4082a7c8,ca26f9beb3cfb9b53291b2a0387808bee27a96b023d02b6b1b201aa9c0569155,studenti.polito.it,-51.0,40.0,56588634.0,121895053,AP-VALE-BCA-ST-01,Student
bf8c9762b3153d3baf76d21604bc3742ba89ac11b6963312d89c130efb8966d9,7bdbfd64b6ef71aa890e7d9ed696e86f385a99c8f9b2ac071e60e36ed08eef73,studenti.polito.it,-46.0,46.0,6248841.0,798721,AP-AULA4N-02,Student
ed40b935d81828dba4025dd796c91c7bf16b226f358dc1e2e70234ecb1e7b123,36f440969d406301f55bfe4cb6010d1ec4433c89cdcc238b9b458b6224679aa8,studenti.polito.it,-71.0,21.0,67421709.0,56797157,AP-BCI-05,Student
4d88b70f7e0899a34a6767623a347b1bf3150341bc1f1560beadc1780f7a6c79,2d1581a13db67d4259c23fef88c9af1c7e0c08f128ee88120b97a07784096439,studenti.polito.it,-58.0,34.0,294831.0,214014,AP-AULA6N-02,Student
e731e4728703369e585adc983b1e4136f9b59fd2f3711ed2825e64f4e69f3121,48aed0c60d60823b0fe1a8ccd19602b5a3c36287c36b27baa7bc090473bf0b90,studenti.polito.it,-79.0,16.0,196573666.0,11964048,AP-VALE-MOLLINO-01,Student
4e41b1e4a10060ca814ccd95ac67912eebec9d8fff08e6e47cb18287140c244a,6f7c27a2df3f922c6d02d13d27c63994adf9d5688dbf174d4097c01f3eec5e0a,studenti.polito.it,-50.0,44.0,44850066.0,7268416,AP-AULA1M-02,Student
d1bc503e5d55b77e1a4ee01835652b0e0b36c850788a8d9f4f8a5b248343d955,15f45a9ca2788e1d3f648368cdc5aa52ba53cbc29afb3a9790a88bd77c8d971a,studenti.polito.it,-63.0,28.0,2250827.0,39137783,AP-AULA5B-01,Student
7ff95482ec608b6cf5ff9640b207ea7fa866023ce8c59378f26945888201e150,fc22e4a74e0e0f2d79c880b13d0d00f87424182bea6aefd96e970bd6efdc7e45,studenti.polito.it,-52.0,42.0,49173793.0,59723678,AP-AULA03-04,Student
9ff540c759c46684d00d7823f1835d8b7e92026924e0c4825bd07829b1002059,97c20364fbdacf03fd423108da81edcf1e6cd92078337fd846c58b72d1507fda,studenti.polito.it,-69.0,23.0,721183891.0,19507014,AP-SETTE-AULA07AM,Student
59d493d7dbd3182c52b5188af9c14a9c942ebe238f8f2700e88f67fbca875dc7,e7969c91d2f2ffdd9d7758edb6f5ba379f86cd9eb03f4da7c91d4c18e4f97427,studenti.polito.it,-46.0,45.0,8855499.0,2022994,AP-AULA7T-01,Student
f894b1937599ede287476f559baba9d63e572b904307986a58ee37c01c839c66,dbd83e91e3c8fbe93ab08c4eae8db82ba9fedd7c771817558a00de992a7905d9,studenti.polito.it,-77.0,17.0,105872.0,73064,AP-ENERGY-LAB01,Student
c53e712075b9e8e0904468fb4cf5c75a06c81dbf9c4e99262a1e23b13ac3be08,ec25cbb0e4d8648e922c6941353ae0ae40f4bb559860720f10dcc99144d3efaa,studenti.polito.it,-81.0,15.0,4980614.0,853218,AP-RETTORATO-RETTORE,Student
a43c76b758ff5ceefc48ee279b394a5d547d5b1e951cce1eed35890aa0b8d09e,5656142e32b7a609283bbe226104bf564368b4d5fa363b9e37b6fe45d739da22,polito.it,-72.0,21.0,289789.0,220321,AP-DISMIC09,Staff
63c6697bba52586016dc04effd790d4093309a20833c54992b82573757784f18,c34c8d08d1d8c4abd16460478c6491207351dfe7d4b4a17cc559cbdcbfd3d3cf,studenti.polito.it,-44.0,51.0,52138495.0,3502989,AP-AULA2-02,Student
f08052698464a762ae418a55566d23446affdfc33f3742e320aa3048614f4b2c,1b7abd20a744769beff349a4064bb45e30bfe2a15886ea12a4443ff0be0404fc,studenti.polito.it,-49.0,49.0,62283056.0,195689283,AP-AULA01-05,Student
9be7ce806d4fa6bb5080d0d7f17a8dfe6caf086194fc8c0aee674c23096db413,05186c0f6b7e33d57a0be9bd0b748e5066ab8d2e28baff46dcaa7a555b738dba,studenti.polito.it,-57.0,34.0,195871697.0,12361700,AP-BCI-08,Student
f0f0b3a07b129a1cfbeec7c7b3df5dffb9c8ff88f770766adb718ec332c81c64,ffb6fc18a343390e32bd92388ddc6df7daf59b5e031706e470eea7ad5508305c,studenti.polito.it,-59.0,34.0,896146302.0,13825648,AP-AULA4C-01,Student
ee20b43fd7f62650b54173184e2bcbacd8ecc6389d5d9a9a9fee763745006883,c7deb1595e9c6347e607d83d06e309e282b5c99617fe4ee509d92eb3ba0bdd40,polito.it,-52.0,42.0,20853031.0,6192975,AP-DIFIS01,Staff
7236b2d574cebeda2e19a37f0bf638e8ce949bef6f7c4df1651dbedf986db58a,b76e8db51cb3cd5adc46b822778de685e1920d05579150f7e07aa052ee49eb97,studenti.polito.it,-62.0,29.0,81753500.0,6692060,AP-DIMEC18,Student
983f7aefa732f3ce082d1e968ec28b5d6b11d692ac3d63f1926e3c0524f0a905,641c6ba86436b3c757ba3360faae9746617035ede0b416a5a7d640214550eb62,polito.it,-83.0,6.0,109742.0,90111,AP-DIATI0-04,Staff
b08be95dfb3725bed59612b021805fd5bfca986ab816dfb5f04311b4ccedfe9b,dfe0f6e6df24b7e3bff7084d103677f910c2fea3dc0c96e8149c20aeaae2ef70,studenti.polito.it,-48.0,47.0,51034468.0,79775232,AP-AULA12-03,Student
66e514980aa4059e4c3f789a5dd1f2f54fa25f833e0397097b962ff435ffce0f,f84059830ce7201ee252830741ab0690572f311f83261c06924ea62f84d946f1,studenti.polito.it,-50.0,45.0,210136134.0,7628247,AP-AULA4C-01,Student
ab9513eb5b0e1d91889d3f63b144846d5c60068675f51d9e156b73b8fecdc408,ef764cc481891a07c2c2ee123e6ea3e81951caae913313fbd6edb953c434cdc3,studenti.polito.it,-55.0,37.0,274864147.0,7562820,AP-SALASTUDIO4-02,Student
918544b9b5511c1cea2c0400f49ef4ea43e4da434d4cbec2878735927a58b234,3e9876f2d375716a122fb6f448cd9448e359521265dda10d3865306f8a7d5c0a,studenti.polito.it,-66.0,24.0,1997145.0,611317,AP-AULAR1-04,Student
251ed181d16570c2cc481e9b36e24184825f2903fdb105f3d454b92795e7fb0d,16f7ebbdc41a678f31022787dbdd0350ac80a74a67b0f97545e3d8070b9364f2,studenti.polito.it,-48.0,46.0,215687096.0,36034061,AP-AULA23-TM-01,Student
e5475ae17c702a6bd42d0cfceef8ae90a31d6fb1cc34a36cf15697e4d90df03d,39e01a233bd88feb4efcef40e3d4e75b8e5f3001151f95003286538c71e93276,studenti.polito.it,-49.0,42.0,29828303.0,5844249,AP-AULA13S-02,Student
e4cbeef16e21801a4f15a7f5945cb1413c7b44f58059236e6a8f35d4a6f95044,42a13bda7a7cb37db6ad30f7c9ad91879a9cf82327b18cd63031780e9a8c5589,studenti.polito.it,-43.0,54.0,11954.0,7439,AP-AULA01-01,Student
fc5ba99c420b5ceb582e0b35e6aa48d51f3cb1986459b78f9caefd2cead2e9c1,4eb1112309e436c90ca95b0084fa0ca60e41738ff98b70d336e697cc9c17d28f,studenti.polito.it,-48.0,45.0,1021586600.0,103988029,AP-PERUCCA-01,Student
5e5d7c81342f2af5e8c13716f0f08ebbdcb8afc09626100580e7575aa53dddb1,3e6db570c88d7f709ea34738305e0d9fd9bb11cbef8e3f680df94949a2fc12ac,polito.it,-50.0,46.0,0.0,0,AP-AULAR2-04,Staff
a7836fd8d428877a0b507152c4d54a6327a9c98ea9afd7a0ebbf164155517499,8c936f23708ff6faae02ab14f89bd36caf93a8c0cbbd59fd38baae705186846a,studenti.polito.it,-64.0,31.0,847946461.0,34460700,AP-BCI-ST-10,Student
fb1ce7e493aee0cc767bd297562922b8a6c98671ab1ea1d3ebb7566dc19332f1,64861e79d39a5accf51c35a2b19c8ac845e9dae4c0a5beecb2c0f72ad1fbfafc,polito.it,-83.0,9.0,549215645.0,31645391,AP-RETTORATO-RETTORE,Staff
bd658b751b7a56e727199cb66b98f5b9771467038bdd4e24786a604110c8c041,d9dc1de1e08238bca763bded0b5bff7de69db2420142101772946a32ff90467d,studenti.polito.it,-58.0,32.0,760684433.0,39062286,AP-CORPOZ-05,Student
f969dab11ab79bc96f5d64758722eee5f2f3052e52a9dce140a61efd5efb32ad,90ed156354121e93cbff86028e08e6f01955491d122a3f1126a0a756c842dca5,studenti.polito.it,-49.0,38.0,35220813.0,1700385,AP-AULA03-02,Student
f341ec83119b1d553c4c4a9a1bc8ef6d47e7cb28939954c6b7f1b9b8a1da6cc5,689f1108fb062f9ece64f48cc85676c5ec46518a12f7b33260d3e444c120a5ce,studenti.polito.it,-57.0,36.0,5848042.0,779106,AP-AULA13S-01,Student
ca3bff35102c5c3ef8e23942de79bc77136e7da68579f563bd4f30aaf85a011d,8b4f9c174760b228450d68c425170d13fb813de2d8775cea2cc088f731c290b6,studenti.polito.it,-56.0,36.0,570777.0,1704883,AP-AULA10I-02,Student
9fda62014129cf8ac0a50489d713dfe888443ce783f7bc4d86c451229bb1ef5c,91becede1e262e8da99cff0112bba40c6d16061fca41fed16ceff41abaf5872b,studenti.polito.it,-60.0,32.0,463832503.0,15838275,AP-AULASTUDIO3-3,Student
fe239d323c817797fdf4ec8fcf38e37ff37ffa1d66c80877b24f77da590e78b1,748ea1c32f90e4218b1daf9913548da8dbb1414346918b16bd13e97f3d823767,edu.unito.it,-48.0,42.0,556953372.0,39159431,AP-GESD2-02,External
24b8cabf4828b64a53cb59706166d09d697d1ff1445b84c005911a3d16f9b244,417a441759415c86ef63d3bd5caaebbcf8ec53f40149d26f38f26bb1784187a9,studenti.polito.it,-85.0,5.0,20059815.0,20540239,AP-AULA15-01,Student
18a9818badd718a40792dab85bb74b33ad1a18d0518a9df2f5fa2b497432251f,b8c00c3b7253301a4f1635c5e34939be92302e37781fb73af8d2645c4970bb26,studenti.polito.it,-58.0,33.0,213050908.0,1010011,AP-CIT-DET3-03,Student
65c93d74cabcb9b76555d5f69765215efacd76ea2eea8774d6c7b3ce29d522b3,5723b5f0b8b0100b974dcadad2a217df5b4c8cb4da228127b0154404cb03d5b0,studenti.polito.it,-67.0,29.0,43331571.0,10023788,AP-LING-AULA201,Student
32f99924ee6f6266ff428fd7f4975d674f2f2a7c32482135853cc9a9a5774cd3,b90b7a19321a4c6bbf4836f56f2e4174bf76ab41b7f82fd8d82983bddd8a1b0a,studenti.polito.it,-65.0,28.0,18050624.0,15301018,AP-AULA6I-01,Student
24e9b192ff7f813ca6fa947057bbe881afed969c758981679487e1062db366cc,083c8ae4af702e24cbee2ff4d6a59819dd71c2df2ef01d92962ffbe40c32f3d3,studenti.polito.it,-58.0,33.0,51917979.0,7859809,AP-AULA7N-01,Student
661b271963559a8f03ae816bf8da75a8d194d07e69f442737479cad13f7b4307,d37b2afa75209e067bfb3088323d0ffbf8e21c8a540d6ebadce6b0810626e852,studenti.polito.it,-85.0,6.0,1184472.0,560052,AP-DELET02,Student
13f1959a0a1a52aade5199b4a3ff298681651f8b27e742cffd4ec08ed93b8797,6ce99158b399bb3fa5aa75450212b838841bde354514a72ecd087876c5e02678,polito.it,-61.0,32.0,4907283.0,2150271,AP-DIMAT07,Staff
f23befc1a02c7a98f06b38ac0994bfb5723fbb0e319ebebbb3f9416b73beee5e,c409aa5034df5a6a2043007d2debbe1464d43f13bbc566d8202027accb333f1b,studenti.polito.it,-61.0,30.0,138843658.0,99242272,AP-AULA12I-02,Student
0b3a03e87667157d76ef5fdf5798e37a075470c3c3926822bb0da9f99ecc2749,09e1155eac7b514b093f469f28dd5dc4eceb8769331e243a57b116a215d50980,studenti.polito.it,-54.0,23.0,68714114.0,10338996,AP-CIT-LABINF-01,Student
d2a5fbbb1825e3a1cd8de05373b1fb74516b78f0f311f48dbfcf6d2c76643919,a596981dc662fd62a4e7e600fd216c700a1edd0491a17b1199cf5b7cca8b5269,studenti.polito.it,-80.0,12.0,27027343.0,2702349,AP-FRONTE-AULA12,Student
cb4b91c08d7e8f480f832315ce63d72b5d12a9aa2166891a841e76ab64e6f1cd,378b9146d7bc79f422533b9f3ae97e244ea36438986ad148e3769e847f67e06c,studenti.polito.it,-54.0,38.0,44761037.0,10480503,AP-AULASTUDIO3-3,Student
32f263629298b22e4543d73817bec92e6f6e417542b50db70bba178fc399b24a,e2bcf9e9eb217397dc46a6505f112286a76b81a9c703e8c5e94d16bdcd72e6d9,studenti.polito.it,-57.0,36.0,10388474.0,157663079,AP-AULA8N-01,Student
09a754433f619e3c2eab129f4d42aee8bb4866b3417853d80a9d728e6467981f,8fc35d6775259d78d1425454f9bb4167cbe2b425417aa2724f48bf642c3e77df,studenti.polito.it,-56.0,37.0,2717817.0,1139950,AP-AULASTUDIOR2-02,Student
774ea74eb754f0c8e28d7434025c06740ed37a7e92eeec0cf1ec2f48c5024515,0c8dc3be990f88a7065b050dfeee764042bc3cf6e846ac62f17021a659bb387a,polito.it,-45.0,51.0,29857640.0,8065160,AP-AULA08-02,Staff
d5ae418f2504cde387e16c1672f286d170027013550bdf4c48ec5d3a8bec3848,3d00def702b7be0ca45d428145400b768c5279c2944c1f39282ff1b71174a9c2,studenti.polito.it,-59.0,35.0,53645746.0,38789639,AP-AULA12-01,Student
46f525ffa4cfd1b2383acbad57f6055cdc030007e874806c9d8a03389adba86e,85453d6f761d0cb513c9a53cc1a7f23ab276839a1dd0f5edd92785b62ef5c4a2,studenti.polito.it,-50.0,44.0,466732324.0,23416137,AP-AULA4C-01,Student
b959118678c44c0f2775e6b5ef816b3dfd0c3a0d1efbafee9970e82e32830fd4,ce0a5366f9dbcc3943bfa65945b2bdb255718541b95cbe38bb3d93a65dac63e6,studenti.polito.it,-48.0,41.0,23581548.0,134265138,AP-AULA5D-02,Student
74a26e60041e98e8a79f8b52ceb5c7ff871e9e676bbf9d8999aba452401424b2,3b73d5958b8d6af4ddd59aabe60e0cb2afdd54121bedbb0d985bf2fef55a8fa4,studenti.polito.it,-52.0,41.0,21534271.0,52405065,AP-EXREALEMUTUA-R2A-P0,Student
9713df32b2f0e12e3681b12e72300d15a923cb4a28ec0f13383b5a0b4cfc23ba,5b56ac0d929a28c1c2e66fd7b71c55b90d75b872f3f82557cc9d136769e5db9d,studenti.polito.it,-65.0,30.0,61861509.0,59750153,AP-AULA10,Student
35420b1d7824f9c5bdb939545b768eef52c3726a07a8d7a69d792061a8732d73,1e2fb8f43d819165938532df481bf3f112ba07afde3d5d9a8998978631a83a7b,studenti.polito.it,-57.0,36.0,15084381.0,891386,AP-AULA5M-01,Student
5dabfc50ab71cecab6802fcaff070a0e829f436afefeb00fd0c6148ebb4c6cea,07d4b8da88abac98eab9453fb73291c6ed727e7c80c3df52569fe84aa6c6ec51,studenti.polito.it,-49.0,38.0,2310012.0,3293546,AP-LAIB1B,Student
1f8485c5f0ac257d648feae9de79d177b5fbc25f7386e806ebfbd4768fc35cb4,87ebcc779220d83b3838cd2b8bbe2d15aa9bc6b360fe1989ac60c310d161def3,polito.it,-64.0,28.0,75185136.0,5368996,AP-AULA12-03,Staff
dcf3a58149eeecfd85f535109c302b1e6446813f8995150fc92a8ec8e3805a14,efab4bb246d47753f634646833785d835bf5107d1a12bc4e217625d5a7cad0a4,polito.it,-54.0,39.0,75518153.0,4926340,AP-CIT-DET3-02,Staff
fdd2a68672a3df022673c34e398f58bde37a2e0e7fb9095ca6c104a529300853,b2ea0c1f07023e15d8745f54de98ff1b0e371252e5a1f907eb33442e0c406e4d,studenti.polito.it,-54.0,39.0,9034624.0,2200762,AP-AULA8N-01,Student
fe551f4f24b13fac6e6064071032446d8d1ad59adaef14b3ec579641e717f0d6,ecdefa38201fe8dca6cda3cfa428417fb9d96989cb23ebaadb76501e3e80b8e7,studenti.polito.it,-44.0,51.0,97213412.0,10827897,AP-AULA01-03,Student
60e135a95ea1345a9db6d51f4f184b29178d1cb75c952ad23440a89ae94cf3f6,08176ea6437477d400bc3daa2e99be72b20cbd15bc818a006f181388c840e7e1,studenti.polito.it,-60.0,34.0,355584.0,86464,AP-LING-AULA301-2,Student
e2705fa7d58252242d2cf807fa86c9202565f2a5ec11f9da265eeef1c6f54a14,f35f27bc786a30fada2e7a7f223ad259c12790263c95e48e15a589ba35f7acc2,studenti.polito.it,-42.0,52.0,39989907.0,18271207,AP-AULA4-02,Student
ba38829943bde2fe48f2a9cdab71f352547f3272030077865fc1550208686321,5607eabb6a525f379718de2f9577640e3d4b9065fe84f3cddcc19cfe35279a52,studenti.polito.it,-49.0,44.0,4188854.0,2290517,AP-ENERGY-AU01,Student
1b750fe1f12158a65d07bfcf1e68391c8a2c2ff68b82f1cb5e0f1b93a18aae9b,749048ec443aa517709f81695c6fa1447898b2abfcc909275bd79634525d3a69,studenti.polito.it,-54.0,40.0,202393.0,127452,AP-AULA27-04,Student
3c4d7f9d79b8465ed858793e3f6ecf6da3c07828d5307ac0becc4fb95f6eb722,9d488ef164a3b8491dac721beab8131a9606c38d9f2326be6e954b36868a7549,studenti.polito.it,-72.0,12.0,13852297.0,3085431,AP-TOOLBOX-06,Student
d6bd35f0f9f4396819a71fbf445ee0cd293180bc484bd0e33a54aa10f5a50a9e,b06045d924c13e1d92ad73dc478173266d69c6bf7cc1caf944521c843b097ac7,studenti.polito.it,-59.0,37.0,146930896.0,5746024,AP-CIT-EXCELID,Student
202eb8661f2fae65812a16dedcf3040e8866cc323cd10adfbdcb9932563e0094,5e79d3914c79f137cb3eaca761142ad1cc4d4cf014a5157f982d8cae63c17bf5,studenti.polito.it,-56.0,38.0,3224736.0,8175548,AP-AULA01-04,Student
c0d757a80336368a5f7f0beec605bec06b7bb187debe1bb40d2a49ee2df73fc9,a49f58d14c7548a81b565f0ed573ea37c5f8ffc178e763e98f7d6a0510efb2ec,studenti.polito.it,-72.0,21.0,12822529.0,1214493,AP-AULA10,Student
647f4f9f54633a09cc6b5fbb5c19a37058b38d2095e6678ec9fc793a0938f92c,f23b48777752e106ed2c8f1947d63cf25b49b7a92ff5f956add19e9b4c6f7974,studenti.polito.it,-50.0,46.0,2410939.0,755878,AP-AULA01-01,Student
5cf4455ee8559ee989d456db9b4c7bf7b3396ea2429746f334842b3da1c698cf,191a666265bf8577fc551e50d8fb523b235ebd51728be886d114ef4e50f224e4,studenti.polito.it,-52.0,42.0,40609874.0,2866534,AP-VALE-AULA9V-02,Student
e23d65b4f387fa4ce9b924f466b02cc6541ee5e16180e66af5be358b2fe6168f,64146598717a4d3b91bdcf0af3e252a07d634c91962ec9b8e31baf1c9d4d25ca,polito.it,-55.0,43.0,7968905.0,44462217,AP-DICHI-3O-P3-02,Staff
30387e4e02d350eaa7078a1a41341ad4959881e85a58a3855113d021e9e62dab,d4f5037bbbaf6244542e3758f40f5949bb74df3ba5c454222bf1bbcc208ee4f8,studenti.polito.it,-52.0,31.0,249532.0,160356,AP-AULAR4-01,Student
d12ac47791fe7fa4a68ee58b2d973bdd0b016616b46ed398ea22a24b973f0233,5869dc613d33866c839ed3d1187ec6e5c89600ce2c5030fb68effc6711da75d6,studenti.polito.it,-62.0,31.0,5940958.0,2189857,AP-EXREALEMUTUA-R2A-P0,Student
3f2d93272fee5b8221fa5903309a7e50a52bd0ed5153d9fd3b0d1d6fffad142e,6a71e67cebc169fdc7efae78958a3d37e32d53723aadbdd9be2a2c7e8d20b054,studenti.polito.it,-50.0,46.0,367915980.0,12951445,AP-AULA6-04,Student
1bfd9405338ae811777df1f9897642f859e99e7cb21bdb7d60569666531d8676,e25aab6a2b58a3ed26b7ad8761812c699cb5ce502363d7619cc9b419f54fc5d3,studenti.polito.it,-66.0,25.0,101567.0,67499,AP-ACQUARIO,Student
5bb8470f447bd5bb3f3f4ebe05a95cdb36d37ecfe04ec7c9360ace5c186bdbb9,05862fa06558880f46961fe2e88b29bd4e21561508ad3110ec74ac6b1331b360,studenti.polito.it,-57.0,36.0,101192622.0,3021041,AP-AULA5I-03,Student
f3795f582affe8edcef55f83398274879359f3eea7c052cb42835a80c5ca3bdf,a700199d7311236f4f8dd4ec7e911ac346e0b15a68dde0ef3400ece63052480f,studenti.polito.it,-73.0,16.0,23465516.0,2325174,AP-CORTILE-02,Student
f9deeb1386c269927424b4a5b2468f138cd4aec11c095214760c475de5d5a8b8,d7f03bf43a473ae0fce62361a29f398342e126ddbdf4b6baded6282ea8eecf47,polito.it,-62.0,34.0,515512867.0,36574866,AP-DENERCT02,Staff
126cc3e0927c3ab94e5dc6aadd16d9cec93565a47992e424ce73a0449505eae5,6e39db847460e6fd89252ed5f2c71ff1d226e415212a8fd2bae5e8bb3fff48f7,studenti.polito.it,-51.0,42.0,3894061.0,4402063,AP-AULA2-03,Student
dc653ab746c45c6f5bdc6c55f810abdb820a3407ac94dfacad82bcf419981ed3,,,,36.0,276.0,0,AP-AULA08-04,Unknown
30eb5c1bb63b9bc8fafaa94150a1ca71fce27c688d15c373b6c5776b50c84d7b,a99924e0e86b1579a8fad24aeddeb1853184044a43d1acea1fdeb0c2004c2db0,polito.it,-76.0,15.0,399689003.0,13396284,AP-DENER04,Staff
7882434945076fe64b5ba311ab57b55f1b7080b6c91c80a236b9d5fc8be037dc,e42a892cf4e6c5f75429d24b6c0e3444b0009a5d45f0b4352177721080a40b53,polito.it,-51.0,39.0,309555006.0,32105463,AP-CIT-DAUIN2-02,Staff
32e26d27040948f20c0c323099987e50f5d32d086f255cbfbd506971a08e30a3,6b6d5597dfc14a00d8632caa72687b64e211bf4ec1e320c9d0ba56e4e5555996,studenti.polito.it,-55.0,39.0,83035408.0,127393320,AP-AULA2P-01,Student
e96c360c9556ac71a23b9598b7fa22a1d09e02e7df1219c0b83778dec2aab365,24725bbb035a11d8325d571759a1b04699ee537c5968fe6e6d1b7efdbd43de72,studenti.polito.it,-70.0,23.0,152938942.0,38368910,AP-CIT-LABINF-01,Student
034b3c63b274f256b49395370e1887fe4c3a1edb35486bb84841dc190bf9b018,e1ee03fbc9faef32c429f6f0b4cdd8f0624b7aadb7ba6d0ce1348acfc862f08e,studenti.polito.it,-80.0,15.0,209917192.0,61458318,AP-LING-RECEPTION,Student
ef2deffee99a183fe803b1a094a6aa239dfd101c2ae2e2468beed6233d690023,6718fc644ad06a60eb8769b572c044aef57080ef050debbacdfe2374013f1d71,studenti.polito.it,-40.0,51.0,329994479.0,128675105,AP-LING-AULA211,Student
f53a5aa11c3690d41adea3b56f4ac49a7139e77fa002c9dc0fdafa03f0c49c1e,4e4597eb7c61adb46189180747f1f7616975d42c9fa899ade295aa73371022a0,studenti.polito.it,-49.0,47.0,4235688.0,2269242,AP-AULA29-02,Student
3eefa6ebf9f0844a3c0900a15758e65f995b5cd1c3a1f4f1d54342f2b888cfa8,084cfa1fd4e0e2e34e973f1211bd2f4f0f3049d10b224d598c29551016e3be63,studenti.polito.it,-50.0,45.0,1141579.0,586520,AP-AULAR3-02,Student
b62bdcc80763b34411544473fb5d86fcf39e587316ec24e3193ea053cbc87d3c,0a933f89f7db1424fb6b7c689fa8e27d522205336902c1f34eb163bbe7b80414,studenti.polito.it,-51.0,45.0,107712450.0,3065661,AP-BCI-ST-09,Student
869ace80b6e34bbf55aeecd7c587417da515c0a71f3a16004b258b31512de795,cecb51d08956e371e0cf8ca06eb480c643395b4439b33ab7aeec3eb5c723e993,studenti.polito.it,-47.0,45.0,168401525.0,74489984,AP-LING-AULA305,Student
d4dfe36df973f07f6d4631a5ea9a1db1bde038b1bac5424ebb8064aa66d0dbe0,e645a6e5fd2885bd985a60e3d9cd14ec62e3dce48bfc2a76434ef506ec9b2d6b,studenti.polito.it,-86.0,5.0,363821384.0,15508382,AP-CORRIDOIOAULER-02,Student
6b5254c8bab47352e26e3a92e1033fff7e046c8370cceb6e0a9bbad17ea53284,e23b78fea1dd43a169dd368eb338a3c2ab996ef15a4fa2395e5249ae6d269979,studenti.polito.it,-77.0,14.0,10870262.0,3431118,AP-CIT-DET2-01,Student
ea25365b8bc6f6cf1fa07a59396fac87027ef23d0f885dd8c3b14e4f56d4522c,247130eb190dcf2d06f4996f40f3d879da871cf2c399d307b405fc378ff850f3,studenti.polito.it,-55.0,35.0,5430662.0,4502250,AP-SETTE-SALASTUDIOE,Student
f68a92ee5c2c0c2dd795f9e732d677123f4fc94c7ab68f85d0059808e2a383c7,b019269a267e599a8ab2cbddbbbf4307ec229f9c9780cb7ecba5458ad68e4b89,studenti.polito.it,-45.0,46.0,22633435.0,4518451,AP-AULA2N-02,Student
f8a99a680183a5a942349098226e8b4d89c664159057cdab7ed2f6df2c19fbd4,1ea63ef097f4281505e164f48ae2ece277f990d13e91a00a459741683c548fb1,studenti.polito.it,-44.0,49.0,34523901.0,11616776,AP-AULA1VM-01,Student
c87988ac6d4c079e0f4ec0b1417b9b928077db793e3fcdd15d5eabea860488dc,20daf7232ec8a66578b22537364f74a789a823b5b675f56234fc2a36c3b7d2d6,studenti.polito.it,-54.0,38.0,1066109103.0,3088887769,AP-SETTE-LAIB1S,Student
b3d696258f4b0a984fee5847a89fc2829004996b364262ab08d187490b57d223,c40695272277825a4020d20dd170f3ac7272712df398e22d84ea60315c45098b,studenti.polito.it,-69.0,25.0,61033628.0,12589723,AP-SETTE-LAIB2S,Student
e7c3976afa920583867ac8dc4a7c16de3ef36c717df0a00d73d0e26b139473fa,bdae6b28771887a1537c12b1fa37ba24dfb343ffbd9b62e8ab27d473bd9ff17d,studenti.polito.it,-70.0,25.0,116229406.0,65917296,AP-LING-RECEPTION,Student
8f0ec418a2817df8c456cd44fa4cdb3c75aef3c93186a4066b23c8fcc636d82e,5a1fc3f452c86eeb1eda4de5de4a4268920cca24adcfeaa4040722dbb9bb3903,studenti.polito.it,-50.0,46.0,47493341.0,7512677,AP-AULA05-05,Student
fb8e4dbb49caadcd1aae4603b219af6d370328eff98d64cc128bcd3acb5be86e,8b86d8dafeb1c404d31ecabf1db094e7fe23e1b40c49f8887fafe7e6145bd58d,studenti.polito.it,-46.0,47.0,458960955.0,7259398,AP-GESD1-02,Student
b7c8cf3bf5538fc78e4acd848474566e2a8569e0c355b4838c017010e18e013a,858ecf731ac76375686020cba1ec74db5934ea8197518769078a3e18a094e8ab,studenti.polito.it,-45.0,49.0,112383397.0,5012377,AP-SETTE-SALASTUDIOA,Student
25a2b6bdd18b25b8aba6d9bba4109e588efc65dc3dfe4ca79413c58049b49c60,b77213ed94d12b8ed3ef7d0c24907108f80260aea277c4bf0f70e87473a7f033,studenti.polito.it,-52.0,41.0,923373.0,308130,AP-AULA10A-03,Student
34422a24a00f21bc3b1bde62ee7ff63297e04de34f04559d37d6d624274515d7,cdac8a031d3acc88b62f77a7e854efad10c1a1433795e06115088068dd8dfcf4,meduniwien.ac.at,-58.0,35.0,3222766239.0,428627076,AP-CIT-DET4-02,External
fb3ae364283c1436df57882b250d288c9ec4de199932db0dfc68d189df41c84e,78442cd8adb7f2c3ed0aaa16b51848389aa1557306caf6270410c0f4bba58fa8,studenti.polito.it,-55.0,39.0,1152276593.0,53827121,AP-LING-AULA305,Student
a688e16d7b4f8d57a214e26b9aa759cb47448380aca31d905877eec4de79ea4d,9e98c777f76415453e82be563dda3caddecde3e38754a6612f147af6c10b592b,studenti.polito.it,-74.0,19.0,8317300.0,2025888,AP-CIT-DET2-02,Student
f91cb3fca777db05e27c4be4a8387218a95fadc84e6b13eea110f6a858961d68,c8ae556a687e1c744163e3f61bcb315bb979b7f006d17483777ed7daca770d76,studenti.polito.it,-44.0,42.0,503808873.0,15281388,AP-VALE-BCA-04,Student
821795447e2d7d3f9886543bc276d094f8087a9c36fe938bbf3ae457430eec08,f1223dc5f626848e1fa509c700c85dea002a4dc925e1c92f2eecd15034f4d355,eduroam.mwn.de,-65.0,28.0,230489867.0,253004576,AP-MIXTO-01,External
96059aee7999d8c0c5aa9fa12fdfa5ac7ae8353afd569e7d0a36b6a44898273e,5f6718d094b9f64387cffbe3e3d29dec702d4e855991f293e9da1afb115e835c,studenti.polito.it,-57.0,35.0,68347782.0,24266606,AP-VALE-BCA-02,Student
50bd128c6d30bcebd32a70146510d4a229e9d2a9651028475763bcdd248196e2,1474ef85249dc6e68b425ff7d53786157eda3b08355e9e0b12270eb9c33c476a,studenti.polito.it,-85.0,10.0,501283280.0,64942497,AP-SETTE-BAR,Student
04fe7a4cf055e9a222682d921acafbed2572411e7978767b80a1f05374760816,82c58f1a0706d6225e44588fe3cf6a5b61b37c267862408ad38735cce152c382,studenti.polito.it,-63.0,30.0,18646125.0,10219319,AP-SETTE-LAIB2S,Student
60a8d38cd9bd39dd43e8cef51dab410ece2b54fe4b579980a9b426692f731524,8c0250c3e17ceb47248ff4a3dd40d045f4754220f6f8c5dd70f3ad76f0c11d03,polito.it,-41.0,53.0,26699423.0,6884176,AP-GALFER-08,Staff
a00085148fe2e9f96dd0d8f6f88c9a3c06cbd8fd0704a654ea976fa4d6abf4ec,4331f91d2c33477d7f97cf54bbbcac413e13704e355a05f5c5fbd9d23dd892ba,studenti.polito.it,-48.0,43.0,119817752.0,9806491,AP-AULA29-01,Student
31016f42b49612e8eee2209c98e0276579163da9317a4b45f27d3b628051555d,35094fd65f1e162ff1499445ce6c35316b2f376c5f0b9cff319307a09e4a36e7,studenti.polito.it,-57.0,39.0,147866.0,66095,AP-AULAR4-04,Student
75478a2c437a584923e2ace248c1a7b1e56b7a7f89771855b697c58187a0426e,14d8d130767ee601f776f6e8381702f4944be2587a837bb75d481052f4f1890a,studenti.polito.it,-53.0,39.0,697111.0,308731,AP-AULA1M-02,Student
56bc7f9aecdd2f307e93e0e62f881faa553126dda5bc1a3f081e149ea51215db,77f5f14cfd6910d53858c51d8421e147f55c8e1541e2b836a19fe7ee1c2d21a5,polito.it,-56.0,38.0,483822830.0,19448201,AP-AULA4-02,Staff
8a7ebd6d40a91284f81bc362fab42648f8f58f0a33437b91e25910fa4a1f27b3,d61c9f621b0a4be59d6a49a34305251dc65fe55187295b43b772239e67d39d70,studenti.polito.it,-80.0,12.0,62546539.0,7396738,AP-VALE-MOLLINO-02,Student
83b675a0c4ead3fc61c7e9482fa02730d89f4eae2c2a617858f25a20af44046d,78ab6a145338ed153046e9fe8c8b981369c7e8e9ea8c602bccfddf372f7cfa31,polito.it,-53.0,37.0,82344.0,31365,AP-CORPOZ-05,Staff
e4613e9204e8f757e2f6833b70978c1c8b343a4ee2ee05aeaba3da812a7e37ac,31111a67de3a90daa35baaed9b18f85a90118507b0e3008bc10c2b53bc092e64,studenti.polito.it,-54.0,36.0,626063.0,324123,AP-AULAR2-04,Student
b457d4f3a1e18c957700f243f830f573650486a518194d58dc862af4f1eb4b7f,986e5a1573a9aeaaf4e98df4cfbf542c26ba9be86e9efabcfa199520a9656712,studenti.polito.it,-64.0,32.0,19704955.0,14077760,AP-AULA29-05-OFF,Student
10e9edec60e4ce7aaac3aadbfd22840ce796cfd003e09a5c386b712fcd626995,bfd1f8f9036f3a006ca72a66e7c17c0b2efb1b22730a1daf5cd9b8cb4b31cbec,studenti.polito.it,-56.0,39.0,12523016.0,3591706,AP-AULA13-02,Student
092d5f89f9daaedbe4d5ce34d6bcccee6995a88c3c96248d9cad67fc45842bb8,4a9b469c647059ac7e08ff5e595c93268d05f2fd613b7db03da6dc2bd4c8bf55,studenti.polito.it,-30.0,66.0,3010314641.0,82594445,AP-BCI-ST-08,Student
a3858b33578365bc97432e7269ffedace2063c2e1230aa5cdce8bbc3e1fac79b,63206780563964aeeeab63538757dffa4d49914174236479abf8e9f0bd546b62,studenti.polito.it,-55.0,36.0,101591910.0,37070914,AP-AULA9S-01,Student
6fc2f2ae3d5b9436c4969064d8a71fdb3f587579d49980b919df64c0a0745063,1467b9ebb38c8f01ff8a4a8be5f9693b6c3d775db8bbd2078b26df28e5af765f,polito.it,-69.0,23.0,98599313.0,82006738,AP-DENERCT01,Staff
4a8dccfc7944fe7ffe4cc554866e50d3eedee58465c0919061b0340e758b6c57,30af18b26ff3f1da24b1e70d1145ac0ce97f1327a00c87f7e562a1bcb83dc505,studenti.polito.it,-51.0,40.0,2408464009.0,56782136,AP-AULA4N-03,Student
3d6954a10c5101d93063483d399d98fef02a4a6042702105ded020d3c6001eec,bfcd0d541b22750896185166bb8d188099bb3f6ecb6cfbb40be8dca73b6fd6d3,studenti.polito.it,-61.0,32.0,16096223.0,43002714,AP-DISMIC06,Student
a444baa127afd276cf16add9963c7fe1348bcce44f5cc6b71fdfdc62322f0430,86189464b007376c10c36c6a105b57ee04ae1911d64de3950bbf95dafbf0b6a1,studenti.polito.it,-63.0,29.0,11775248.0,1093847,AP-AULAR1-03,Student
e1cbbb7d189425ab4c4c92ee991e4d38d7176f5f7a53cb247f0ef0d9d88938ed,e7880511669842ddeb97a55ca2c19300ba406dda44e7921ce47695512f81bbdb,studenti.polito.it,-75.0,16.0,463754793.0,12667075,AP-AULA4P-04,Student
433ccafa58c131285c3affa3f9e33c39937071590462f7913a57c9617ac71a49,9cafb450f262c54ce9a919ecb0578d3bcd73cf5a83ded31a3f29b901fbdb4acc,polito.it,-63.0,30.0,227717686.0,4533273,AP-DISMIC09,Staff
6ab4ea02b7c108b66f2465bd549c26a7225284ee225c805e4c61ff522cf2aabe,65ab3bff3beb4c66aef4c464faa9f0657b9670a00f5f34ca24c9ff120e9c75a8,studenti.polito.it,-62.0,25.0,154153084.0,5500194,AP-AULA27B-02,Student
83671c5106f08fd8f9194ce2313ad48491fdcab5160d1e2cc66680c64b127411,c72b39a69bdfa8b9030f151a9c227678005941f2b70e2246a34d23508bc3eb8a,polito.it,-79.0,11.0,13934.0,80711,AP-DIFIS05,Staff
15d6fac16cac528a8d944fb8871be210fd1256eba5ac976f428255cbcacb83f7,9c8ed819ad1c9870aaf1a707390fe4724c4ec72af4683e32588a8e73eff41f3d,polito.it,-59.0,36.0,32650854.0,2855575,AP-DITIC01,Staff
1191fa649b4212015ac0246f48d6f36d803aeeab0a0bb656ba6ddc76444c4cd0,34cedf420aa6231b8255a0973fcd127d6c11db996b21c9b4156422deb872d70b,studenti.polito.it,-64.0,30.0,33054780.0,1416339,AP-AULA12I-01,Student
25c6d8a9a09ba76ca38c50a751ae49871e1705f4b4cfacad847e1b2ec3d973d4,a7ed3789dd41c0bc945d28565b37d46dea46f4cd8db54d1547cdf82aa643b45f,studenti.polito.it,-63.0,29.0,191476628.0,6011180,AP-CIT-DAUIN2-01,Student
105a7c0f5cb077ea0a8e9f7ae3a353fa93d4018fef41aa4409deabf69142544e,5ddb5cc62d951431bf92ed0346e49323c76ddf2d7b2e275a9793911748e95057,polito.it,-53.0,35.0,28801080.0,1738039,AP-AULAR1-03,Staff
64ee2c624d9886871ada02579e032d6cad2866d07b5cd323819e4149d6c81561,48526823cc15199cbd4ae139e71f3d0cd3a39362188bfa17615c043463b2b1bb,studenti.polito.it,-66.0,24.0,1797307.0,312819,AP-AULA4N-03,Student
ca0f528996dac23c98ec560e905a84e0244e6f702f0b37ff2d3dbb38b38d9513,849df59559662713a16a547fb3e64105d381e51fcb47ceabcc73ff4039790064,studenti.polito.it,-56.0,26.0,1531166.0,960398,AP-AULAR4-01,Student
19b22ff762692abf2c20b51080aa9d9c230a36e29ee5d15c8ea3aa26162dfbe9,1035325afda50a60dc807f5a5bd87fdce2f93d6fd1e4e26df58bbb160f2606ba,studenti.polito.it,-61.0,32.0,138639016.0,6485493,AP-LAIB2B-02,Student
4a9e83c5e7e6d7dcd72252522c8a50e961285398ee33161c7b24fc34a25fde20,e0a32323352c315fc3219ca7a8edc2f8f1fc9ae7ffbb0192822603ded3242c7a,studenti.polito.it,-63.0,29.0,148856141.0,5022573,AP-VALE-AULA9V-02,Student
5fce191da5f8019b5778dbf1690f58c646eaf96ab2a464401e236d79947e69a7,acb3696595c33f8b2c6bd726b3659ffe48a6ba55bd70378a62aaa82f625432b1,studenti.polito.it,-55.0,38.0,6729157.0,1100842,AP-AULA10C-01,Student
d2ec808a7ac7a22d53958ff516582cbd554e9ce0942dfb1fd84a5aff58d76814,cef07efe7cd730ce29682f6bd7376cfe5a95bbdc2c21b4f12c7483afc8ac9523,studenti.polito.it,-43.0,52.0,261226618.0,12320329,AP-BCI-05,Student
d3040de3c9d37cafca653c92dad9899d6ed40839b89e1f037bd132ecc79a01b2,50a6600d8cff7931a3b9c28e7ffd8e5200568be9a31f95e787f5ba4ed6f2c958,studenti.polito.it,-63.0,29.0,31256611.0,37462500,AP-AULA25-TM-01,Student
0efce42caae7ff430a1784982723e80681a1975ed15ac519f33bf2b8861f6ef9,3ee6f404ae3910aeb55acca3e88961ff285f8304e1243690d6fb790f5b4a69d0,studenti.polito.it,-56.0,37.0,17516377.0,35017056,AP-AULA4C-01,Student
0e5749fb5bb42be71bc36a3e6cd1b1135873e643eb21dde88ec892f085dfe484,6c9bad9000b46bda7f40e51d54ec934fd8ed0b96d5fe4c53eeb2432fc4307316,studenti.polito.it,-55.0,38.0,434966512.0,18080957,AP-EXREALEMUTUA-R2A-P0,Student
e4b2d9d501340372223fd3dd23d422d2e29b3a018cf0396fb64ec01a55494799,fd41b4881df66eaeb0b23a2eb68aa1bdc8d5134e432ad4e02f85717309026029,studenti.polito.it,-63.0,31.0,170189487.0,5409693,AP-AULA6I-01,Student
6a792db75acd3a9dcf51ae1e3278d97b7faf21f3711932dbf128f5df112d6c40,c172d9370a190ccb55142de3a289e41b33b75ccd2f8060fe297d7d2776c0e311,studenti.polito.it,-60.0,31.0,29553710.0,1945238,AP-AULA3I-02,Student
12ba6c4a932d6a896d514a3629a095a84695e634d38f495d1c2eb1b73fc28060,,,,3.0,3172.0,236,AP-AULA1B,Unknown
cd2972959883237cd7261f59c2d2d848d56327ea47485db1cbd733b7b08a17c9,aa82599db8d6de028314def11b36ce81f052ed94413d4f2dfa997a85dbafbf92,polito.it,-51.0,38.0,631568.0,220709,AP-COV-C3A-XP03-12,Staff
325ca9be0cf6e849928212c67440bbaeb7166252c9d5b925821aa61fce3be2fd,18333a9539b05477656cdfb5b7f80e193888af1ecc7e1ac70ae8dfde95b4b792,studenti.polito.it,-65.0,20.0,22921274.0,1670350,AP-AULA10C-01,Student
9bcb3d8feb58bf63c5a2d370582e9640e13848f0de01e08983fb9be3c6ec6e9f,74dab1f6824600fd325b549facf8c71c700315124f86b350e01a9809bd66ba45,studenti.polito.it,-52.0,44.0,2573775.0,487403,AP-AULA27B-03,Student
e47af69c37bccd2ec663a87bd5ea2c307a656c68a1557af90e17340b96e7e4cf,b2fbf713075314b770221c5c10122c13fc57f1112057b596efe2f92659bdd569,studenti.polito.it,-39.0,57.0,6943655.0,3924464,AP-AULAR1-01,Student
581c0c3c91a55b0dc0154a5708225a55796b15c3b59ab0ece860fd8e066d79c8,5816ee40619d968f37d6c758acbe6b18ffeb6edf39be9beaec64f49339b21d48,studenti.polito.it,-66.0,27.0,36780450.0,4101110,AP-FISLAB3,Student
bd9d55cf5d22ac25c4b8058fd1b39e7efa34c6dc32c2d300df7304781e8097e4,7d34478fbd8f770dcfdcb2276c38811961bedc5f2f1866c7ec9fba169aa1c977,studenti.polito.it,-40.0,52.0,7050074.0,7648127,AP-CIT-LABINF-01,Student
701757a0df56d44d4c08e6140d2bd1fc900e65de88d944b2cd1cade49801932b,e28012da66ca6e21f92988ea15ed077b0e588a05d49d683bc12fda8203397b10,studenti.polito.it,-76.0,14.0,1485143.0,318611,AP-OA,Student
04ae324aa277b761343b50aab3e61394a52bc8f9b26108b7cede952ac6c1bf6a,0bccbabdb4e42a54f971b7e31ddef2bca0f81764ac4a2aec99229381de1d193d,studenti.polito.it,-63.0,30.0,7700783.0,1796969,AP-AULA4-03,Student
c6266ac908af3b02f999c8022691877ec7e508d0d1c74311927cfbdd7dd3f269,b9a6f1be653e41764e10ef1a473207fba90e04dd2c5bf9d8fb45f0db7fc1c19c,studenti.polito.it,-62.0,31.0,1559494.0,674184,AP-LADISPE-01,Student
12fbacf98878cdc95ade77ec99c4eb046f018641ed22d3487498ae3d75c0bf7f,e8964215c439b5baaf4880e0fd8356db4ac973eb34f03e56263ef18a450772a2,studenti.polito.it,-81.0,10.0,35714862.0,5011095,AP-AULA12I-02,Student
ea35c7b6e63af7933eeef22ec4dc934271565ae684b0e62ca873df324121f975,032fcddfa5a592ec6abb626f238b27d945823820653eccd6c5f7ba2590f0cf45,studenti.polito.it,-54.0,40.0,170599031.0,7684178,AP-SETTE-AULA03AM,Student
16988a62b3043b9416583e10cd7dcea758805f101a0bcfafdd9729d3f90a9859,5914528d56c003b008aae3c441dbd92f343c1514978a5eca46bf49ce8b4ed9ba,polito.it,-60.0,33.0,406650677.0,479036646,AP-DIATI-1W-XP01-02,Staff
8900f4164aa707e96bb4d5ccc4e24f2014e9e8feed211ea3f957222ecb1f67fe,7b9ac5b74e5adae758924ce8feef75dee02fd86a0cd62d52d6d9d2bf0e0d3f06,studenti.polito.it,-61.0,32.0,12963955.0,1117287,AP-CIT-DET3-03,Student
625bc3a70a49a35c951eff3c559ef7dbbead5eea145e41afcce9e9b61b5b88a8,1ac10faa44a2b32018d413a6d04270a6f01eb1028ba4fbe6cd425a1c633b8899,studenti.polito.it,-84.0,9.0,35919130.0,13738463,AP-LING-AULA305,Student
adf2f211f7b637639817c97c3aa9c3684f49f23cc2c3eef84587e2f971666b88,36d9587c505dfb54cbea420f9c46d6d0882a1cb9e27e89afd103c349bb2a5afa,polito.it,-72.0,20.0,494068149.0,12804900,AP-DELET01,Staff
90c2ebaebea09d1f62a0167659e7719b63b1d97d51a7dfcaaee8d8345c69e93a,0c81d9096b60876a2979c2b8db04c051595a8090baeddc4379dc5eebb5936c87,studenti.polito.it,-48.0,46.0,7391429.0,8682316,AP-LING-AULA208,Student
889006733a76a8669f862bdf874927c6fc06ac1f1888b48b99616124c1905c67,82deb5764bef1c0dec0aa7b883cf433214ecf3a78b0085ccd95d707f012d79a5,studenti.polito.it,-57.0,36.0,52545117.0,23900218,AP-VALE-BCA-ST-02,Student
816063b10764e8ee0d90b6568260644ea25527d721ee8640c648f6f7836c020d,7e95cce53f77b53c736517b318f6918d6b8f204619208cd498109e2bc62de904,studenti.polito.it,-46.0,49.0,344771660.0,14174749,AP-AULA03-02,Student
39207623035d8f08cf47651bd15828b88ed6fb0e90574d3a27f6d88a8f390dc4,,,,36.0,0.0,0,AP-CORRIDOIOAULER-02,Unknown
b15e3a8a24a34b56ac3b017803aefd4b36b2f2547ce0bd9dedb8f5acda499e2e,b77cc2b66b1129b9e14edbf113a83c8dd4e2ab836d2fa63df88483a5d8769c64,studenti.polito.it,-56.0,38.0,135803013.0,10063154,AP-LING-AULA201,Student
9a3f89382ac55fd8f3faafcddf6a19abc36f54cd237e949e82b90cee7ac6aac3,ff0661a9839d89739d96da457d6c033e7b0674949857d9e38da70d046d628428,studenti.polito.it,-56.0,39.0,24873585.0,16799503,AP-BCI-ST-08,Student
8bf45d9e3397b49d75fac9ea812700be7f2a377b555a646ff3dc6362170aeb5e,12665a5fd30b19a0fba8e93e4cfc2d42f88c2605ef61748218542b9fdb4ed3cd,studenti.polito.it,-45.0,48.0,83189996.0,14891063,AP-VALE-AULA6V-02,Student
bea9bae4ad24ad56579e659127aae5926426df46710196d223a5a4e5d75d95e0,3dc2a509f6484042ce1c985cf4113a52b2f0971f01ade84ccf30f7e9293e41c5,studenti.polito.it,-58.0,34.0,45816099.0,4600399,AP-AULA12-01,Student
cd96b47a867891e31a46828775bff6369ed75101ecef914283af300ff03433f4,6e7b6fbd51a951bacb9227e2c726c13593cc05ca52496447d20645b5f0966a67,studenti.polito.it,-60.0,33.0,118043.0,40588,AP-SETTE-AULA11AM-2,Student
89718263614bb0d1b3a9c8ab7c3b377f4200fa347aafd9c1029ccd4f162bddc7,65a92b8e51a898dbcca44f11363660d70cbbbcc7af8016faa095be57827d73ba,studenti.polito.it,-43.0,51.0,367490680.0,16509276,AP-AULA2-01,Student
a4363c8f5ac315e2b3561ceefbae35cd1339e436c63a4204d525f36a78b0e3b2,0039cddf847545d664aea502505c991acba4ca41d7992338a8cac3a05982edb6,studenti.polito.it,-56.0,36.0,13612159.0,2314392,AP-SALASTUDIO4-02,Student
5536757ee8d33dfd0c4bc4c5e842b91094d87838f8ca45b8458a9fc346d0de23,756913db4114573c01df4344ffae99f68ab0ee31eafad6118ec6b244ede23afd,studenti.polito.it,-66.0,28.0,1309130.0,421315,AP-AULA10D-01,Student
383f89df82ef6b0a9d34e934516a3253e5cc5e759da7c8c766e8e6a51a4655b6,a0ad46c8eed345b256644d0b9cc042bb2c39a6c2f3bf760d4ad2d2aa3f1f7b7b,studenti.polito.it,-61.0,33.0,916181781.0,44912696,AP-AULA2VM-02,Student
e4ff3cebd8b0bb1634205425ea60acd0abe86e6b65578f3131a092f88d39f011,326c6998b3885e944f2241802e58b5f4d99eebb1d2b2f2d93f472cad823113c1,studenti.polito.it,-58.0,35.0,3872175.0,53734406,AP-AULA5M-01,Student
88a33c1b105e716884748197c52ae3fb6e3b96f53820cc0c37f4079e181acf23,b5b781e1640b91ebd7e84a09f298c3ce6036f6412000aafd57174080eea9e057,studenti.polito.it,-54.0,39.0,5429530.0,10460259,AP-AULA01-03,Student
0c07f6a9447762af64ee54417d3f7d27a8702ebd4323396fcf195f3eb96e2a01,,,,34.0,39900.0,5181,AP-AULA4N-03,Unknown
ea82b46a2fc99803ea4f36b5f8319b02b28255b494ade4d90702eef1783838c0,a99558fbd5139be89e7c3044abd4677ea15ed4c2f035f31d358011cd88dabe07,studenti.polito.it,-50.0,42.0,118100607.0,4773616,AP-AULA2P-04,Student
5257bd5b27db5ed1013e827e8b3f13fab48fbc81f9932cc45d0fe8bdd9b38bb3,3a09f6f23b1cd876504dbfaaa722ab59185e856965237fb6a0f4e7f734eee1c7,polito.it,-74.0,20.0,148846763.0,10573652,AP-AULA10,Staff
33f49b93c72cc90f02ffec0aebf6ca681c69cd3c147940ab2bafbdf712d4837d,d1f93021547a3060ac14a3144cd5986e77dff4c35ee214d28af5f3b74de44590,studenti.polito.it,-47.0,49.0,132639590.0,17259514,AP-AULA4-02,Student
1cb7030cd39f3690f8698e2146935e93205846ebaf29775836015f39759a9d65,1e5d8211f211e3b04199c26ffae2c6f47982b7ee0ad2300227d1f18791e89fce,studenti.polito.it,-47.0,49.0,11500058.0,1848165,AP-AULA15A-01,Student
2b531aadd1267ea958c473e628807b178db5af5b6aafd8d27fcff7fcdf4992de,24f217f4e7fbca0f83209b3e99dcd1e68771e5cebda94f047012abdec52c651f,studenti.polito.it,-49.0,49.0,161599265.0,39667127,AP-AULAR3-04,Student
4533176e695eb48921bde83e832e69da146ec575443e9638267363d29dcdbe20,6fbd659a11ffd0b24c09d5858d81d3bab9aa75480e470ac317db909ca8c82e34,studenti.polito.it,-52.0,43.0,274576705.0,212113798,AP-AULAR4-04,Student
973d68d8ac1d11f7d497218b823ad97cf0683864459917437400f9500c96ca22,57c2670a5e69a43077bb2fc3f6f322abac825bdd214e9633ed4386e252909c9f,studenti.polito.it,-47.0,49.0,49669556.0,7648041,AP-AULA4-02,Student
65d95d47349d96bdb90afbe1f3a9936b7c8c83d7bf2233ad0cba4f328abfa460,a039fbbccefcb03fe3d90f6b8e3859bc1cb298987f183a75602229156eff22fa,studenti.polito.it,-46.0,47.0,382887618.0,5939093,AP-SPECIAL-NEEDS-02,Student
477dc1fa766fe55b483f88cabe7d972ba8e0d19f37ab870c56dddef9ddcdd651,72c2d649bb3ab06bca182ace0c0bdedb20b25e07afb22cb7fa8a508fca1308bc,studenti.polito.it,-63.0,30.0,107866657.0,5305154,AP-LAIB2B-01,Student
4f7d9518d77e24d5422e7961e6635b1c3a877d2401f967657fee034663dbe637,f0a1b1e48bff946acfb2ab9ea13fa1b492eabb17fc51407f171ccc18a22f26c4,studenti.polito.it,-61.0,36.0,4525907.0,1019526,AP-AULA01-04,Student
40b8d9e332612b4844c795b3af6f3df3d2a42803910cccc381ac454c6be7cdee,6f5942d1860b977ce18d7a4c8ab477d0174b775a0076eddebdae5ade53c0f300,studenti.polito.it,-61.0,31.0,11187612.0,720086,AP-OA,Student
f508ff39ce033eb66646c7258299d7bb5e0abbbeadf419366769cd89b7894aba,e843e035ce89a89f2998c5819089c043393cd285e6db6c953d751caf19da1d77,studenti.polito.it,-55.0,42.0,1627387.0,386909,AP-AULA4-04,Student
f626fda9747f74f121cdec9689fe9686a951a2e3293cc187865c3f0467a3bb41,0474bc45fa33c8b684bc87d44b104a29faea1c06e44ba925ecaa6f8a49995905,studenti.polito.it,-58.0,37.0,60696804.0,3524597,AP-AULA6VM-01,Student
d69498980519d15611e5a4b2b8dcd9b020926c37413d9fb6923ee1a25b7363d0,97eae50c98cb74a8fa121847ec2feaf0a5f4d9eeaf336cfbd44293a7b36d74c5,studenti.polito.it,-61.0,34.0,268760.0,152289,AP-AULA2M-01,Student
5059b828f66512353771093014dce36f0b61a78e9f9f197093d2bb34feff4104,57ef9c37ce15a174653cf1e91a2b654f2c9c28627f7d704aad84c2ce5ee512e2,studenti.polito.it,-66.0,27.0,64876216.0,589534,AP-DITAG01,Student
740c499e0b2ca8dc7e20d54d68b53b5d9c518cfab49d37d29e7ab2890255c79d,6b9f24718a30a68a3ce6afd56bff49df0507c3a40d77369f8627cb0b6bf3cca6,studenti.polito.it,-61.0,23.0,56512246.0,10195112,AP-CIT-LABINF-01,Student
80d7d2424188adea1d0243f70c3097ad16ec25f3796254f39484ff2008fa948a,aa99766f39a476a36e5290712fa4b41a0cadd743751a6e6499d1babc4ba2df9b,studenti.polito.it,-39.0,57.0,9861917.0,7193447,AP-BCI-ST-09,Student
35f4fc510e3a0978050861301cb1147da8101305df011530cff3f3128900686b,26b44514d2d5580dee59faed8a5ee7c81dc761b829355f832a79b4c807451ff2,studenti.polito.it,-61.0,29.0,7379727.0,915611,AP-AULA6I-01,Student
fdfe7721e6dc8cfb7f7bca3f0ad66b0a496ebaa987f61d01e09f5d1e136a6e99,b49036c73ff24cb2d1666f277c8b35f950769e9fbeaf1fb90be7b05169a106eb,studenti.polito.it,-48.0,49.0,244279921.0,23912406,AP-AULA6-04,Student
0536ef052ed89f0360be674cb5b720e3a062744a9f12f9a62c517e6074dd6b95,72fab0e9188765c953368cc804f420664735d836c2e9ed4de818cb62dc1f3e00,studenti.polito.it,-58.0,36.0,154234858.0,5678551,AP-AULA5S-01,Student
1686d2555e642089b75acd3a38e02260be36481650b9ca1e045af20e8d2ef21c,d3ba5efcfc1c66dbd2640dcabb8e456d41a9328b3ec5a3ec104d6b8295caf4d0,studenti.polito.it,-61.0,31.0,47474699.0,3820945,AP-VALE-BCA-ST-02,Student
3ba5c35a774aded7bd80614d97a1c194630e9683e61f52c7d6e1e204a3e7cd61,1f411dd64e15c2ded7271836b0f6656389c8a244f68c58838e91742b1491f6b1,studenti.polito.it,-72.0,23.0,1497616.0,554479,AP-BOGGIO-TLAB-01,Student
c0ce6bfd8255a135cd6ed1a2df8962f305c0a1cc85c2a95fbd57f136ea843977,2600d54acdcdb1e9b290caa0eafc9370cd2d32288261d1becb029649929314f7,studenti.polito.it,-43.0,53.0,64833653.0,3147256,AP-AULA27-05-OFF,Student
16a5938570da726e7d7a71423f6438d8094c0ff00bc5ba6483b3eab7d32cddfa,25667d47ee33d13760d9f4af0b1075dc92c576f09e9172e706549015ee14fb90,studenti.polito.it,-57.0,35.0,145254.0,173106,AP-AULA10I-02,Student
5da0084e5b3f74ba48388fe5bbadc7f7fd33fc14d1e5925a86ede079c0aad975,72ab6fcba7a40fc608ea857fda3430d8c8661e9d6fe883b55e88eebe5fba4845,studenti.polito.it,-62.0,24.0,300994300.0,12604448,AP-CIT-DET4-03,Student
63508f4df232d282c700c10dda5393de5f8a204f85e3891538cddce6d2059224,8e6777e675a43f2113fe82165ade8334d41519d55940829bab3e21477794c6ac,studenti.polito.it,-66.0,29.0,437310253.0,14084290,AP-AULA16-01,Student
dd5c287a33068778274cb689cc30ede46e8b6e7e87b2423c55e889af5bda5678,97827c077ce319a3ff91027e58ade406c522d74c3720955247f195b2cb69289b,studenti.polito.it,-57.0,30.0,445314575.0,10028690,AP-AULAR4-01,Student
d4b872f326abb1ad83c6f228a9a49e217adf47376e2dfb37a7085960a707ab9b,b10cd0032011024328f781ed1383e6fcadcb09278e94969acbeb561276247108,studenti.polito.it,-62.0,31.0,50113923.0,2480351,AP-INGCINEMA-02,Student
6ccde71b3be3e77bf283ab39ada7ba53bf8e95d160052361d7581291efda827e,b8aade0e1df564780f39a36efd41e9c88a6849807532cce7751ddb812e2f58c8,studenti.polito.it,-57.0,39.0,8016304.0,1049189,AP-AULA05-03,Student
528505b05525a0441bb21dcebe29f853254e737e716e87589c451d354c3532e6,079b3f224e0467a3f154804a40ec391deb7a40962426e445760b7b8e934fba61,studenti.polito.it,-56.0,41.0,139868493.0,13116315,AP-LING-AULA205,Student
606475ac140f14f4c35628841c47b7802f2bd4f5a1db0a8004c9c0b286bd8e8d,002326730d469f1400d47b0a2c2deb16a872e8c66b604dec1013a61056846576,studenti.polito.it,-52.0,39.0,3264204.0,102321472,AP-SALASTUDIO4-02,Student
f7ba216c1c86b28d63425265b9e7a86871a65d651c910d345f5069b3a8d4c5e5,d4594118c3af4eb82d2bbca2ae24a1f5e52dee87bbf529696988411f6239ca57,studenti.polito.it,-66.0,18.0,346635.0,170127,AP-AULA10,Student
f4290ebd92108f10b863f916798f45f57fbec34fc73eca331517501e59b62e63,281708907eedda33a9959edbf39aac7320c50b8c4b57d45915e075426e15b6e8,studenti.polito.it,-50.0,38.0,1805009.0,2099820,AP-LING-AULA201,Student
b5e464fc583445a1241578b33a2ef89cd2811cd13ce8d3d8a46d1b65c96e1bd0,b8dcb199378ecfcf18803b4a88b6eedcf1ff9702ac7c5c60c9d9d17fdd2a26e1,studenti.polito.it,-46.0,48.0,223712032.0,14952596,AP-AULA2-01,Student
1bfda601a3f6aa8b9aac2d1860247acf71787770e0e8ecd37fa37acb5b95633f,16fe7b75f7425f03d6c84674f15a68ad4290d5e2f4337f51e8a038e8ec5bf785,studenti.polito.it,-65.0,21.0,363457.0,458256,AP-DIMEC07,Student
336dbaa560baeed06183d64311901484685d003c2d9a76ffb2ad59e7f03fa0ad,54a8357f55cd253db92919358f168345d7917e4a7a0f4a037d452894eb49db3f,studenti.polito.it,-65.0,28.0,21405316.0,1069356,AP-SETTE-SALASTUDIOE,Student
b9ef7b33fe13484086ec339cbddb0687b13d6ae942c03606c51ca7604ab922ce,ada406f249d427d95ed293e132f382e6c760f80f4ae91e0cb5d788b23e304579,studenti.polito.it,-44.0,49.0,1343806.0,992669,AP-AULA2P-04,Student
5989ad10420b8342295c67199b00f847037f358509f29e0f6cd8346e82133fab,c306ae3d5fa862fd3535bf2d4972db09da72e4139a77408910bd117c15561af3,studenti.polito.it,-76.0,19.0,170575858.0,4609838,AP-AULA10,Student
e66156d154eb26900eb95ea8ac99b734beb939de21f214ece2a1bf725f432c19,c329a49d7192e69562202f26e049c6f54bd38eaccf5f44839ff36d19ef6177cb,studenti.polito.it,-60.0,26.0,703473.0,88194,AP-VALE-BCA-01,Student
e5aac5713564788e81ee3e5d901e59579c9185abcd91f3c0580f2d05a4f225e4,84aafcc2885c2545b1e06f93843a703f030253c99ab3692e3eb43494051e819e,studenti.polito.it,-57.0,38.0,9892079.0,11167817,AP-AULA8C-02,Student
f353f3221391c14c5a6aaa5f922ee1ec39be4fe6407350a00b3ff9f8d042ee3f,520572da1194194e9d7e68179a4178fe94b7f2358948754eca904d1d972bd459,studenti.polito.it,-59.0,34.0,267304660.0,4881391,AP-VALE-BCA-ST-02,Student
f30edd6bebd77d832f000420436ae2217793d4570c0598011484b10468b47678,51f744abcc4c766cb074e7e191717903dfb65853b035b419647dd6a9116fa25c,studenti.polito.it,-43.0,46.0,1246398.0,1540758,AP-LING-AULA309,Student
5f6b561d61438202a8bab4063c4bb264d91c9b6ac947e2528813bc0610aa0a2d,c0f1b4fb9590c9446360c3f9c1bc9c4ccb449a588d9899cb56b1a1cff9d0c2e5,studenti.polito.it,-52.0,40.0,22519452.0,2796158,AP-EXREALEMUTUA-R2A-P0,Student
3b0fca784d81e95535fc61c3b61046e1bffa79e7ba957be8e65444f21ee2aeea,bbd3c0ec190a8ed30448e8f7c2714c51d961d9550af9eb78dc38b00a026fa3f6,studenti.polito.it,-86.0,8.0,240294.0,150059,AP-LING-AULA208,Student
af11f0f67c27912847089beb14e5e55cd70a42f3d45af0903d1c4621c934609d,08b95b2157c98083eb70b302fb24b618e6042b854be9f731c3f78d9dc8cf8a45,studenti.polito.it,-48.0,46.0,19732520.0,14047796,AP-AULA01-03,Student
34d4effd230337dcbc10bb9daa0d2a649c0cb7adb2b8d005688416a71e13a467,efc488a087b639a1ef59d2552f975c8e3ef566b8c215cff1bccec7a01ea54a40,studenti.polito.it,-69.0,27.0,30470841.0,2774685,AP-DIASP07,Student
f153842ae7d24651860c7e9e9062200545e6683c43dbf65aea3d2b25df27cb99,21da4a8711a2ff6463ffa4d3aafc567b5f2692acb6662a1a8b238b9354cc257c,studenti.polito.it,-58.0,36.0,19334982.0,3082355,AP-AULA4-02,Student
7facd05bfb31f480b55f8cff27836fae016e2f83445ce283e97c71db84189e4a,1f2bf6fb60e9c6fb3942f61c3441e90deae6cd41aaeabce63c88e2e0e9ee36c2,polito.it,-71.0,33.0,8527881.0,2288996,AP-DISPEA04,Staff
f7cd0c6d194bffcd4f4aea446e32ae91988dc7dcd7d7c52ed37b5a450bd073da,a816277485df4a9c8e9c2476d5c3e8f86e904b88ec6873a37b35ad950ad59751,studenti.polito.it,-54.0,35.0,53318131.0,4697306,AP-INGCINEMA-03,Student
0b53e983f36ac17fcc92ac7789ca55f3cb3edadb92e100b4a7674be8d7900bb6,8551531e666931a3cfe3ea2fc40322d2ad111dde0215c50f634f8a99f6f6a416,studenti.polito.it,-52.0,34.0,122128194.0,8227568,AP-AULA4N-01,Student
06b2886f6ed348ceda34948b6d453e4cd35cad617c0eab471fecfe812a4412f3,614f88e64d7babbc4437e5a10715de5227924aeac87ac64a79db8ac4326721a2,studenti.polito.it,-58.0,39.0,884359.0,558096,AP-LAIB3B-01,Student
4cbdee89cdfe980a0410da60cfae2089c5d72f88539ee54a1e86e3fbb414d049,14572fc61a526f868eca25a1d200cea92d31aa186c10f797a4750497f8fb6488,studenti.polito.it,-51.0,41.0,6311712.0,1715378,AP-SETTE-LAIB1S,Student
ffa5b123698415a84e7cc0b4ee6471ea0c47ddba8b1f6bf8435ae1a0609bf077,444c5b6fc3ec2c8fc6db991dc4f6e00161fccce9e3cd001f9bd9591133079c92,studenti.polito.it,-67.0,25.0,1644904.0,932164,AP-ENERGY-EC1A-02,Student
b4f6a4b9779cb47686a3d96a08c4f43ee49075033649e2d79fbd442c8c1262d1,991a9fce6bbfe05f4ff43173620bb96bff486e2a832fcb36c27e12db46bbcdec,studenti.polito.it,-49.0,44.0,33549600.0,3913969,AP-AULA11S-01,Student
47bc97ca780c6e38d82fbda8eb525ffcc96ae2c06bac0341f0228ca32eb38c71,7a7559286ed68315876f004f72d9415b7be659df89ed45c24c00f3303592326e,studenti.polito.it,-47.0,44.0,5370799.0,1126670,AP-DIMAT04,Student
76a992309fdb7bc95e368123bc8e3a6662393ca62e27663791bd50d5dfb4c437,87b133ef3d4c33dd221dd1e2407b21ff0cbc7715a9b1ee39482431daf33ae11d,polito.it,-63.0,30.0,427455042.0,32445866,AP-GESD1-01,Staff
435fd7787c2ade357e08d0b0061fcb1141f663398f8f255c4fbc1da3420f4f4f,9119d8b99cf1a9dd294def0ebb20855a5caceea4826c69e4432bcfe267b6edc9,studenti.polito.it,-52.0,38.0,4435334.0,101811283,AP-VALE-BCA-02,Student
1acfca81bf831ef542d28ea6bd19042704025838329aa3b18c0bbebc3efd7667,9d84657f0f480c35860d116939256550c4e5418cdab3d1971d652e35e6d6be04,polito.it,-53.0,42.0,11378325.0,1099179,AP-DIMEC02,Staff
a41ebbeb8db4ad01ec8eb80f4b16a9ab7420ae5dd6c6616b17fc1cb1fe3d5516,01bf60c75a6c5481f85c16d7fda47148d001f2deb6c6c8fe0084aa15a5a5c00b,polito.it,-67.0,30.0,257005.0,177962,AP-VALE-DIST-09,Staff
84298ff28fce20d9e3cbb44f141c1f0a317b5cded750c2f28802ce207313c674,da491be38fd948da9aebeb5ff9bfe8331d05282339d2a520f1bbdb3435218e2c,polito.it,-67.0,23.0,9925305689.0,218529981,AP-DENER09,Staff
06e98552b6fb910bcb817160563fd676cfe86add9f1c0dd9a922bfd28974e81a,ac68453e8ccdef19aff4c5acfbe867bf3348e2448628bc0cb6f3c4c67bc20080,studenti.polito.it,-49.0,46.0,346177628.0,10638111,AP-AULA4-03,Student
e675c48fb0e21411b93af197dc4cf3422998866bf85c11ae8b17208faf9008c8,8a98b29b37098b77afdd01048d8ce21b7c421c5bbdf5de81abd6917b471873d8,studenti.polito.it,-49.0,42.0,230050445.0,73209461,AP-LING-AULA303,Student
46af1fa519918a8ed0286ddab44a4aadcac555da12685b69ffdcd7bc808c8d0c,3f8d6e5b65f9899e335b61f1c183999304f4d4406c5e4b559a0dc6c5ed057439,studenti.polito.it,-37.0,54.0,49882894.0,11237410,AP-LING-AULA303,Student
1d07a7fe456aa0f24b36e67db276f1200190e0a907d5c2fb47ce72c5d9801f73,c3a4ccb05809ef2b03dcebeab4a3aa4dda4c4c06be0cb5238d7112bb48855cec,studenti.polito.it,-49.0,39.0,8360749.0,2842556,AP-INGCINEMA-03,Student
350e7605b527408718be5b4df36072efb66f8c32e50a7c3134a6fea6758b4adb,5795088623f1253938c32d9ab2e8e3fe39545346db90bd0abd97989c96544a19,polito.it,-45.0,42.0,136335704.0,25414973,AP-DISET-02,Staff
35924ccfdcba412b3ee8e97b6b99d5d98c50b59f6a33341d78079e2cfb1d7a5a,7e54d37d0b2aa5013609ce35c0778d713f7da0fb8bcff3bc691376b395a2b027,polito.it,-57.0,34.0,452215231.0,478029054,AP-FISLAB3,Staff
7e085273c71ab314502e489f38cfa9f73f966185df86a5dce0bacd125c6842da,3beea6c8bfcfc3742489fbd2f800416afdc2e90405847738eb10d5d128c45f61,polito.it,-56.0,40.0,680846955.0,66283492,AP-LING-AULA205,Staff
74ff1ab0e926c1a5e6345aa03895e76b62787149a8c019f8fae41f1c0920761e,0dca0587e496ae8c93512bfb22b7eea39c2b697c80356ff81fae276f49a9650b,studenti.polito.it,-72.0,20.0,148900290.0,34434398,AP-SETTE-LAIB1S,Student
6ab4bdd7ce74f28929bceb7833ce4e278df7f3b685db9e9ab467bac285d144ab,58bf63dac9c3e9f48c2339c44203fe054b8f17fb658778620110517f4e64f2b5,studenti.polito.it,-58.0,31.0,33899193.0,1787576,AP-AULA5D-02,Student
b56e88820d472e9366c91dae2298794b6b45791f9b5e7c2ee83d0ddc5b5c8dad,86a4f594ccac63a1a2802ea5f5b84330c8958e29df4248b7f63ce93c37676064,polito.it,-66.0,29.0,3319081.0,1313091,AP-DIFIS06,Staff
269889408117fea45378fbb9d8a6b5a5778f29cd5014c39dec41b79620bdcee4,7af6eaee7376d28b683f7d57a3c81090c570cf7e4b8481727531a4341545388c,studenti.polito.it,-48.0,45.0,2495195.0,1899446,AP-GESD2-03,Student
f3344385ba7e22d64652d9ffcf7704a7a8bb32c54f8370d6724a10892213fb12,007a7734e3749ba38c835e758e8b19eb6f4191330e69a6052f808b0432b14d92,studenti.polito.it,-51.0,41.0,332096234.0,13166703,AP-AULA3P-01,Student
08bcdec446c42fba54aa2fcb0dd4b1448e27189b2043e256b57a09a0a5f7ffdc,291b4d50a1dbcb9a0684c1226d5973d02dc05b37dadcd16904b998fd18c22c4a,polito.it,-57.0,35.0,69423938.0,78956496,AP-LAB-ANGLESIO-04,Staff
4f8ce5076e36b54921a3fe077ebbb8f86f02b7e62ef0eee4a2ef3af04c652dc9,47d36bb71bdb78abd07ce50f452c8e1a30366c2c3d323cc68bfdd4fc5ab09844,polito.it,-38.0,54.0,1510172651.0,5204428457,AP-LAB-ANGLESIO-01,Staff
25847795309d4cfdab85936c83a93cf318aeabbe5a43d51224ef0a82be844bdc,a01e168467070033bb5f49d6e4b8bd78f62b7c20a847451f550c59eefdef2297,studenti.polito.it,-67.0,22.0,372187628.0,24915591,AP-LING-AULA300-2,Student
dd54a735f3adb4bec94a923c2ade8fbc858449210b75e929e679d9b446571c29,f607bee46f1f78d6fa6c75a293e152b995b5453f3526d2868359e7199f4aa190,studenti.polito.it,-69.0,20.0,18279089.0,2136047,AP-LING-RECEPTION,Student
7e6cfd7d83078410deca879565304a76cf259c73fb0215a9ac2cb833c46da0db,d5b29b26c00b1a20bc4ca91e40d3cba2b2bc08926da428380094ccdefb34ccd2,studenti.polito.it,-75.0,19.0,268387548.0,165669577,AP-LING-RECEPTION,Student
933895bc949c1c717cd44c37e8b398e36051c3047b438a29df8a45983b4f30b5,82741d3da8fedb1f1c44d999b28475276626667e07d0254049eb06f2ef56af95,studenti.polito.it,-46.0,44.0,14026724.0,4735219,AP-LAIB3D-02,Student
384a192e916195c9341f36fed5d8af7eac06ea4d000380b8578b40fa626107df,0b89dd2dac6d8e52ea396d528ea142801a08a2a2b40520bba2f2e725790aeef9,polito.it,-58.0,36.0,463365316.0,506033319,AP-DENER02,Staff
ad1e634458df0c6a24ad7b85ee81f3a0b72734dbda7c847d736c75616cbc9f61,65da21e6564ba7a7c19c448e6e6d779e6ab7fc27a91947cbd978911c419b19f9,studenti.polito.it,-57.0,35.0,685550653.0,8909253,AP-LABDTTF,Student
6d937a21fe9fe943c19cd679e2b010b17697bbcd4ddd169a8e6efb636ef8a3a6,64892b881550a9918800f8152da2dc0a9305eb06bb1ecaef3599a5b65a55fa94,polito.it,-50.0,39.0,81500784.0,651236589,AP-LING-AULA210,Staff
94b004566826f6e7337c4186e18b725f8900bd35d26af39c36422b96a394979f,e70272f79d8e5fc27cf1246a1e691edf5851c7ec81e4e6fb21a0ea0f4ad66319,studenti.polito.it,-70.0,20.0,36000410.0,6985011,AP-LING-AULA207,Student
7fcf3d04aaaf722baaf12bb5d23ed2117cda4ebed66155dd14f1bcd0dde84b37,04930ed30519a915e9d6de6f556d640df48d82e534c31b720f2dfe1c23e60719,studenti.polito.it,-38.0,59.0,116673984.0,12900587,AP-AULA1S-03,Student
9b862ed8f6f4c209cd91e55be7c2764030c1493b3ad8352e450107cf9f6b9de2,f31177203d5bd09220f86568fe34dd36259db102ce80be388fbc43a6d9dc1b1f,studenti.polito.it,-55.0,37.0,12278066.0,1718314,AP-LING-AULA207,Student
65aae60d2e99f8d3de5ffc8fb6f52c700f783b3c5776101e60e7b9f715669e89,920e49fd5d433f3e1a476c36f1e9c36358e3a9a77f8403800ee5d0d041a427ae,studenti.polito.it,-78.0,17.0,8651.0,8218,AP-VALE-MOLLINO-02,Student
5eec65976ac6f963c52a35002f4a97a1beccf984b93dd11303c687f81e4d2f31,e81178daf0b71de3152d5877151640de89cd0e22e54c29ae68ad12f6e628c25b,studenti.polito.it,-59.0,34.0,298708939.0,31455127,AP-LING-AULA208,Student
88f7e1e12f66f757b1e706e173005d2514a8eb80be3539e60f02cb785395b7a4,a0d3c1052b05dbbe2c4ebc526a7f7536d749b9a95830f13349ccfc65468d59d0,polito.it,-79.0,13.0,36815.0,895475,AP-DENER09,Staff
b8040aa64aaa52129c20c59b27a46f8a600fed7a8d9fea8d1425f7f3beae90be,609b8204eeda1e2a8a3f548c1b410ef6a3420d1348fc0dd04cd14598ffc0e4c6,polito.it,-52.0,39.0,143359669.0,9303417,AP-LING-AULA302-2,Staff
c2898e7a298219e550285a019968ecbe0c79e69ab68ee1c1549b3bf9a5383f17,bbdbc530204868c119914f7753e0e0ab8deaf03cf332cb36d457cdbac4df9c0c,studenti.polito.it,-74.0,20.0,137854728.0,32047112,AP-LING-AULA201,Student
27ff4d5f7ea691690235792387b48821436ac0e65ce119d0a416d572a04506c9,,,,21.0,130.0,36,AP-FISLAB3,Unknown
fc387a0917cba4147194bfe138cbde140170c1756c837b3a046472c1b5f3bdb8,c20962ca2486fe9acb37bf413463a1e039b4f3c9cc6d555e1bd8c21664f952ef,studenti.polito.it,-63.0,31.0,33711488.0,6091727,AP-AULA10,Student
b7956c475a04488876139ca3a5654d9ed58edd1fded124066c02523913a23cfa,0c67a561ee1d7fb8b9192446104085e0bc3014286da4840afbedfaa7805f19fc,studenti.polito.it,-57.0,35.0,57565198.0,26636377,AP-CIT-DAUIN4-03,Student
ed3ac20a51864ab3cbebff361f3a8d927799e41cb5bcccb3ac2e1444bbf3c293,6b69337b0c3537867e1cf9d75a8e5df1041ac7a23c9ceea0e3ae790158c4e721,polito.it,-42.0,55.0,29312454.0,6993396,AP-GESD03-02,Staff
366b7d948722496f3327207fddd945f6f0fa24690ca26eec7a5cefc6452ada8c,5ae8055cff1949358e36c5a17e9a6a4add93c3185777c544f73ddeb3768e6d89,studenti.polito.it,-59.0,35.0,107201655.0,82208144,AP-LING-AULA212,Student
f3d5acd484f574fa36e5adf610eea0d2447d22396b6a0ff720fd521f246673ae,f975425fffb7883fccfb7c575522430f9b3fc422c6e6a26681939d70886fa62c,polito.it,-64.0,33.0,72407617.0,21221754,AP-DISMIC17,Staff
b571b3ca5acac89d3e92466871d268ebc8c679af4130a29b8e2541f33c0de6dd,8c8c1923808cb6012a2a0ce2b56875d6b0cda2b802fb49e55c3b2c4ff46c14df,studenti.polito.it,-72.0,20.0,394482.0,144278,AP-CIT-DET2-03,Student
30376e4bd6a9f02f0bb9f165a1cfeea71978bb18b000e5f06c5e5f88a7a29a6b,3eef8e22f9ce30e6cee7644badc1337385691aad46d5623a367a9e8eb906c55a,polito.it,-55.0,38.0,8918667.0,1956151,AP-LING-AULA301-2,Staff
e990b86934e7a791a76038c510c5d57bfc6377472f54284177ee43febb5ab181,f86ab510bf9595196b8754618bbd299b899c5eaf7582dbd34a8d73bc95d16d77,studenti.polito.it,-90.0,2.0,1579623563.0,12882881,AP-SETTE-DAD-01,Student
65282bfc24db84f3a0ae8c039f7caf4d4c95f6de332bf9b7b91d4cc97cf15677,7ff8c87481a743d7fee9a9da21f61389d4b874adf11b1f25981e6ce541a80d9d,polito.it,-58.0,36.0,14873196.0,7044881,AP-BIBLIOMAT-01,Staff
98343cd4ba43b9fcf221de7d2646ec5109934f447faaf77c551a9a1365d797c1,50bde968a2bf0b8bb5f09b49762f1ae2c869bb2359ee63c49b2e747dae477e17,studenti.polito.it,-63.0,26.0,465486843.0,137415354,AP-DISMIC08,Student
686bf582678fed80d61d584bfe2dab54e26a24b91c59aa543b5097337bf3331b,1a1980c6e502c8d242f06e643d2ff1f15b8cf95470ac33e50f0ab51af30316fd,studenti.polito.it,-60.0,35.0,1075522415.0,63519216,AP-INGCINEMA-02,Student
334e8e5f7c0a78e71b1736e3d2128cad3655f92b35f1e191711b68f6648434b2,76b8fd9110dbf0cb3e75417530b9de015a095572124521dacfb6e3f263bd68c1,studenti.polito.it,-59.0,33.0,103715100.0,19823532,AP-SETTE-SALASTUDIOE,Student
0292b668340ecc50d40b85f903ddcc29d72921060ab817827be8b79b80e80f05,787560a28de99a0336010fa375d27da1118b37a316fa7211960d1d5615e1aaaf,studenti.polito.it,-49.0,47.0,6428363.0,1675655,AP-AULA01-02,Student
0616ccaff2378e4af45b7a8f1994c848e7478d9a2f306b015ba2eecf6d94f128,77ea1396046ec66969b64c11e9161ab1451ac00a66da4ee9d06beb00e378e246,studenti.polito.it,-54.0,40.0,18563651.0,4483263,AP-AULA6D-01,Student
b3a2b9ee949a87c7b898a17ac85b8909008fd3c8e7f93ec82508d1ee5a1931c4,fb1b9fca344a456f09f6b1f4c679bf0d2a8c6af3055bf110868e32769078f03a,polito.it,-61.0,32.0,22614961.0,16380402,AP-AULA01-02,Staff
22aba2899107dc289762fdfb467ae55ec3210b82c7a8bcc65b8128a54e1436dd,12832d9b6493c98e9864e1c752b5927d3027b7ce828dd012523ee78016073974,studenti.polito.it,-54.0,38.0,1103934.0,467780,AP-SETTE-AULA13AM,Student
81f36ce4ef593d8d4dfd9c13fa7ea7ee612c7159e2d1064db64d15b142641e8e,83a84e065d571a43882d131cd89490d51ab82f7d1cea547d1b33bca41d704dd9,polito.it,-56.0,35.0,104413390.0,18268415,AP-CORPOZ-01,Staff
50ab96c1966ac738252a38f6e2bc65fe77d222a2ba385d6164de28714a330c07,7b4cfa5410648ebc1c1cc1004936b749d46df259f455788ec1a5cd162c702e85,polito.it,-57.0,38.0,262658114.0,37893401,AP-DIFIS06,Staff
96f1a4b5f91ac75edcec6d739a296b897e1259d7e218c6240a4a2f004906468f,16fa492f7aecea95f42d905551a21e01d1b0cd950bdc0cc49c18fe38f59c5e46,studenti.polito.it,-46.0,44.0,13274776.0,4166737,AP-GESD1-03,Student
6708e79b39f6fb346cd6cde0a9d06eaa0f52b40620314bc002c0c3d9eb00d72a,95a74dbfd249bb02a6910e1989739718579876f5ff5c89ba3b61bb7b63c034ba,studenti.polito.it,-47.0,42.0,8006041.0,1426250,AP-AULASTUDIO3-3,Student
87ba299ad7852349bd285563b624f86bac1e1784166bb64f1a0b8dbea8c7ce17,394ecf3f9db6ed52132cd2f2779d64bbab3ab0138f1089bf732cc8e93d6c0894,studenti.polito.it,-54.0,26.0,31274074.0,2794864,AP-AULA3D-02,Student
ebcdf15893dbbfb3963eb91d8ee41562bf594469cb4ee25c664f6b320e9342ae,2aa0f67a4e2b383a054cc0b3353e52923eda2f87cc6b9a956e2960bdb6e43f46,uma.es,-55.0,39.0,8750309.0,1554065,AP-AULA5I-02,External
bef0aac4fa69e74b4b6c7bebc2a4682dfd79858488751c1a9ac443c6d75fd418,a5ae976078622331bd76031cb713768af3e9cd8c63bf12b7858169814f47bafc,studenti.polito.it,-33.0,18.0,275673559.0,8513178,AP-AULA1M-01,Student
fd8f843c96b03ff1258b528ea11fe2a980808cbe2083bd0c1699285d70ddd0f1,81f6ccc7c299c6482683e9f4646bae2d15f2b1cc1fb6bbbdba92b15ddb5a8ed4,studenti.polito.it,-45.0,46.0,8168554.0,1872188,AP-SETTE-AULA04AM-2,Student
abfb92d347cbd15f99cd646280d293737ed18ad9b3d3fcddc1e77dd4249b20b6,cfe0b6fa6acb6db78de1dec9f1fb3b3d1354d775fda6e398cdff3d2a16f394e3,studenti.polito.it,-61.0,32.0,274241050.0,376758931,AP-LING-AULA308,Student
14d74b25e82f16dbbc325fa7a2cc6b6652c8271fb7a6fe0c7a9261456731bf91,f547a74b14f6d5c698fbb327e208e08c2ea28c47fb479f2ab2b5727cb418d36a,studenti.polito.it,-63.0,31.0,374803.0,208247,AP-AULA2T-03,Student
e8c909679e8aebe15943781f3ed55774e2c73dde32081d94d90fab6d183afea1,5571bd9d20ee1d348524072ee9c24b3a6a065b28cbc4f7a4bc39b5425d6b460c,studenti.polito.it,-57.0,37.0,482831406.0,35772988,AP-VALE-BCA-02,Student
b26f2a44331d47fc4b86168b8acca6aa07ab135632093a31df295b1997a72d8c,b9daba1ea73b20dced75b02a3ffeae1c4fbb79458a0ac73d2c913266031c1ab0,studenti.polito.it,-61.0,31.0,5464349.0,774002,AP-INGCINEMA-02,Student
f49302689226fb1646b8c83d462b3bd60d65a4d2023fef534a6d3ac882ed4f5a,0f6b540838e5b0d02f3ee18303170c686c6cc9d08ff6fcdf46ab8af0752e0518,studenti.polito.it,-60.0,31.0,24005683.0,3057154,AP-GESD2-02,Student
2e71ff71414d61c355afda5f2de792f636642234548f789dd3f67fcab34190d9,da232ab2217f69842628d61f46411970fcddb774be8ca9686c0239fc7ee1d047,studenti.polito.it,-54.0,40.0,55722648.0,12501186,AP-GESD2-05,Student
4137abac3a634c599fae5ef6c748d57c46b3a3d0328c3194b1932cd8bfb4298f,90171cae345c9498fc2d67d1540def36c54f41702e6801ced28379b414127c4b,studenti.polito.it,-57.0,33.0,367429.0,194124,AP-DITAG01,Student
41aeb69c65a13fa83924e44b246ef8af14ca9729726fb232f7b38fb21861a8ca,a9bfaac57e8469645a859a4a63c995582d6e57798cae956afb90f5768b4ba8af,studenti.polito.it,-59.0,34.0,1005426.0,534414,AP-AULA2N-02,Student
f34be155e2d3b5e055a825059a1a90f7ea23ebc16080719d6cd59a7bebb72bad,02ec1136d61a741274c493cb53a2c812c1817f2ad9027f1729d1b76cf6a8c774,polito.it,-59.0,35.0,642899.0,521417,AP-PREP-1K-01,Staff
bf36545a245971ed675bbf6d96f6a32cdbaad60b2beba13384bfcb522bed9b89,11456df38e50be3f0a703a3fee4bb8f10967bd01d4ce787b9b53e72ec1f0534f,studenti.polito.it,-71.0,24.0,315646521.0,33887616,AP-VALE-AULA8V-01,Student
46441fdb1f9cf0505c14d07065242759614567cb09412d54b346b78fa42f4a68,5c68aa1c864cdc003b4459e569e43ed6347e2bf47707febd62f726e2aabed681,polito.it,-55.0,39.0,7596075.0,1325823,AP-MIXTO-01,Staff
cd3265e4425b4de033d6f96454edd332db8885c720afd78e23353f61fd3e5b0c,1f12f9e62597c7618457954a8bb4c2fe49745f869572263e216393a8ee297964,studenti.polito.it,-55.0,37.0,1155943824.0,39003397,AP-AULA4-02,Student
13d22523297b817fe1cb0d1bf7d43a6fc111d1f35b033facbd4798256ec309bb,cd5f4d0e3186faef9a63f40409fd5570f9b88c405d00278c21c384c5dd6e98f1,studenti.polito.it,-82.0,9.0,386977568.0,20881297,AP-AULA2P-04,Student
39544caddf9a5164257ff561f328ca2e93af64c64c1a3dcf1b4718732920c9ea,5607eabb6a525f379718de2f9577640e3d4b9065fe84f3cddcc19cfe35279a52,studenti.polito.it,-51.0,41.0,874185.0,499233,AP-ENERGY-AU03,Student
273a2d9b0134aa389fe4102d06e405396828d98af953cca378e87e3afca2d08c,a640d8e2d842b741435c23f3fccf747c05425c600901bd774c73e3117e428aa4,studenti.polito.it,-52.0,37.0,4327193263.0,284702566,AP-AULASTUDIO3-3,Student
4a83b52d49a02e294c112c96489ea5b2902d1d85156a4f404d817c8256fd1f81,b6546897ff43a6f168dc061fb955caf12b88efd3c67ca72705b62c0ff508ac46,studenti.polito.it,-56.0,36.0,53934404.0,14403933,AP-AULA08-01,Student
12b200ef8307695a311a8b97d2b10457ebfa18b9dfe7e5e543152dcea20dbf07,13d5ff16bcdd06ddd519665565366da3fb7db7c8d7b88f636671c6c5bf665579,studenti.polito.it,-49.0,43.0,7765728.0,808801,AP-VALE-BCA-ST-02,Student
b881cae8140be5708c38b19d74a24b08f70faa646e1eb2208e1315a38e793ea8,3a9111d01e70a8e533891978a043e833ae7e80b0a4850052dd5ddf3a2b7bee35,studenti.polito.it,-53.0,41.0,484520161.0,37282823,AP-SETTE-AULA14AM,Student
8fec5f4c7ab2440c1eddfd89e2bf27e2366f37900d3847fc65458bee3d43c28f,db1d1a3141778b7e385131e21d6333b536ff757888b68493084553836edd0ed2,studenti.polito.it,-64.0,29.0,4247277.0,1336403,AP-AULA10I-01,Student
81d4675f4d24122224754c736e31ae630c231a2991e7320a8f48fcfb33b5534a,c796eae509c06f211012fa8ff6d0c26f5f21adb61648553156c04c47edcd5c6a,student.tuwien.ac.at,-82.0,16.0,22793353.0,46400645,AP-VALE-AULA4V,External
7833f6457737ab4ebe7279a50a4200bd113759e7aa54875e3be144d00043ce2b,a406bec28fe870699b9a3e3951c07820b258973caa4922646d28a3f96972eb1d,studenti.polito.it,-51.0,43.0,166489584.0,63651402,AP-SETTE-AULA11AM-2,Student
535b20126373ddb129b1f8d58969f7c5f7fe5e78424a39ae4739981b868a1aed,e8055ccfa9956695dacc841129de54093488449e5e12cfc1532f2b0d3dce52e5,studenti.polito.it,-46.0,49.0,266299366.0,4877533,AP-AULA16-02,Student
60954677888900376d062641c09b54356843c0948bf0e0bf7db62db0991b5b70,d815f1476bc0ebcd5e25d6d38fe9ee638a1bd8de2062557a937f321ff09372a7,studenti.polito.it,-52.0,38.0,343759.0,246596,AP-AULA11B-02,Student
368a4b1e79c75416fb7f0c4bac127572dc1734280304aa71ecb7db3657f0c58c,b95e452f2801084bfe550986cea198850f4e3f0b581902650b8163fdab96241f,tudelft.nl,-54.0,42.0,70192456.0,10119590769,AP-AULA29-04,External
bae718d56a6123cd5c45a5cc605b62565b4b6b3f0b340e2d617d8f62fbc8f3c4,2bece7708e56d872e85a7f045b612126cb6d2d63ed862717c3535c86a98904cd,studenti.polito.it,-60.0,34.0,21095708.0,1605859,AP-AULA13-02,Student
694e9a78e5e88bdcfbe5fa28b8777c3e3bda0f834655f47f9b875e3e11a5a9f5,567b0769d5d9e6c58dee3847f291894beb61f8380b409de2832987110d2b889c,studenti.polito.it,-52.0,42.0,117543.0,35693,AP-DITAG01,Student
348c9e48ab1e6737251221039b33380ed3db8fc8c65b3d51370f47eb42efa5b4,5689cb648ec70ee24fa25233da58ee49dfc6653f484babce9241f3b023265bc2,studenti.polito.it,-74.0,17.0,53590121.0,2489475,AP-MIXTO-04,Student
d77ac3795aab1e7adfa51ec3413c15c4aee0363cc90e81ad7891658c48ba70e1,94cab26518ac2364524df65deaf820c7fd3db3f0c44837e688666d8986e9cca4,studenti.polito.it,-50.0,47.0,43057842.0,5600546,AP-AULA7S-03,Student
1a480f10c44f6030377b0390b73672133e8386ac2ef05719f2bfb375f7f7f9c8,08fe6dcb376bbbc9a0366f0c58618bda30757bb0164ae05cbd3499cd89bce2ea,studenti.polito.it,-41.0,50.0,37179587.0,3208458,AP-AULA2N-02,Student
8ce5dcec150d984ff51a93fa1350d984b418f182462893b39f8a8375c16d8e3a,f1881fecd56339a5db93b3904e0bd3f0e22db28d4ff64432b23610317e0fce61,studenti.polito.it,-78.0,13.0,22759331.0,2974016,AP-LING-AULA300-2,Student
caae8d71c9ec99550d295e025a83ab3ce017fcd8663fdb6c08840e68d3738a23,4d34929c5945dd40552af5bbb37591ff1e7c5cb68e20cd92f1994500d1468717,studenti.polito.it,-72.0,21.0,3528673.0,1488518,AP-AULA3M-03,Student
74b437053463b666462ab81e2e7aeda4812a9ff1f08c295d4dc1e5901de685cd,6a98fd24db219f93fcbc30cf23675be6eca7a23d3eb226d38fd36396a71b7570,studenti.polito.it,-71.0,20.0,83849037.0,11656764,AP-BOGGIO-SALASTUDIO-0,Student
9fb01dc50f83aa2999e88deb22b38bda4ceab758915a9cfe635353e9318d460f,34cedf420aa6231b8255a0973fcd127d6c11db996b21c9b4156422deb872d70b,studenti.polito.it,-61.0,31.0,393544.0,226920,AP-AULA12I-01,Student
d8bc4d4f3d25ef5c4329315a43e7ef2a62fcc6d926ab45e1f514e1f9403e8fd5,0460edd7e26445febedc345d06f2fa230e09faeb63e7f50e549aed4f3244ae55,studenti.polito.it,-51.0,42.0,33271345.0,2352948,AP-AULA5D-01,Student
cb5b467576a37072d0b209ef82fe87a404b5b4193a978653a6468be2fd8ff1a6,b4a4ae257102803ead6350e6fcdd064d837344fa9a5b7d843dae4ac15e79c801,studenti.polito.it,-61.0,29.0,16781355.0,3056867,AP-AULA1S-02,Student
f638162e16f11076cb264d8012a4d3d326f8bcdab1577aeffc35a4b1aa33a3d1,943ae588fe514dcd520546959b23fea900cdb80ca49eed70db12fe7373fd23fb,studenti.polito.it,-51.0,44.0,12972723.0,3751178,AP-AULA27-03,Student
62d68d3f9d7ca1702ec853eb8fbcec4b13e3a1ce93c93c94ef4a6b6810cce9e2,e5d96763cf1c78dd2bc0659778f31e9e2099cc1af3babe9b7b2fb6c2c47b892e,studenti.polito.it,-59.0,34.0,309910663.0,4277686,AP-AULA27B-05,Student
518717a2cdb77b2b17fd7f387793f7a9d2f2d80de63253bb8fab23ebfeafb3a8,458021aee8f4c0d73acb70b6a9d4c53f20495a948fb9f43bd6324a6ecdb4d067,studenti.polito.it,-44.0,37.0,19851.0,8316,AP-LAIB3D-01,Student
27a26a7378b85445e9399911301b97ead94304dae67812ceb476a63ab911ddc3,5ae8055cff1949358e36c5a17e9a6a4add93c3185777c544f73ddeb3768e6d89,studenti.polito.it,-59.0,33.0,34295385.0,319096097,AP-LING-AULA212,Student
e30e6fa1ed5c4e1fef6d0d37ef24ea5a81b0d6e7bc9915bc309e6c2d61dc19ee,09105de6cf67485df9a6029524e053d3f4b9c02b195fc78d8c4e8107cad0a455,studenti.polito.it,-54.0,39.0,148797140.0,8544572,AP-SETTE-AULA14AM,Student
c1c3866176f6896088ca0b4cc9a8b1f69e4dc26e836023c08ca1f5d61d96070a,bd3c35b7cf745e314e51fc59820845991cee6e9f3f197807f165fbac505f4adb,studenti.polito.it,-64.0,30.0,33103570.0,4087138,AP-CORTILE-02,Student
e2f082c0ce3095d5413ee8664fd1b035bafa153f99b23081c067a3560416bf5c,a6df60c7b0d5d53cd5b8f5b2eff3076590f5300e9676efdf5a0ef29cb4780929,studenti.polito.it,-76.0,14.0,918559.0,164525,AP-DITAG01,Student
78d7204636a76d80e53fd06193514f4143eeb043e2ed1b11f2c13424bff823e2,dbe575b3a61192ddbe483431c528850f503134d21354831a5834da6d278368e5,polito.it,-80.0,14.0,75333480.0,18544931,AP-GESD2-01,Staff
b078ec7ec660981e8448023ef0c9f3344d97c6637e214e5c1b867ad3ce390cf6,d57a7c7a420276eb6e7f53949498aaa096de642681dd2818e3a6a58196a3b2f4,studenti.polito.it,-55.0,40.0,5207315.0,2608795,AP-LAIB1B,Student
7b6c44a2f5e1884531a2db3a7731e0a6deb73f5efda01ffd0773c07460fffe54,0333861a7fb01d6cd3ccda665d4476c84785a56d6602d511ebb17f786e423e34,studenti.polito.it,-57.0,38.0,776884.0,561567,AP-AULA6-01,Student
fb1dc2088fb139af601ebe143d9ad42da264df1fecef282895db2a3a9b50ed94,4eab09a5c03db8b0cba1339d7800be5c4202c6b45019131e37ebcb71726c95e5,studenti.polito.it,-50.0,42.0,88475648.0,9347710,AP-SETTE-LAIB1S,Student
d3638f078bef4ce638e1da65fbd1509596b9618e8aa472b37619169fda80299a,510a92ef855014ed9fe2b4358d038258741446af58569eb6a3579e1f9cf4b913,studenti.polito.it,-76.0,17.0,16672923.0,37446191,AP-AULA10,Student
e99554e3e68d7e0b32474cb1e1df1afb8a913891ed4f7eb99dd7383407533522,8b54680094d9d128b3f35209248a8264cef4242ef3a9e8ffabd5c60320c9d3fc,studenti.polito.it,-56.0,30.0,2468773.0,10038755,AP-LAIB1B,Student
744ae15bb6bd5b361372fa3361a467f31d4b58bc6e0eed7033461cecd61a0798,a4631643f4953df5a71fc90e992c23723e4bdff4a49603e28d1e20972530539a,polito.it,-75.0,19.0,3693646.0,1708122,AP-AULA23-TM-01,Staff
4e5f7debb0157f6cce9da785ca3a3533d0eb18a09f964f925f2f4fbff2a3bf1e,92771a85d7deff63dc032ef550227ce56b93acae3463b33df24d94235e29f4c8,studenti.polito.it,-51.0,41.0,141855490.0,15173065,AP-AULA11S-01,Student
d5a0328c1269563c48fb83b79f410bf657a416a502691cb463ec661aa914e629,53a75cd243707edd5247999887356a5f44d03d4938cb70bc216f3608ee82b6ac,studenti.polito.it,-71.0,19.0,147066.0,123222,AP-CIT-DET3-03,Student
49bb7d5aee3c3de1b57b6e01a947d4025a3a8c2b7cae85b6ad646eeeb7896ce6,4c1f08fe0dd6641cff8df470281dcf7bc1fd9d61689d36426e198f2dc62810db,polito.it,-57.0,32.0,1084620738.0,8848864,AP-AULASTUDIOR2-01,Staff
acaadfbea5ce247b24bf10d3d5de786f3cf62f8d9459d5fd02e75bdd1a9132b0,fb0ba3b135000432cde13151836695e9c82a7c431befe70c4dab4c535c734124,polito.it,-53.0,35.0,13995258.0,2455303,AP-DISPEA07,Staff
3fe2412d5ceb46de050fe9e2c0795e7eff38febcc88a584ddc6c417062f3b58d,1be888fbfe78194e0f2c1f1b539ee7536151d1b0649845274c898fc01e5cafc6,studenti.polito.it,-62.0,26.0,3234575.0,859488,AP-AULA6I-01,Student
1fefe424d9859b9dc2ed90eb2e673a5e169ee87afb44a2d83e1a90540b97353d,d0b1f16aade3cc455a4665ce9bfc2a14f74224d14faa87d47b0a981e2748e8d7,polito.it,-47.0,46.0,2458197.0,1354142,AP-AULA27-02,Staff
fe36aeacfd0a78afa50d871ca37ee1fa3bac42849a6b2c96da5c0b53f63e5b44,ba0af0a693eabafc9f17d5e6cf14f6cc9661f4f220888ca8f85cfdce60ae2569,studenti.polito.it,-53.0,43.0,66630532.0,3934515,AP-AULA2-02,Student
146feb32808b69c74a27dba0c728d66153d98f78ded76e581d4a24659a559a87,ecf700e206d2083a738eb3f5643742f8e6882b23e2aed1390706b44f7917a2d3,studenti.polito.it,-66.0,24.0,341099852.0,26646955,AP-AULA1I-02,Student
57f9f579546f3fbd34b90bf9bd90fbc83ea1d06dc9faefc358b6476d3c2733d1,a028712e0f485f559e59f959b2a2830ab0398ba3a0f3a0bc9741dd9769bdfd9b,studenti.polito.it,-58.0,33.0,1083064.0,665862,AP-INGCINEMA-01,Student
e55867eecf7541a1ec63a742448932770b9d46667e0ec5709877f8f0d7761cad,6864dee3163ad00d0de3d72f763f955df14081d794be79642302fb4f6a8ec6f7,studenti.polito.it,-50.0,45.0,11205096.0,1705409,AP-AULA2-03,Student
e7d9b2414f6b793dcabfde00b6baf6c08f3149b803cbf8b28a23b4e584645433,32d959ca138e752ff31c75e20ff1df624a67abf78955f51e42f4064595765543,studenti.polito.it,-70.0,22.0,289798.0,179603,AP-DELEN02,Student
1e81e6176c7c23d0994af6e9e51a8c0b5d6e8bc36c76d8c2d094178b13daf59a,35fffe3589933527e8c384d71bd0103c2a73ad2410f17ed7f151417af64e836e,studenti.polito.it,-52.0,41.0,3745487.0,898149,AP-AULA12-02,Student
86f960c66a38ace4a96166f7389271829c923d71ea4bcbe588365e01c0b72ec0,54be031b67a1c2ac4758f26a0995956a3a358155e1187361e1ee3e25ff5d1db8,studenti.polito.it,-61.0,36.0,68467584.0,1996065,AP-AULA4-04,Student
5a23acddea1e1f5a5855a2a4c6fb65ae9d657ef1c8cb73a6c6e69e0fe2e57c69,ef75762c31e7f55ec5aaa96e7267e5111d98220f7ce684f20ab98750245d725b,studenti.polito.it,-55.0,41.0,217688.0,168997,AP-AULA2P-04,Student
2f872f1791cbdef0e4b82429796422ff43bd76b03ada2bdd6c37ed7993cf6f5c,db1fe2df0dffc912463f5cba6708549b2d7e9db019dcd0032c940b98084bb752,studenti.polito.it,-64.0,29.0,189866323.0,8369848,AP-AULA25-TM-01,Student
eef23c48f79eb1d544ce692d97d4ba429f0017c3cb3c3dc1755ad23fbcee012d,a132d67d1c1765444660bfe9c7de8b07ba3ea6d5e823fd483a9a9625d822acf0,polito.it,-60.0,34.0,112804214.0,117984791,AP-DISMIC10,Staff
f810c8434d08f9beefb444748d181461e68c8a767af7988488d2122972645d04,3c37248dc6edfcbff7d81ce9a881d7dbbef0488f64a773a0b3ea5865a5fd3598,studenti.polito.it,-56.0,40.0,39992349.0,2096164,AP-AULA01-01,Student
ccd615ab0cf80d119686fa2465819d72699b6a5930123fa87dc37fc152165b28,111611a49e5f6fbdb206b634d24125585befaab49d02247425053c2140700650,studenti.polito.it,-55.0,28.0,3289316.0,11272949,AP-INGCINEMA-02,Student
dcafbdea52f152b9246c2faa929b485194221a17b84d8d8a61794603953850c2,532bea7b8fe72fd1cdfcfd5877008075ad43375f9c6ec09468a66b3eb44b5335,studenti.polito.it,-45.0,48.0,157903963.0,1027550575,AP-AULA05-03,Student
fb17a57b4919811fa582cc7d498fa24d9b0e04d66a94715b1bd708be5c85e864,d493ec03c20f6be3c2221b428f05e5f2bdd5002553ff7c65b1e32325fe4eb0bc,studenti.polito.it,-47.0,42.0,9084758.0,1603782,AP-AULASTUDIO3-3,Student
5dd4aed5063ca16fc48e8de8aa36382bbf0c56ea3e0c0a7a3684b7a5ab95f3d3,d0576b1266035fd70e312045596219009b814158d15a2b17bea22ed6d304da2b,studenti.polito.it,-58.0,30.0,1050128.0,590105,AP-OA,Student
6f99f54250500a16321520883f9b77ecaeb20c0a3cbd32b793ba7eff2f5f06b0,e02da7a4f44ca4f7ffd9a7d67182be75a16a6350079dba6952ec404a6f1b6cc9,polito.it,-56.0,38.0,75039135.0,3195997,AP-AULA11-13,Staff
e7ad1860b1146ef4d69a988051ef58df2df066381c2bc572f275680025d067a1,b6e42a00160b998bd1aaab89ef22d8a4ee5b0896fafb8c549c30316dc85625a1,studenti.polito.it,-57.0,29.0,534888873.0,65140731,AP-COV-C3A-XP03-13,Student
71995da5115f16ab1588c82202ebaf96a076aa999e11880760dfa047d8fb0efb,18e1f585971766099787c08f6e6bcb6a5200032982c7e6e42ec377c8b307447b,polito.it,-47.0,21.0,25793457.0,1206412,AP-AULA10,Staff
26db277c40df751025911574037bc8d5c49b8566f11e9113936ab719983cd7b7,41ddc449459a0b8a8617cd555b4955059de89d32f2b9159ad5eacec438773a16,studenti.polito.it,-47.0,47.0,69134.0,42352,AP-ENERGY-AU03,Student
f07d5c4c7caadf8750735c4db31e2b8718f30345e53b40309efa71ce2a789078,2c070d2dc74258c23e43a8f7f5d9a755b1fc9dac161fc85dc923eb45ce3ea2d6,studenti.polito.it,-51.0,42.0,19550822.0,2873488,AP-VALE-BCA-ST-01,Student
65e66c393bdf29685835085fa8b1cd45777735236c9ac0640378f952d00a44a5,60a967681bbe9d301b834a8830940906b3df5c7ff3d981d542f3b9dada690efe,studenti.polito.it,-54.0,39.0,1119949234.0,14152763,AP-MVI-AULAMAGNA-04,Student
4595688d9323fa828f4494be4570434369d932ef6d60f05120de088ce1e6529b,b8c8849a5cbdebd279f9786dc9a580f4d4ffd318dfcd7fd9736315aa87b38ce3,studenti.polito.it,-62.0,34.0,3474954.0,3687218,AP-AULA05-04,Student
52166b80ae2a1d7451cbe603e8f0c33b342060646ecb400e82482c0878afcbbc,94209ea5cae5b4bd7e9d9fe2a5439e4150112fa091ef1b69e57692c32890a607,studenti.polito.it,-56.0,37.0,167430247.0,4353081,AP-DICHI-3O-P3-02,Student
aadbe56a255b7eea08abbe8f422682e057d6b322679d8a20a8b52b5eb966d279,ec803ef52bce8725c713020daf21c9f212413a10137f5b82190cc884cfee0edb,studenti.polito.it,-56.0,40.0,6653088.0,10551281,AP-BCI-ST-10,Student
c6afc76b07ce0808a5742a85d8cc1121825b8abc59bf2113a8a92843c34df12e,15c4e6ba5a109ee49ba3017214835d9df59274749762e6ef06bd0e1494ae270b,studenti.polito.it,-50.0,44.0,5116549.0,920912,AP-AULA4C-01,Student
d23c7223e5bc403debdf687df141d26894c1ada30ccdcae27884fee9413f13bd,0b50b7be7750e0aebd9b731246ed3e03701ec3e5c0071b1e83fa79423cde91fa,studenti.polito.it,-76.0,20.0,64726158.0,2595152,AP-LING-AULA201,Student
9c6bafdf6b78d561089f1b728048195deb2b7e9d7b833d089ac51c83de7ec234,fa326a1faf14645357f3486d5ca0fc08be320cdeacc27c7941daf259035adeeb,studenti.polito.it,-59.0,37.0,83711213.0,308879715,AP-AULA8C-02,Student
6db55f66a5031c4ff27e8cf2b4ba61d5d130abc5a1b6f0a3c45007afb7bea630,bf291997b3a72d8799c364eb453aa40853d7bb01da932047efc8ccea6ad2bf14,studenti.polito.it,-65.0,23.0,311947339.0,11988593,AP-INGCINEMA-01,Student
d5876e48198ae30b072e656e19b5ab0d837d12711d54c5d97cf204c28c19a3a2,c2844ff7a21e51acaed47b24abcc679f70dc26223fd7eb588c97eb6c3f0e08af,polito.it,-51.0,42.0,32846358.0,7101980,AP-AULA23-TM-01,Staff
5c89100e1d1ad62a30146804521d41f57f5004ba076505cac2a2e8f730e9b117,d8070265eb5af38e58d101b98ba4ded1b903a4731f9963b712f41b9dbe8d9eb5,studenti.polito.it,-60.0,24.0,905945.0,489446,AP-AULA2C-02,Student
f70663d3e460f399036e9410fcd9ef6c455d924070c8a8e1d219ac8f97c7c5f7,8e8e0dcf6317d4bc89b6c78491672f9d7b5dcddab72bd740a955e1fdf7d78bfe,studenti.polito.it,-67.0,24.0,1034450.0,235411,AP-AULA3I-02,Student
303527f91f35fd04e78ef18e62af5e8db7a19a7b829e18b7c4f7ffdb60dd12cc,4d6c99626621d4ec56ec2a1ea2d0c2b877862bf52f00eda5c61abc20a45239a7,polito.it,-72.0,19.0,5081166.0,1552625,AP-DISMIC26,Staff
b07054948b84f5baeee8126abedd3955e9fa012e34b1c95e862e78fec4ee244a,e4563a433a2204e2869c33b877dcc097ad5297b03d09852843f2af66b7dedba3,polito.it,-48.0,42.0,68117644.0,5696842,AP-DELET01,Staff
6b03ffabf081d15f43bebb3cd2094436b51cf53b0849962392dabe86aec75893,527474ad90bc88482474afc64f5724f5a89707c0c7f5166edf477d775f146c29,studenti.polito.it,-50.0,44.0,434324191.0,7917827,AP-GESD2-02,Student
48dbfd5bb6f721d2c8ae22badb11a82c4c3662bb0795166d73b83fd84f7d4dd6,7f65ab1bf8300224319f110f3f72ad23b3d953e0f7a60de7204656e8bbecbbfc,studenti.polito.it,-55.0,39.0,35513533.0,4258203,AP-AULAR3-03,Student
f3f89f9c55d4d9bbe701ad3a521a74f7ea10a7be9c069af9b76042d4a1621cf6,080e8cdcf872ea5948dc80cab752b0db33745416d2d482fb16a9e419d089364d,polito.it,-63.0,26.0,300785467.0,59641280,AP-CORPOZ-16,Staff
631029beb9debd58f2c7f1d5c5358ec92fd0ce5e5464adf7f297ba3c9a056fb8,0279900277253b3536a2008e9b14c0e4c4eec5353f1e5f336475906a272ceecf,studenti.polito.it,-67.0,27.0,150540524.0,31980996,AP-DIMEC18,Student
bcd6a234e4ed0cdda201207327e941b0dcf19feb44e1ed699c079006baa52af3,e6da37d2313b6a92c953c84bf332c3261ae6d0935ccda279cb860cf7cf1ffa86,studenti.polito.it,-58.0,33.0,52460060.0,2480528,AP-VALE-AULA10V,Student
035aa513ee9bc1945466738f7432db3c7e7e2b807aa31cef2cf3984bde75a60a,244f0cedee056834c279856a217e01c0ef6045e8202dc6b480660aba201baaa0,studenti.polito.it,-57.0,38.0,506904573.0,261787053,AP-BCI-05,Student
e8416485ed2532f5881cf8c11ca522d795a94e73b8a508b762ee67513719aba1,fbf263b41fc6d8dc5d3dbc8193f5ecb25c632af80ab3b4dcef3e8a2f9aa9dfd0,studenti.polito.it,-41.0,49.0,137084130.0,21442614,AP-LING-AULA300-2,Student
1d4f9db4f875f1187957f1c1eaf2216de86f530eb95ed889706c10322ea15bb0,bb71be3ae76dad77a0415c18203fa2e24ff053b5acb8dc2bad789927e3c4a7d4,polito.guest,-63.0,30.0,187419870.0,113268753,AP-SETTE-VIRTUALLAB,Guest
080d2a5b02c08bfdac6cb2e0c12a0d8cc5eebba3c4f09ecf9dad8fcedce81488,a90dcef88b57be63fa83f181cac869667bcba8f19a0ffacfc30afee0cc0d238f,studenti.polito.it,-45.0,49.0,75239950.0,33725419,AP-AULA23-TM-01,Student
ca9ef38fd716acbae9dd1a274d6a62e5735ba0f599241b244b76f6014dcd2212,34944303e1ecc7ea56400b872863c2f25edaa80d836247b4865ffa34ce8125fa,polito.it,-70.0,22.0,48362692.0,14496616,AP-DAUIN04,Staff
8eb5e61f6f1f226f891e346d421e09f53a97ad225224407c9fe453571dfc53b8,d4d8a9612e488de2b8ae1896a6963a03ebc70955a1f98d3b26cee57b0cd12861,polito.it,-72.0,19.0,2002650924.0,56711035,AP-DAUIN01,Staff
e03ad420298154ba6cd62c923cac0022b2e1301cd2e6f66f9e54e2f6ea1ffabe,885579232b8ed4a7744c66311ad737c88e38c6cea91f4abb16a4f14fcbe8bcb7,studenti.polito.it,-59.0,34.0,289559172.0,29590995,AP-AULA6I-01,Student
8a79673df01b46b03da676c35f8422c2f82b7623db35564004f763e22f3b6baa,e3558d193f6835c92c3fd9a38b8b277e4bec5bcf2ed60d6158818021f6d22858,studenti.polito.it,-58.0,29.0,51379332.0,16258263,AP-VALE-AULA10V,Student
4c0923096f33de2b372c10245417cf4d93b61af7183fadafe0c823d2c4c04b8a,117bceb81665aae7e440d77227f47df668e5855dafcabcf44f184daa427ce6ce,studenti.polito.it,-61.0,31.0,502037530.0,77379841,AP-DISMIC25,Student
f64d86a65327d1478c2b90ecf91a2f8e69f27eee024d30b516c39eaeb2f1d1de,b0e10aa021a2625cff2835eca190fd3385a4c179432ffcf02dbe5f0469d370fc,studenti.polito.it,-50.0,47.0,42640653.0,3788861,AP-AULAR3-01,Student
84b707df908e7f2643bf6454df1c399a9015a51af975edbe9bbe52f7be6659ef,89ffdc899ef0f160f5a2312d104aa3510b7a0470fe1f2a5b2eca114c8088e16a,polito.it,-64.0,31.0,522970177.0,42127318,AP-DISMIC04,Staff
51948e7b793422c483978157ae76bda3c30b8b09ddff9d853c108f26fb539347,3fa85a71174d0d1ad9c6e05f836f4ec574b4ece1620cd0569577355395eae660,studenti.polito.it,-49.0,45.0,11978807.0,1417775,AP-AULASTUDIO3-2,Student
3129f2d8704cc312a6c925d9918a6d204434fcedb02219e90cfceb4809d3520a,c363b4f579d5de5b69b2a3a8a2d1fc4efcd7e621abfdfdaf50b911bee69ba8c0,studenti.polito.it,-58.0,36.0,2724399.0,464408,AP-LING-AULA206,Student
a2d421421439e8206f46f2d879dc8402915971cbe75895da23f57bd1847188f3,245ea1e453dbf57d2d02f7c1ff1751def35ba6e25b1da9450f1fcabd3f0ab108,studenti.polito.it,-60.0,36.0,19692972.0,3150003,AP-AULA8C-03,Student
5472a94b7159b7d990ec37fb2f42c5fb818e4ba2a0db3f74425ecdd5977c418c,,,,,0.0,0,AP-PORTINERIA,Unknown
398d0a835e423d47a2bbef433bb0658abce7fdb6ccb5b2b241492982942f42f2,,,,22.0,342.0,689,AP-LING-RECEPTION,Unknown
ebddf198f03440db261e52252e83c68a862b462c858fda029f682e2dfe6f57f2,d4594118c3af4eb82d2bbca2ae24a1f5e52dee87bbf529696988411f6239ca57,studenti.polito.it,-83.0,9.0,54189780.0,843000,AP-DITAG01,Student
60746f38a1ce44956b6c8720d6f4063b9d2db6f509adfc222c728b89051e527e,38c468bba495ff336baec1b39ae78409bc0b3b947f43e0168404e2bfb1b61afb,studenti.polito.it,-74.0,19.0,69213068.0,5205274,AP-DISMIC09,Student
817f22b4c885fd99cddf04e4aac3c9afaa5cafed4633dd18302b58ef40f2bcc5,a5a570bb8f02c7f87eba45b9055ef391d11a5cfa43ba4c0ac4872971641457fb,polito.it,-63.0,31.0,964226188.0,1169799453,AP-ENERGY-EC1A-02,Staff
4eec5ac1dab326be6d4dedbdb8cabb020a87025972b980edc366990feab19509,54f9061c1602d3068a5e84abdfb800716df7f788d154c22f159463651598ae97,studenti.polito.it,-75.0,15.0,83916.0,78553,AP-FISLAB3,Student
ea69e1769a4a663520e300e4421a913de606ea30e506b1bbd5b45bcbdd1261cd,2bed282ec15bf70e46b1d9155b0194c4e5a933af52265201c65bdf1779e1908e,studenti.polito.it,-55.0,40.0,274735995.0,6974600,AP-LING-AULA207,Student
3040dbd19cd6c9bda52a421b593aa6d4e845a4bd00bfef1eb3d47918bec00672,42ad4fa2e7bd358f0f08cb97eeac4b782a474ff924f91e4eee4fe0bc9dc32cff,studenti.polito.it,-67.0,25.0,108184234.0,8266310,AP-LING-AULA301-2,Student
a503a724267babfde971fece9ce52137bfb68b26902f408ef534a8a98e61af76,05e6edf4786545d0f87b12d6d177fd1c0d3ab215fd863ef27edca3a93f5790eb,studenti.polito.it,-56.0,38.0,336076697.0,34602564,AP-CIT-EXCELID,Student
b3cacd5c287ac22c6055997d9e7987b51153277948938d05b905f304e5f05adb,9de0649d3c0cd900fcd65ce8f8a63a08d6106754e90a8d1306a0eb3489e3b718,studenti.polito.it,-59.0,28.0,164745417.0,30763769,AP-INGCINEMA-01,Student
4bfd5c20f6f122d28d2b61fb1804b4c4dc090f9777091a4f31ffca7842f34e8e,9307e850a3e76a316178ffb4669153b0c1a5e600e14b2e516af5968568c2b48f,studenti.polito.it,-59.0,29.0,25211077.0,4477169,AP-AULA05-02,Student
c268b350666ded8675ac2adb11be1d604b1390b519fd11f79c84b96a43bd6745,bccd2267a25c8dd28b808cb46127e1e5aa32840abef5801b41f84ce3a245396a,polito.it,-72.0,25.0,200065881.0,67541501,AP-DIASP07,Staff
c623a9179b596ed64ef8697c3af384e1976fe9137a68466c1f8e52ac8bcd8f85,da6413e9b81ba089680fedea17301b3b6bfdf0bc5b67020651424dbe67a5911f,studenti.polito.it,-60.0,32.0,13375483.0,4125492,AP-CIT-DET2-01,Student
ef58b0f64f4a0c8d570dd142581e1bfb89d7fc436d47e48b760b5b0507b180a8,e084b7fcef520c07cc27350197bd605211f07aa2d58d52246cee6a75a69b3687,studenti.polito.it,-48.0,46.0,16721617.0,7583676,AP-AULA4N-01,Student
f07911664bb370ad95d88965883ac2e5472e5866ce6cb73b61068f179bbb4cb6,e8c0bfdc4b521dd71891e622f553468dc2355a2e03f2fe63dd34846db47b1df7,studenti.polito.it,-48.0,45.0,28524197.0,163349925,AP-AULA1VM-01,Student
bac20f60232cf3af282b3e6b0aff61994c853e87bf9ac45017ec458e833b1291,564e2a2585809e81a9c758d4cebe0ecfd7091ab6a25dd236d52f73615d028ab0,studenti.polito.it,-75.0,22.0,111645967.0,7789836,AP-CIT-DET2-03,Student
13a6c713d599aea6a6bf1221de331c6eb17774c353b965859a2820689b7ffc90,aa1048f650fce30cabbc0a36cff2f0761020f5314b22ef6475aaf88e9a01b4d8,studenti.polito.it,-37.0,56.0,7043579.0,2594424,AP-AULA5D-01,Student
4e6a8edb5616a9cb0226c65d47aa7f5fa891809d3bd6681dc3bcbbde22f9d474,3863890e9446e64801668db49f64a0f60ff3b10dd5b928ac726c617eb60df2e0,studenti.polito.it,-49.0,43.0,62151938.0,4080547,AP-SALASTUDIO4-01,Student
a212ea63af5c47cf2cede95c30aea39cde710dd81c20cd9de540a9dbd01280d0,406393e1fedd772e7e11008f69453669dcfa60e0ec515b34e6f514337fcb3e54,studenti.polito.it,-51.0,38.0,41064539.0,7846701,AP-MIXTO-02,Student
acf1b7a32ce865e34ebfb057595eef10929fd1258128b0a5159f8b18498b0ede,dfa5258a1e330a5f35007baf59560347894f2c1d74fa78aec188091db069a3cc,studenti.polito.it,-47.0,49.0,18628493.0,3963807,AP-AULA2-03,Student
dc7cb052a0afd1462948215219f4edeb948e55faecf3abc6a012e520a3eb2ccb,4300c1b5a2b8e5e784fc974382a8432d584633c67e91ba8a90decb3f0565a083,studenti.polito.it,-68.0,26.0,131309019.0,20490723,AP-AULA10,Student
894bd9038b9fc3c538a1885de6e451b26dd88c188538eaa0d45310a2afce421e,99db6c4fb604d9e26ab3dd8589b77db506f4e666a63d38847288f76284ce3682,studenti.polito.it,-52.0,41.0,2783359674.0,39684677,AP-AULASTUDIOR1-01,Student
d82750072e7e366db9159e0b128de852da53e3b587b832ba88afd72372763357,a6aae0c511c7076edd60b8bd0485aaa8f3bfb3ccdf17a38e544193b1e8e6b060,studenti.polito.it,-49.0,41.0,2307635.0,240441,AP-MIXTO-04,Student
763aeb55e8e20c3480739ef0ec09066c3a465ab01ff86ffc77eadf2998011c65,19623a549d02e77c97a9a68a9b1f7f304aa60511a6252dacb6dc63cc2aa82981,studenti.polito.it,-60.0,32.0,584658.0,281283,AP-AULA01-03,Student
a54d7b9aa53508a1c6d1f616502765f13b86e638d489de896ab2b486ef84aefd,15d337310260ac8232332fbfb7fcb163735c9f552fdab977af2923970adcbb70,studenti.polito.it,-45.0,46.0,156404928.0,97104249,AP-SETTE-LAIB2S,Student
7d12ef638825879d211ca8f74fd6672291788545444170ae6c8b0cef8d1d646d,548564a399081e69e67e652077869c64d85aa0ad4c8e5a5d23d7923e5bc4bb12,studenti.polito.it,-45.0,45.0,208788137.0,8094210,AP-AULASTUDIOR2-01,Student
d426921248ae6bc974a2602993253a3b3013eb3f77d12f775c04c72a884b55ea,382cafe60974748daea16f4c759ad3d59e64cb2950b342084790f608f7c5d241,studenti.polito.it,-65.0,27.0,911346881.0,12418773,AP-DISMIC03,Student
7d565610e955c6ac7f9c1d30e6c9abb681eb726d72c27a0b68c8d7e6026db44f,d0e504a39b929ca8ce9936078d33daf52e3a591d7659463c228a63a21f461658,studenti.polito.it,-56.0,38.0,140689486.0,3610069,AP-AULA03-02,Student
f47a1959c2fc5431458e2b1e4221cb1abb5ff6aa7853bb47206f5d33e7ec6a32,28ec990e50082d2df0ea5b7f31735addb187c23435bee80009bcd9df65cf3092,polito.it,-56.0,35.0,1320023985.0,205263426,AP-DISMIC06,Staff
a6707249a39c46a0e24d11c03e6fdcac13d901765d69a627ab15df992b2fa47f,1196089cb788d3e53f7f9bc8418b84dc9547930113f7f57c71c25b3d4dba042d,polito.it,-65.0,26.0,93882019.0,33354590,AP-DISMIC21,Staff
a970a39a14ca8ef4e98b0e2df53c2ff5d51f8fcc3eae0a5848eb01ad89caa41b,232db446f9bb8817f68f807b24a32093966df04ff9f89434ecd484efb16c58c6,studenti.polito.it,-47.0,45.0,52397512.0,11141745,AP-CORPOZ-04,Student
c0837efc9b19174b85a2a0cb146555d6213d70026a274f5e8a76e5b8fe19825a,255eca7da11f13edd14badea4dbb3da385a2a9843147707d89f84fd10e8a265e,polito.it,-64.0,31.0,5588155036.0,107232941,AP-DIATI-1W-XP01-02,Staff
796f08ed3559dd3751829f55a0fff6ef48ec5f8b3f8e296d570ec7737262808c,d5388865d2e56bde6acc0c17f4a43ff15e25ff0ec768546b82bb120fc8ab8e61,studenti.polito.it,-43.0,50.0,1129635054.0,46787423,AP-AULASTUDIO3-2,Student
f0c9baf2d3f2a813abcb4bd5f93b12a15a5c77020f907f72e70ca60b2348fbdc,7b94145a2844e41289db5ba72b9056dbb9e84ed2301c27acf856360b2b88bf8e,studenti.polito.it,-58.0,33.0,930840.0,248851,AP-LAIB3D-02,Student
9c92d44035a7f7bc305cd2b1d66847806f0b3b707f4e8f6556a9aa38909984ca,4c2ac57f98fa9259330fc681d37ffd12953746399204c2b533ee59018e71d201,polito.it,-54.0,39.0,60358245.0,13262610,AP-ENERGY-03,Staff
c1f659bee70233efe4159304b39dc955fc271782187fa198472086d6df1ea9ef,a1b96c91d635e28a3db432640e376f9cbaa80d7a3a90dc5f9fc34315f19442c6,studenti.polito.it,-52.0,41.0,90430554.0,77040476,AP-SETTE-SALASTUDIOA,Student
374d20c62b88dcf55dc246f9fe26a250a53d4be0bd58c096b6e4978213be55fd,569148b4b66c2b1e0e13a089088d0254ab8b5777ed0a38e35be320aa3faf2a8a,studenti.polito.it,-80.0,11.0,94046.0,74799,AP-LAIB5,Student
e394c9914e7ea93a662faa70ef4ef82204354933e853c0486a3e51914e36d76d,,,,44.0,48119.0,11070,AP-SETTE-AULA14AM,Unknown
a852909dc4f8fafc0c2db4c41fc44be7b9034bc3848da59ff9f2179a607c8aea,083c8ae4af702e24cbee2ff4d6a59819dd71c2df2ef01d92962ffbe40c32f3d3,studenti.polito.it,-56.0,37.0,345285271.0,5870104,AP-AULA7N-02,Student
11e467529093f2eca6b57365ffdb112661cd001599039d78527db7034af69b10,e65cb01e9fb36b4d4cdcee424765369a06d8e34b4062b0e5b5e0fc74e5a82090,polito.it,-49.0,41.0,332993127.0,39930102,AP-SETTE-DAD-01,Staff
a80a34c1a9f8d6ea4cda1ced0884dfdc6729ff740ed2312cc8344b6df12cb707,823b7627569b620fb5af38065432577f9e4e27db36b9b25f16bf2758fc797120,studenti.polito.it,-43.0,45.0,58279247.0,4948719,AP-VALE-BCA-01,Student
264d07439b06faf797a2d5c9d7ad3c859705b042b51a737fa66f0acf1638bac0,8dd42de05b65a49bacb5970ffcfe6fb2598e9c8821d71c8f9bf1f9b3e8fc4a0f,polito.it,-47.0,46.0,151225082.0,12888948,AP-CIT-DAUIN3-07,Staff
39b608420820b5740f59bc6662fdbaa683f1c26e9c7c07f4acf530616e392ef2,5656142e32b7a609283bbe226104bf564368b4d5fa363b9e37b6fe45d739da22,polito.it,-70.0,23.0,2757426521.0,45513660,AP-DISMIC09,Staff
87c1ac596d14a90b6314d8fe4368c54b5f1463d7baa02daa53647d954c1a8adf,72c1e1539441746d115c298b7693bc0d4366b57e6fd0e36e16b2ee4f2a0aab5d,studenti.polito.it,-86.0,6.0,674159.0,335790,AP-RETTORATO-RETTORE,Student
446e037260808fcb193375fe4f8d34f9a52afd320574307a5107e45c0c10778b,7622f7bc5932a6b630574968ae9769375392228539d56c5d83ce215ee22787ec,polito.it,-63.0,30.0,1616337.0,1293339,AP-DIMAT01,Staff
d9957df4384cb51f5a9a825f624caadb4c2968aa9be292850a9432136b7d564f,1def67133dfff6e35e629c175ffd37287fed286461e26ba2843c1a9a643f9de6,studenti.polito.it,-63.0,29.0,212155949.0,11086971,AP-CIT-DET4-01,Student
1e46133e2d6550825330c9d41f2dd0478196b79f19b7b3aab054aad4ed66e482,0dbd879df48b967c2f32b6c4893eda614ada038bd29c2a10a91682118bcdbb1a,polito.it,-71.0,24.0,1424348.0,774920,AP-RETTORATO-01,Staff
13f67117f8b1d20d6e4b3868ff9fa20596375a746335a886f12efc3f13b050ab,0132281d0066b47fc134bd67c14a6fc5c48bf0ce32882b2a4f1833c756105d57,polito.it,-58.0,36.0,914310798.0,493764339,AP-CIT-DET3-02,Staff
e67baeccabc0b7c1d54c13f6ab94276edd1b86f42d322d1d28cf50418d93fa92,3a1cb043e58aff950c8063f842dacf52a5ad6df6232470e4c29913364640f78f,studenti.polito.it,-67.0,24.0,5951785.0,35391129,AP-LING-AULA301-1,Student
4af914d19db259252000de26f6dbd9e20bd101df9680cf33a8b781c3cee91b93,51c351c089ebafd4ef836da338336a4e4f9ec35e8db571978fb84ce218183679,polito.it,-50.0,43.0,231696100.0,273219474,AP-TRENTO-TR1A-01,Staff
37bc04ac1e148d6ca8060dd532cb3e1723269edfaf53e36f4e87a629ff380322,a044fb177b73f1100f4b1e14bdbd77fa530a62117d0bb42ccafb66ec69d5611c,studenti.polito.it,-57.0,39.0,1207279420.0,117883820,AP-BCI-TZ-03,Student
031560c515ea979677f2803588e260f51331a664259b957a0f9fbde3ded8babf,e10b4cdbfd1df4438b61f1558323029ab39495209286e0df8782edbf2c75f12f,polito.it,-61.0,29.0,1041830438.0,299426141,AP-COV-C3A-XP03-12,Staff
7e0ff0957bbe12a6afb1aec4cadc1413fba80e3f5e8a0d891bbcd0e39e26bcaf,e7b172142001bf5270f057f936746f3cf841e9c092cc28a58559342bace939c6,polito.it,-56.0,38.0,66799034.0,21603461,AP-VALE-AULA9V-01,Staff
a01b52726bd5b588da85387cfaa071b5955e37d70a71412331b76c896ec60980,ff53cfa6f93dcb10ca79528ecd039dffceb4dd61f64e1b8cc6a1ba908ac9a497,polito.it,-62.0,31.0,186319790.0,62007498,AP-CIT-DET4-02,Staff
ec8584cd67f6029315074016cbe4eeede5f92e6d31cb81ecdc784e9e3c198d8e,86a4f594ccac63a1a2802ea5f5b84330c8958e29df4248b7f63ce93c37676064,polito.it,-70.0,25.0,765200262.0,125139539,AP-DIFIS06,Staff
6661376184e57ed052c73d02f920201931cea597b1a9da2a002ed43d87f0fde2,b5f92428dc3526006232c5d0e026e9a568423251c38ea04cf275a9ca83edefae,polito.it,-66.0,26.0,98209.0,26358,AP-RMLAB-DSH-S1-01,Staff
908ac98e348d623d526cc982b83599490f936ce748b2eff27e8ad70a2f497a6a,c97bf2708a4fcee45899e344266ad589a93693c47f1c69eeef7648d7ffb97ffd,polito.it,-65.0,29.0,3856263.0,786400,AP-AULA11T-01,Staff
790c77367de02077eabadc477a45710b6b5948692efc03a6c6103e249c432fc4,1f3cc3efa5a5f17b370fb2eafe0803a26f5f50f9477c72c68e53a66a502a7fcb,studenti.polito.it,-61.0,19.0,48597220.0,9431999,AP-ALESSANDRIA08,Student
ad1ae3a5608c7598f20a5e9ee8fd39490f820c1f79bae33c7b31dbeffda74e39,760d343d2981ca64da1d725136caaa52d772ef1cf2ebd279e8ce6a6197389f6d,studenti.polito.it,-39.0,53.0,557617760.0,15695360,AP-AULAR3B-01,Student
e8acbe44d567ab8bed3e26a83f8bacafd7aba50a5fea05565d23674d333f23e5,28d6c80f08bed2f322d608717c5e3a9d19286349dc1482347e838f8f682acfdc,studenti.polito.it,-70.0,20.0,14298.0,12310,AP-ENERGY-LAB01,Student
e2e91b1136ea81f5ec523891ba4551825b6432867a58479dd148260120037b69,ff53cfa6f93dcb10ca79528ecd039dffceb4dd61f64e1b8cc6a1ba908ac9a497,polito.it,-85.0,8.0,75341649.0,15167066,AP-CIT-DET4-02,Staff
adb1728715f2ee14b1da17e7ebdb1bbd8473e658792e53bb3c9330cc7e191fe7,2d1581a13db67d4259c23fef88c9af1c7e0c08f128ee88120b97a07784096439,studenti.polito.it,-37.0,54.0,219196165.0,9922389,AP-AULA6N-01,Student
8e10f99e96cc9fbf52859a8cb125f53832eeca37b634c2f339527571cb878bea,9e81a3024643e56b38411db27ce751ca8f5591ed42a74833f80c4bcfe1661509,studenti.polito.it,-39.0,51.0,864669.0,484077,AP-AULASTUDIOR2-01,Student
160b5a9b71ad1d2348062d0a269c3f719b52d94dd3d4660d95400773d30d4d2c,ddafdc1113c3856d93cabf18450e223deeb3c3cd061685f6d9b311ab482c31c7,studenti.polito.it,-38.0,59.0,2569885104.0,74301680,AP-AULA27B-01,Student
a1a74592c2df96418cc4e62a9fa601c9bf08d71dfda8b1897e9b035686b3716d,1995dfd247c08b28b67dad778fdce759bc471172b03d09d0bc82af649c2b2427,studenti.polito.it,-60.0,31.0,740626.0,136715,AP-INGCINEMA-03,Student
6ff3e4a37ea2f244da7dd54013e1614e07f3420f59fbbd4ab3a80aa5af040f00,58379ce40afc2aa667314424ef3c034ede58774a12bb296974b1425477360faa,studenti.polito.it,-52.0,39.0,149878204.0,3614203,AP-LING-AULA300-1,Student
aaeb79baebb2569d673d7c8517ea95cd5df8f15bc9bda2d7a25d80212576ce12,a76a25bd4e697844661df8d3523a94692ae2953308e193e6f3adbc4d9bef08b7,studenti.polito.it,-52.0,37.0,50181047.0,5493368,AP-AULA8C-03,Student
c1d12c324c9404082c9408da30ebfd988d456e9364b15986dbaff3d2af1b3846,3baec5829c467c235172f3fe97f764f1b5d0b2d06b1b72b1b1f37a3fabaf9443,studenti.polito.it,-50.0,43.0,4328938.0,105230947,AP-EXREALEMUTUA-R2A-P0,Student
a4e50964ebcddaffd53b416b09eaa367ca3ae4dacae17f6893d5f8b5b044877f,da41a3158c34141b9e3929a4dfde9276450ed6ef16aad2c1a8ac1a0596ad36aa,ugent.be,-58.0,35.0,130009023.0,21330505,AP-VALE-AULA8V-02,External
39e0e01dae30fd1eb3823a188815bb2bf7045d39bbddcfe38bf8140eb4ffe7dc,58ac4de32158531d75c40972b1bc5752496c1e1d3d512b2d0b03a4be3f063ba8,studenti.polito.it,-56.0,39.0,178834401.0,4330601,AP-LING-AULA304,Student
9d672dcadf9c9add943964c8f6256a94b9a1bd91a5598774ddeb67daf477b594,9d42fa80b2222bbc52714178414f1e29c46eaa3fef49b05bfb378a40857484bb,studenti.polito.it,-56.0,36.0,2888856.0,303679,AP-INGCINEMA-02,Student
7292d30149740b53309cfe8effd152e67870033cfa04fac1bbeebf547d6d007d,ca964dee6285b2d99a700a96f0caa99384b154b1521fb254ec9793614aeae40e,studenti.polito.it,-53.0,41.0,36109881.0,3051537,AP-VALE-AULA9V-02,Student
ead9efcaf72a93b1396f63bd6e0fabef0c8e575a9fba5516cfbd0cfd47adc6c2,5057c9ba7b95bc7fc9f794a358f5d6d126b01598447471d17e246b6976c05929,studenti.polito.it,-59.0,35.0,153502001.0,4094505,AP-BARDENISE-1E-01,Student
f7d9220f3fe2eac9e91195c04ce71ba656f96c6a4435bd183a73d3aec8743130,70a35f875081452780784fb16cc45cbba42d154335c3052abe8552db6e6fc5f9,studenti.polito.it,-35.0,56.0,200480237.0,11991281,AP-AULA12A-01,Student
dbae87b3518f23fc6c0738b89a28773edb47e60aeb6a94f0f20f778959d87b07,725706ac74be7bce1a05ff74d3e62e9cb19a2ba2965772922b325df40fc24441,polito.it,-67.0,27.0,177850475.0,12053291,AP-GRAPHENE,Staff
f359959c2bf9e3577298cf5e59cd80a7e166c8cdfdadc9f293a65132841b4e91,5e7966b8ea9894480e1270dd9b10e83d98c0a094babfc5df283d1ebec5b83353,studenti.polito.it,-57.0,37.0,436488637.0,12503366,AP-LAIB3B-01,Student
ae21906997f3e204a2b7bd17cb8edf230a2d5aca3fabb2b8d356c03bd79cf8b9,30253d1aa31e02a947d7417ece6be9f85a9969be820a51a18ed8fcaf61b922ae,studenti.polito.it,-67.0,22.0,79815469.0,70446011,AP-INGCINEMA-01,Student
bd26e064ce80be8ec0c7fcecb49528f4d8e2fd843b0a90f07c6e338998163725,7cf28cbd3cdfbf8aa402983f6bb14d0cc8a221194a3038031668f673c8003e87,studenti.polito.it,-51.0,37.0,18940599.0,1581310,AP-AULA05-02,Student
326e52b7a6458589cdcf33b384937b1245991260316d236138f116df6d1004dd,07aa37e1fe0955335d4271cc38d26348f29e874a1c4f6866c364a4d119cbf790,studenti.polito.it,-51.0,42.0,1088295.0,613269,AP-AULA05-01,Student
8bbe010864d22a5e26d87d45dcf2503976fe78ec982f44ce4b846a3475824788,5b4dd32d4df1de0251c9107a01311a39503be944a2d5a58085c68909cfd86ffa,polito.it,-66.0,29.0,4162704.0,14697770,AP-RETTORATO-RETTORE,Staff
6ad99be025e4a69f05c3b870b37fd800f7ca5c1b0f1c528084fdefcddb6f49d6,8734428e08f5195af907f1913b5b4db1d0057124b7dec019e9daf704d2a82335,studenti.polito.it,-45.0,48.0,5521908.0,20256560,AP-MIXTO-01,Student
f562706b5d1027365b5cb5b04f0246818b5c47b7795212a134af53ca7ac02205,a439ab23450f0ca1a5cc426f8a06f595c566fc642bb9d04ed43de4cecb5b0eec,studenti.polito.it,-62.0,27.0,31919518.0,9514007,AP-AULA6I-01,Student
a77d651854194225029eb3fe2ac792552a0e1d797b3af964862965e1fcdda3c5,4f238c9bf25521690b71db039e4482e1672595c78b0f2cebc9ac24b1a5b672b7,studenti.polito.it,-48.0,43.0,4864107.0,1104642,AP-AULA12D-02,Student
7a94adbecd38523cd4ca323ff5c5dea512c99c4b4e78fa4507120fe5fccb509c,cd4c169e1e958b834a66838821217a855bc2b4b59b400aad33bbd99ac92bee25,studenti.polito.it,-74.0,20.0,18809887.0,3108254,AP-AULA10,Student
20456a5bbecbd10c2fbd58082e57eb29e2168bc3bdc631f5cefd1daafb4ced79,15d337310260ac8232332fbfb7fcb163735c9f552fdab977af2923970adcbb70,studenti.polito.it,-56.0,38.0,1404527.0,369726,AP-SETTE-LAIB2S,Student
7e34b5c69f0a1d10a684037f2fa126fd3b6b12f59bc631ca6288b6c09d2c53e6,7dc68f54a12b9c49e15c388a53561a3b2a0f3989f28cf2d055f9787addd28740,studenti.polito.it,-45.0,50.0,20543155.0,1324477,AP-BCI-ST-08,Student
cbf73258ffe43d3256c97b2c1948f4339562bd828c022c835b899519bc27fc42,77128dc695092e68fa31995c3bca49bbd3a45a3c93d1c9ea827257522200b439,studenti.polito.it,-62.0,29.0,1091989.0,122341,AP-AULAR3-04,Student
7a165cb6671f136808c2327ed9bc3f8728446eab55acb01a150e07e06cfcbd4e,14fdeea684fec18cd3e56346c50df8a6b0aadab7a5f26b5bf929215b8805225f,polito.it,-64.0,34.0,208923544.0,32939997,AP-AMM-1N-XP01-04,Staff
640bd8c96537e9a17668998f016222634dd936914923256f50087086816cb50c,14697f28ea116ba401dd485ed5e267087d3b0d6e91416d728464c596368a61db,polito.it,-50.0,45.0,44563543.0,15704530,AP-DIASP06,Staff
d08acc88f0f93f509a12f8c60426a02bd1eddd05ebcaa6ef3e5775f6ebc1164d,3d2275beed39fb37b36507a0b2245baee93acac51835e3f68399da78074bc412,studenti.polito.it,-63.0,29.0,449555348.0,41242838,AP-LAB-ANGLESIO-04,Student
52f5a5674c205e2ec6715046695bfa1ff62cb9447c3dcac2e61e8b6d61e977bc,310e38a6d739134b055310ecd01012e9d68a3c1f77753903531ecbc274c579ba,studenti.polito.it,-64.0,24.0,103804.0,66587,AP-ACQUARIO,Student
3efe7f88743f3aaf8266038e2e6cee9f6063e2e694dcaa476c0039523c532de5,6fb5c269ae3fc6ff659f0aea537c64195718e5c8b94ea9bc68614217e8e41ec4,polito.it,-50.0,42.0,123470015.0,5622750,AP-DET2-2H-2P-ACQUARIO,Staff
981cdb62d07866b8508a1e64dbc766cd7905e7e85f2464b22f2588087f400159,1ef4af32bf46eb8ad049d7336b30ad0d9f6767f1778efb727f017efad66bb8d3,studenti.polito.it,-49.0,41.0,76789978.0,68235355,AP-AULA25-TM-01,Student
fe262a622aef027feba1cd4701fbb6141cc4ee198f33e2e4225cdf5475f5f62e,15578efffa8e6ddd5179ef6f89c899418c8933c7b9a052c3f543b3d12ac3de5f,studenti.polito.it,-69.0,21.0,13286015.0,6384359,AP-AULA12-03,Student
01c708f38c7ee9fd3fb5f8fe63a8debd6de4e6b01f46a8f7081fde247e9439e1,ff500ef313c68e147e7707361d0e835373a2b4634192005acb1a7574f0ae20c6,studenti.polito.it,-50.0,35.0,5420981.0,974586,AP-AULAR4-04,Student
4406d2714e51d9c071257eb026bc15595f4e1a91be67b2dba20a87c23ca16035,687f394375e62fb4419cce13d7bada0c2fc1f5599e455ee232ec4024eafb270e,polito.it,-50.0,43.0,4213239.0,2293321,AP-AULA05-05,Staff
f8c00b1bf3a3fa56699fa67287f101d122770f7b8a0301e7050d26d2ed268260,14c70d5dea587d6d41a59732613455b2982418f2b07684ec116a1019c3f3b131,polito.it,-53.0,39.0,8076369.0,1485602,AP-DISMIC25,Staff
be5278e7e0b8dca877e960cc4ff2b094d04885038bef227f9c5d878d99e8f2e8,e02d896266889534e55ecf98c605af6cfbde59c9375143004cb85693991be7aa,studenti.polito.it,-57.0,36.0,28415615.0,1996789,AP-AULA01-03,Student
24fda9cb7b840de9bf2fe47b4359dd4f39e9471c4fe36926e9296368466304e0,5916e50a9842551d87308833885c898ddaff96a7c56c9f02711b00e9e8d2b2a9,studenti.polito.it,-62.0,33.0,46123006.0,3382002,AP-AULA1I-03,Student
d54b815bd54defbf81a62c087d34b97a09afb3e2083470d2bf2498d890b02815,7579a083a1bdac3fc9bfe42f1d92f29f8262bc348d6c021850c23c69ab25e4bd,studenti.polito.it,-66.0,27.0,45984681.0,529625,AP-INGCINEMA-02,Student
bd590bee26fbdb63dba188cb15226a2720a460f4b188fa30883b09be02d47f3e,9299c5c3ca3691070733c734367060103993af757553af526686f5536480e5a7,polito.it,-73.0,25.0,474547.0,341568,AP-DITAG12,Staff
58de04f6b9cd779bd65d2f439ad8adcf4697d03118e132ad84894f9ecee18836,b066dc95952a0b42088d8a557c6aaaf73b086328d0b89a3e1259fe8079ea5ba6,studenti.polito.it,-40.0,49.0,128260159.0,9707558,AP-AULA3D-01,Student
0bfab6d8e0eb3a2d4d20f2686f5fc158a24dcdd02f957ab58a980ca63bac63a1,615948920d7c87d8d3e00f62a145bbc24b376f6bb283985e6910f52fd3f5b78d,studenti.polito.it,-68.0,26.0,4734176.0,793663,AP-AULA10,Student
a3af703156dcc7e176916a5f151cf7e21c9952e1d5f976561839b774ee6a344e,384ddbd6df86a0b52c3ccc9e2a044189abfb9bb58cd8872fed4d7fcefa7f91d6,studenti.polito.it,-52.0,42.0,118856.0,34619,AP-INGCINEMA-02,Student
064b8dc10425b5d9345b4d96be670023b3c6ee8718353e6256186aa04bd813f5,f10270e3d2e8f04d5c81d1331b7829adb2fe27257afabe70fecf5d0e5b8c54f2,studenti.polito.it,-63.0,30.0,790054.0,388689,AP-AULA4C-01,Student
3e3518425131e4d342bc91f2a87944633305173e0f61239c3d07845fa27363c5,c1594b907efe49273f0bf8ea9bb05b2aafaa370665aa3528fff11fb3cab9d158,studenti.polito.it,-62.0,32.0,184598654.0,172415716,AP-AULA8C-01,Student
c97293e72bfa35dd3d009b328bcc9f4811b3c2e7ca509ff7b3ed7468050a8c76,973fadb2e862ed4ac186b1b372abcd580f187c292759598bf19894d0a8868501,studenti.polito.it,-60.0,34.0,19338657.0,176715766,AP-TRIN-02,Student
7714720ea04f6f7b2949eba99dd229817281fcddc5e0cb883deb93eacd1c86f7,6c893d265b0ab2c0511d607015a0afb2b1cc56e1b0f1c2c655a8a39f01e23bdf,studenti.polito.it,-47.0,45.0,365384246.0,18605995,AP-AULA4-03,Student
c10c1209f00970d190c84369b2f9af500835cc315118e82b704b14519862745d,b17cb3554d7fccc3182dd2aa5bd1e5715f0e49e49c9b601bb54e12104bc0486b,studenti.polito.it,-60.0,30.0,461354.0,217215,AP-AULA4T-01,Student
d4b464eee756b34e9800b13662a319e8c7511daf127e7aec29cfc487fc134d92,c5ddf41a1e99d6354b431201d254e9314e0264ba2e53ecc542f1c12474b36199,polito.it,-60.0,32.0,259321017.0,9055726,AP-AULAMAGNA05,Staff
07e0eb96260037617f2725dca62cf8494364ca9d9178eae040fc539836a986f5,af72ed01c6d73188bf5d1b5c704ee20f77d570035acf337091a32a68919e2aad,studenti.polito.it,-52.0,42.0,60971.0,71528,AP-FRONTE-AULA12,Student
1653be0e529ec7fc68138be4af8180f312613541dd5d4fd297bf5b494daa5f5c,dae7e3a25187aed1a9b2296e6b074fff2a37cf6a8169d742cff34ba8f03e8676,studenti.polito.it,-59.0,37.0,12829564.0,2502641,AP-AULA15A-01,Student
4a87f6d22f39353ba6b6342dcb0599e0be1f57266b2f15c05cc103a89113d71e,8c123e67f9e0c373e123454a9ceb3d216d508c6804e22a8175495508c4654bfa,studenti.polito.it,-62.0,30.0,53758114.0,116722526,AP-AULA10C-01,Student
7d530251f0da4998efd20e6338b80de845d99f015a23b16d7ed36adbc7487df5,f5e6067195434da80cb2c7619af812dc40552cd4203edead798a8fd445d7cb32,studenti.polito.it,-56.0,37.0,188213379.0,11171431,AP-AULA9T-01,Student
efd3bf8f2876ca6b13022fec8c2171cfc04d6b8d2126ccc4a7a6c2deeda2dac7,4aa95a004e541a5cdb8fb5cd2f1d9ffcfca42c724168b1f7c5d2668ebcb64d2b,studenti.polito.it,-43.0,50.0,178863623.0,8418471,AP-SETTE-SALASTUDIOA,Student
aec6a7a4eac932eac7a1ff73c9636c721505115f58eb919ea68a91c74f1409e6,060536718e34a62f34650a5162c2a93f671bb6b63e23c8094ae8ed6233e47532,studenti.polito.it,-53.0,41.0,728541.0,893368,AP-AULA8N-01,Student
13ec98f52639a3a8ceca44dee3f3dc0fc2f1c0464ee99e8de888f354349834f7,41a4b3f33f2b0ed119846cfff9a3e046e25301cefa2a949f18189ebbfa14d507,studenti.polito.it,-40.0,55.0,25337360.0,23006881,AP-AULA27-04,Student
3eb5f0489969ed024f5b0a8b07d21bb2ea7ed708c9357a20614025ea096f857f,d17d34fb5726203f0d2de54c46f9a03ee85a88f885d3ccf6d545b7c4b7933136,studenti.polito.it,-52.0,41.0,5624166.0,3275327,AP-SETTE-SALASTUDIOA,Student
3ef2f160ff34af0b1e9a68534ca3c6c21c1108a01e0418eac3ef1f8a2836c162,8195d19955c13262e02e7005bd8fd0468ff8e1f07ccc31adcbf2e54ea4f13871,studenti.polito.it,-54.0,38.0,185328241.0,31824048,AP-EXREALEMUTUA-R2A-P0,Student
f7f9468fddc4550c3c11486eb84cb4835d4c0d1b638920bdf58040ba37396111,4dd7601b3c2b81e0ccf9d927e38f05e7e5465d642bc4657bc527b4d95f44148d,studenti.polito.it,-58.0,37.0,1234316.0,430470,AP-AULA13-01,Student
47a41e80fc20f1000c8220593c275bfff1d8cb3e11fccc8a58a1ff3b49b64f80,b10c3a073f1e6c0ac62312eb56d9cb86c10d46ef025bf5bab8589603627dc5b1,studenti.polito.it,-85.0,4.0,51181323.0,3327067,AP-TRENTO-TR2A-05,Student
d23d3225c9f70ff2fceda0ecf2fb93356d204604b874bbe31ecfac00d603b1db,6526f3b2b445b2a0146a3c6bd9a33ecd7cad59d97ce8642e9db94a9aab053d6d,studenti.polito.it,-41.0,50.0,291751091.0,4893296,AP-BOGGIO-SALASTUDIO-0,Student
22e242ad8bd706040ec440c463b6f8719da8f4f81fb8afa6158c21e893a1d860,23f8c67c7afd27027307a31f4724d441b4ce73a6d0f7255f3772da492bdd4359,studenti.polito.it,-66.0,17.0,464198.0,331314,AP-LING-AULA205,Student
5d85664d66af643f940933033de4fcdf49131f627bcf88c661306c81ae27273e,0b265180b08579499298da4a244b7bf9afa9ebdf6a9b19f9f44e4a221dd5a897,studenti.polito.it,-49.0,47.0,1155225.0,19682656,AP-AULA05-04,Student
81ceaae83581709a0e690b23506b96333e79fc0d2034c01a7ad7b33a15ebbbb2,2d5b41025f361117d9a4884bc5ce85d7b086ab72008dc457b92a69a2a53a7f8d,polito.it,-63.0,33.0,3595873.0,1704491,AP-DIMEC11,Staff
cbfa6b6c971bb84651de243911187eb6162a41d4e809ca79b73d7647bf868e5c,9914b8512cd5d17b4b2fa324ff376ec002eb17b4dcb13e24478553340aba30dd,studenti.polito.it,-52.0,41.0,1220357399.0,27916086,AP-AULA27B-04,Student
df61ede47682758c4d5576df75b092a2532d5dffd92e9d0471d99e10ec03725d,813314d225c74547ff01a7ffadadd7e47d7ee424b6edfca4a15a00befd344973,studenti.polito.it,-80.0,17.0,1396902706.0,29588823,AP-DENER03,Student
c4b8b69723d09bf92470d005744b4e9a67528f409c047cc6b7b3e54845f54302,804686c3656a2b105757f2320679f33ef72dfacd9d07a7d21ead1a2a83cd5303,studenti.polito.it,-59.0,36.0,433465.0,487398,AP-LING-AULA201,Student
fbcda8a2da3493b90ee2ff2f4f6f8a3a02ec40df2e5ab7c928f06d8ed27bab2f,f94c34d0567b69b6f267cf8568ff71892cd9f977bd31b2b4897e43d0965e1ef8,studenti.polito.it,-61.0,29.0,38144040.0,3366622,AP-INGCINEMA-01,Student
9ae07181b92f235310a614aa5bac3e076013ca6c618fef9fdc74fe33ed19b80b,3995539d655c2216a0532c05a29ca4fbbe3ca0281832633ac65bc76d68b8a007,studenti.polito.it,-51.0,43.0,222579407.0,9828088,AP-AULA03-02,Student
6275cb9e24813e6da842aae4dd7c5d21efef9673ddcabce9804244f42e22896a,e701da417c51cbdf93de6bd7509018d06803cc2ea9ced3efaef56a4743bdcd72,studenti.polito.it,-46.0,46.0,9633281.0,12170277,AP-AULASTUDIOR1-02,Student
52207559071d18098faf22014cb69bc501ea5c2f374b7471c086183b524a2e5d,0550c677d1bbcf4057f49c1ab0c3f4da1b738ef66d4d796731848f9a44287ed7,polito.it,-86.0,7.0,74537974.0,6008611,AP-RETTORATO-RETTORE,Staff
ec620450921a9b0092068ea921239a13d5a9fb555f98bdf385ae9df002737ff5,fa326a1faf14645357f3486d5ca0fc08be320cdeacc27c7941daf259035adeeb,studenti.polito.it,-68.0,19.0,144119068.0,107883063,AP-AULA8C-03,Student
0ebde68efe390a2e29c1b873bdd0fa5061dfc94348220ef762760e6207b5453d,f92c66370fcb8c3450028870bdd2c75f0e498db8ddff334220ca3e4d24c660f1,studenti.polito.it,-62.0,31.0,663587379.0,58284401,AP-VALE-BCA-03,Student
b552da2319015282a2e0f9c16f7b8a72ba599d5d52b63d9cf2e39c2894daa107,cd4a5722e0279d1d978c52ca34fffc8445392dc49d73b4e7895f673ee6deb844,studenti.polito.it,-56.0,33.0,112200700.0,22406952,AP-INGCINEMA-03,Student
6c236b4c09f3979720ad53bd87eeb372b7180753e9a5d3755865c89b2aad32a9,08fe6dcb376bbbc9a0366f0c58618bda30757bb0164ae05cbd3499cd89bce2ea,studenti.polito.it,-35.0,58.0,1064792.0,549249,AP-AULA2N-02,Student
57d2e4ad448e821286122e0be9625c8767fe18829862b9116f601333a0a68562,a2dbd685d59fcb5515877cd98c512fd2060ecea43f1e18d6cca68c6213f23020,studenti.polito.it,-83.0,7.0,143016434.0,8250860,AP-OA,Student
530bd053bf559ac5a51af7c071475a05b1b71b35e50188212b592ac96fb15cb3,599afbbd3586ef73642cd95b7ff7671e0e94b2576df2c91bd8bb8ab711a51e2e,polito.it,-58.0,36.0,68198228.0,4258700,AP-VALE-AULA8V-02,Staff
7bf2758b812c1503f7b9665bea31dd5e38cab97740f6cbeba56995ffc8f0d2b5,3ec089d9e7ece48271d8644431c53296170df961b592f64876f87abe1ad5e21e,polito.it,-54.0,36.0,35701614.0,4849965,AP-COV-C3B-XP03-14,Staff
043f6dc5a71e2ad4af56a518848f83e628f78e3541b82add52073a0e88d10c49,54be031b67a1c2ac4758f26a0995956a3a358155e1187361e1ee3e25ff5d1db8,studenti.polito.it,-60.0,36.0,128092962.0,8218145,AP-AULA4-02,Student
6a6ad7d4c669b6090f7e1c1e97dd8e534d87c6bf718daca7b58eb90558285611,ca73a631cd5dc5aecf225ff75b2f3d7fd8fe2df2a9e9309dc6e175689d2d3188,studenti.polito.it,-81.0,13.0,8663925.0,957680,AP-RETTORATO-RETTORE,Student
3f1f09af7fcd78cf60512fbb7ddbf7938ee61799bf680d39066901bf5aa773cd,a92f4f969a033af555e7aa523188a571013a61667c846f05c6aa873c72ffc327,studenti.polito.it,-54.0,40.0,8531.0,2939,AP-AULA1M-01,Student
0a78a72e8383cdd9f410ce915fbe608b7d46f3a9470504d79b01df5a737ecb54,2d1670c19b80ba614df9b22bc0374952851f74ab4a48c22b26f6ec17303173d8,studenti.polito.it,-68.0,29.0,1176299.0,554373,AP-DENER03,Student
a642e93b713a8a15d465db6b0812ff7bfe532885f36898940ee3cd551b3cd67c,71d84407c2b3f0199c7f153c0f0e015f1d30676121cecc11cf11a7a823d0e4bb,studenti.polito.it,-53.0,39.0,360014772.0,13893923,AP-GESD1-02,Student
6d612f5222d7deec508ca9a23c0fb97f259542507a7a60fd1dd84e0150599680,dbea7b6c13bb5758a68eb481ff3ca35623267132261f403cf3aca65772439b76,studenti.polito.it,-81.0,9.0,180471062.0,8871789,AP-CORRIDOIOAULER-02,Student
56c3e9b391b22dbe4274db39421cf784626c8cfc2cae79f24fea03279a49b7d9,ee764f82348bbba9fee4c6450ab7048f46970fa0abda389cf4ceebc6310be4ac,studenti.polito.it,-80.0,15.0,148540036.0,550465666,AP-INTE01,Student
eb0737f908ad59da3176ddf18bba3bd809ec5a295983db4941dd4ce9b0d0b5ee,16a183cadbf972a87be036d6617ce00ef113c917242d22962b76849bbeee90c6,polito.it,-77.0,14.0,1051787674.0,1541775148,AP-VALE-DAD8,Staff
bb154288e22b45dff5082769a752f1dd5090e874d7a433afba19f549ddc1d1b8,aadc1cbeb967289c6bedf7b790cca782783b02dfff52877f836d2b8a3d104cc1,studenti.polito.it,-53.0,41.0,140386018.0,24198691,AP-AULA4-03,Student
385b77c71a616d360fc23e18bf602912fb7535e311d57cb867180525404ae132,518e620ba6026c73fea19e484e0d17b61dcb3fcb480a304ca8f39d7d3f46624e,studenti.polito.it,-72.0,16.0,11912804.0,22039769,AP-DIMEC16,Student
505559ab9aded9648f4dae59d040c92552e82b65b64fbab8e5b26ede666fdf0e,f2cd24987efd97ae822ec47e5bc2ef421189d73d19148fcbb3188e1a10bdf0b9,studenti.polito.it,-51.0,43.0,4476430.0,120032978,AP-AULA29-05-OFF,Student
257a84cb7a42a0ad3bea305d9bba3f547b412fa50fe8f2a95e0fa3cc335b7d1d,e2a273514744404c6b67865d7e5ee64e5849c80dc9a1dcefaccdfb156a90c419,studenti.polito.it,-43.0,51.0,46559347.0,14624309,AP-AULA7B-03,Student
acf13048361f0981732ef30db8c74f591e3639d2669662ddac4241cf186b4081,54dd51d08c6cc43c80f257a010c815c655bdc170eb2faeb72a8c5d9c7e90b4fb,studenti.polito.it,-77.0,10.0,1708388.0,877867,AP-LING-AULA207,Student
aaee911369abd777817ea167965f002e28e14da50320588c651438e6f91f2ed1,756913db4114573c01df4344ffae99f68ab0ee31eafad6118ec6b244ede23afd,studenti.polito.it,-58.0,37.0,920129.0,456683,AP-AULA10D-03,Student
16b591e94c596b76885cea52f07d3eb6ff480fb6d6c228e0c106b0b025f9dc20,c67730eea4e898fae57d9772e5ad537576aa77e3904705919f554242f8b5ebf3,studenti.polito.it,-76.0,18.0,14899.0,17275,AP-AULA4-03,Student
3a0d071e7cd6de9f011121d29182a37dd25dc5da83c73c38b915cc2dcb7c05d1,59ee60f522e07ba3c030532e61defc7ce832ab326c7cb8039ef703c1c414bcea,studenti.polito.it,-68.0,25.0,80982893.0,12230273,AP-LING-AULA300-2,Student
2c3749f8e7ce6775f36012bf9851fe2092235664523465ebb8beeb76023e4169,b9ac4dec2549951a3488f1155b4067a406f0bf9dfd22f9e8897a9248a664c675,polito.it,-54.0,39.0,22979717.0,4691862,AP-COV-C3B-XP03-05,Staff
4fd1b45e5b69335cbb2bcc40f5e154d1438ca8330aaeeb6feb6c4cd11f156628,5614755164eb818ac983852eb30282395115f992e2d932d46d4774f442891185,studenti.polito.it,-40.0,54.0,686361.0,608766,AP-AULA4N-02,Student
d3b7062f4b12e87fc17791b40611c8c924c99c90dedd23fa1c80aea4a5bf4b72,956726c5bf2e27781c6fe7e475ca2bf5ecc6077d1c0b18d3013c3cbe6f212255,polito.it,-58.0,34.0,843565750.0,27528572,AP-DICHI-3O-P3-01,Staff
7bdc0129d22d92d04b47ff175ff65716afc52503417ba72e2d8712fcffbc6441,3f262bbb32cad4faf273a1945e41f1a6ea84384bb9c04672f09dacc839651530,studenti.polito.it,-48.0,47.0,4295693.0,2300612,AP-AULA11-01,Student
427ed4ac14032559e5c179111b51994b1de6d41c4aaba414e186d37b220acb60,e5a1e94a196aab56cc16907483f720ed1772d00c2bfedea38cd4797a11fba80a,polito.it,-75.0,13.0,1173867633.0,120603886,AP-DITIC07,Staff
60d0362d3706de69f3293fa5ffe37a7451a1371ac0ca77d5d144cb144159d2c3,734925e308e0f7da8054f62568b994400899c3fa049ad73ca4aaf00884f33dd3,polito.it,-53.0,39.0,209574241.0,206385097,AP-DITIC07,Staff
a5f32686c9d1318ce26cd74936adc79167ab9dbf4cf460f74ff2698deec3de15,23fd430501a096f2a5a2a95cab6397d37dda41612b2bfb1adc7dcc9b43088b35,studenti.polito.it,-48.0,45.0,1199517.0,234205,AP-LAIB3D-03,Student
b9b6a8b114e3355c7f2cb06b91b72a8af3cc04936879346a430b458e2b306c90,8fc35d6775259d78d1425454f9bb4167cbe2b425417aa2724f48bf642c3e77df,studenti.polito.it,-61.0,34.0,582544870.0,42685902,AP-AULASTUDIOR2-01,Student
224bef4564c02fdd146d8709cc32e789b3b6797fd5b57492facfccac1c3f4f7c,d045be47111eee3de09d6620f62b3a852df86d914970b13caa9389ef632bd2c6,polito.it,-58.0,34.0,1164110723.0,609551401,AP-LAB-ANGLESIO-04,Staff
abd4c52d11f71bc3750e461cc3c6f43b304a6f45585d686d2727be1fa19444e3,99bfbffd5635f2fd20bcee154a30dc4f8566bdfd81657b5d213fa5e46e26de72,polito.it,-73.0,15.0,473588990.0,24978274,AP-DITIC07,Staff
dac5561428f3a98895381adccd8ce8fe2c82c196bb70b04e14a0331857e1efee,f8f3ab32c77eb0bd4ee09b57387b830b7f492e4cd8c5a03fb977c94793890be5,studenti.polito.it,-57.0,38.0,22466293.0,6804152,AP-AULAR4-04,Student
f0f28f04612bfb28381b69f2c7016289f5b1ab786b7ff8d926903ac46527e729,a9fabff7cc850ed38f914822ba0189d2a148026e7ecca2b323632ae723076da1,studenti.polito.it,-57.0,37.0,24432499.0,2138982,AP-AULA16-01,Student
358ce9bd190a6139417d661c769d9ad4fd3680008a05bc14f8f75c5dea7fbba8,2dbf5965fcc9d27e969d2032412ec780c0a07cf2f18b52c94c4e71d9775f7610,polito.it,-65.0,28.0,904482.0,862677,AP-DISMIC17,Staff
697c5a61850a6e5a6cf40525336091e34e8b3eb03d40da18bdf00473da2d4978,204ee37ab6bbf6877df8b34f924c256c5b3969821543adece94ca905fd81ad37,studenti.polito.it,-42.0,51.0,233818909.0,22135481,AP-VALE-BCA-ST-02,Student
b1a91017f53d482ac107a51d1447f5ef929b836fc177ec7a14b54b489fc6cf19,d32765e13a2781a1cd34e3e9156189ff95deecc2a16ba02d849c09fd301ddc4b,studenti.polito.it,-54.0,40.0,22731494.0,3626392,AP-AULA2VM-01,Student
3cef51307624580d94006ba8e0f84fcf8c4148fa42f49c2cd903b22a171d7667,19b40be2ed25530d1cb3c81d4e71624bce945422e22a6dfa2945bb94123d5208,studenti.polito.it,-51.0,42.0,487597106.0,11786615,AP-SETTE-SALASTUDIOE,Student
f25459d0704c472f719815a521922729ac5daacd5f6e519b3004120aebbfb971,56195033cc7305eea15d363f059b10114b2c822aded3a11f068e734ff343bfd8,studenti.polito.it,-47.0,49.0,312498013.0,73043674,AP-LING-AULA208,Student
a137843808616fa20001a3223b679cdd15cdf86a85bea27c8439c90e0ef25828,3f4a66e4479dc5699a706044778ac4d52b4a5ffbdf66bbc996aa0e68335ee4c6,studenti.polito.it,-52.0,41.0,35976780.0,5612528,AP-CIT-DET2-03,Student
aee7f448a9b66a08f7348c26b14ffc5511150664bb6e7c379a8b50627d949ad0,793555f8c930faf0c8a7549260abb53fc0506f814ef762813d93d27587c6ca09,studenti.polito.it,-64.0,27.0,958642489.0,443726030,AP-LING-AULA309,Student
3465a14ac642721de5a6fdf705ec32ccb388ea593e5b93192c5f35e58789f82b,466465526a2c344a006f5b389a70cc8e17333b3dceaa50240c81fff872b7ff56,studenti.polito.it,-75.0,16.0,54454093.0,8401303,AP-CIT-DET2-01,Student
d9c0851b2e4207e8d2122edeb94a689f6f8b55c2ae1b8cb54fba799f0868ccca,9746304cac82afe276c443ef11dea21cf02994f0b378c1bbf1d5e2dee1ea0810,studenti.polito.it,-46.0,37.0,35971990.0,6738632,AP-AULA4C-02,Student
85c2bff9a7b6b6c0b51b0a1f3f795b483df930367e225d37b1c1e73eaca34994,6b0b7fc5482071a1c7c7753bac3ee1dc6cce3948e43480ac711d3f20ad6eab57,studenti.polito.it,-64.0,31.0,17226462.0,4189872,AP-LING-AULA201,Student
98f7a9ad3b5f807a2f44cc91ac9c9b5fdae2982b26462635e14c983218575e73,3e4dbcb7300b3252b3b6ede73aae0c2662ce3783ca4456378700937b055ed670,studenti.polito.it,-51.0,45.0,2654867.0,653599,AP-BCI-07,Student
1558f3de4e114b1864fae4d9d28235c4636afcab2cea2c078cfc9b108970d143,92f88046f69b7095faaf84b65f0229a9d5de5a3040bf6aa9009494563cb7b4cc,studenti.polito.it,-50.0,40.0,207760207.0,27990425,AP-AULASTUDIO3-3,Student
c1083579479c0877cc278f5b132138fc59ac524a826ca91942d86810c6174bd3,fd8e1c952425bd815c90a00ccc9213ee0d59251071b128c5033bb14f8649d77c,studenti.polito.it,-44.0,48.0,688768281.0,661098355,AP-VALE-BCA-ST-02,Student
04872cfff93e21a8cc9578aa0d52d98db5612db31db1d22d2cd09ad48daf27e5,c072311f094c7909d691e3924ccd8e07613a76f33630e3768fad4a96b0c30eb1,studenti.polito.it,-60.0,29.0,267317497.0,16366848,AP-CIT-DAUIN2-02,Student
ce490c5c54ccf73a0dd7030eed73c3a441e633dee235f138171ed33a2eb01021,32ba95f80554ca679c38c1c779c933ce349a8e453c0875d5f55d54aee063a740,studenti.polito.it,-69.0,22.0,410827550.0,63811548,AP-CIT-DAUIN2-02,Student
1cc340f807a71f2cff2887295fadee8f305842e12261a61ef106aa265b34df18,ea990cdc3cd3af1ba2f9dca1e4d54b51e9c51a8406d6914e3d4f88288bb42d86,studenti.polito.it,-53.0,40.0,63004199.0,10409119,AP-AULA11I-01,Student
6fcfdc4c3c8ca43f55d5db2e566df824543bb03a8181bc31f496a05d41bc7010,7bccc859e247794cd628c5b6cee0aabb12513845e14c131025ce141aa2d0659e,studenti.polito.it,-61.0,33.0,3072057658.0,91082714,AP-AULA4VM-02,Student
896a307ebda780844d24d04793ae69495167760174ba524526dff6eceeb3367e,3b66def857181c16242f78d47b03dc97f698acab6701f5664db3c82605aa0637,studenti.polito.it,-59.0,33.0,34280287.0,8482722,AP-INGCINEMA-01,Student
c6025d9dc44cc8e0539287ea0aa3825a7ecbd0c3ac4790828162cbc04553818f,71d84407c2b3f0199c7f153c0f0e015f1d30676121cecc11cf11a7a823d0e4bb,studenti.polito.it,-50.0,41.0,3616469.0,560552,AP-GESD1-02,Student
d15caf6e400160ce12bb2b7429243fe52749fabb3e86ae4e4c2cbbb251e971bc,47486ac95569894771bc9c14dd45051d3a2606c28b347160cbae1f97f428d9bc,unisi.it,-54.0,42.0,122455975.0,11579513,AP-AULA29-05-OFF,External
740cd972282491f96a575430d6b16c923246893ca320a18a6ff294c56dfd6d43,20025c76ff854922e5b85a495dd40ed528a2ab057d8807345dfe74750f1f7a0b,polito.it,-56.0,39.0,10856643.0,1242641,AP-AMM-1N-XP01-01,Staff
ba1b3dc076d214044dbc9af5219efe7d0acf1261e404293d866339751152d7c2,1bc9ec50da615539cd14b8bda45f4ccbca795cf2e57bc48f23bdbd3659a44c05,unimi.it,-78.0,18.0,736346.0,476851,AP-DITIC07,External
656198c0478ede0cdcc8759657f421a37c02de99a0642a5335857eba3f9a3140,ded651609352433db1051953c686f9af1705002106ea7f656935b43c37466163,studenti.polito.it,-88.0,2.0,140821.0,174982,AP-AULA1T-02,Student
a2efeee790fcb6c390a625dc7843b290acd998cd3542f76cfaeb2e8e6d715714,54d1ca8d482fd1e39ad5c198b54ca98d005a72466f079b6dd1a647d53bbe1933,studenti.polito.it,-60.0,20.0,39934926.0,7308121,AP-CED-DET-01,Student
5288936ee28c3dba905c3bc6ce46fc9576795fa9cf16510a00328b1581d443e0,2055301a2ead3f4a31481fb4d94b51a256a47116f1a26be38d69409e11ff2f38,studenti.polito.it,-58.0,35.0,434658571.0,17694587,AP-GESD2-04,Student
48bb605ec88d4998f739c9eb8cdc2bfeeadf20b47f15df513fc9dd8a21ddde7d,0dac578371c4bd9420e633d758efd0583925c1a535cc55f550037521ae800f00,polito.it,-48.0,44.0,64699512.0,5776835,AP-LAIB3D-02,Staff
19b1d0ac8cd4b99b6d939c8fd816a0d07400bb43f30dcb2bc00e86e279dc79d9,918c7da60c8468bdc778d00516f6a140898dd7f4b32102f6f19a848ff363d392,polito.it,-57.0,34.0,604682989.0,280208686,AP-DIMAT09,Staff
8242c13c71eea66be46d441e73d3f8931547dfffae1d6ef10533e43e2b1f4f9c,0e9ebb12f838d704dfb74b5ce4ba8ab604dce5f798d9feff18dd4fd23318508a,polito.it,-68.0,25.0,203004.0,235102,AP-AULA12-03,Staff
e0b95c5521cd05ec856e8401704f7dedcdd0ef43c4e102b5544aecc4ec756600,a0354d597c261203e8f074fa5f7549ef65387ff11db08797452ad2d6054826a1,studenti.polito.it,-55.0,39.0,1397630786.0,17367134,AP-AULA4C-01,Student
9e7a7e2e6b5f25585ffbf6b6e93faf65e9b9ddae1a197ba9c8132cd7d325561f,5509a44ea9d893134bde3868bb945b1d7ac969f25f6493bdbec0fed84e0a6700,studenti.polito.it,-57.0,35.0,724960.0,202861,AP-AULA3P-01,Student
3243cc3064cdaccc4acef74b5332f5199c319c707dd0a27f64d440d2d8517377,5469f31447e083ce3e42fbfad0e91cf9cdcbe009fdbf0f3ce930f9b8736e475b,polito.it,-51.0,43.0,667374524.0,8048803,AP-SETTE-LAIB2S,Staff
507da21def2632132157b88e19145ff8e3c0267687dd6d4a5a32459af7d2b269,449c41c9ecb882e9219663c1ffbcc44f09816516aa60a6def5a1d8f84d18011d,studenti.polito.it,-66.0,26.0,69136465.0,2513122,AP-VALE-MOLLINO-01,Student
36c2817bd0e5beb1f9c63ac670e46d07751e2383f1ce8e7fa261397afc1d0912,2f74bc700ce469c6060f7536582d0e4f97f43fc1e7fcba25f8c19c806b91ca75,studenti.polito.it,-66.0,31.0,169171921.0,3696793,AP-BCI-07,Student
25793e603edf97fa4d89f866b02ea8811bf6be95d180378ffc3bb5048cb5606c,677c50c22dc14ffa5ff9257391d2ccc5a23225d6b9f1e6e1a00dfb2a92a3b3a5,polito.it,-40.0,54.0,20777689.0,9719990,AP-AULA08-05,Staff
11472bb72ae232c9548d6426f648f243b8d92428b190faf5dce7e4b7b15c71bf,c20c297d283a16ec0f2763dd27c08345927435f9df980b7f22422be402e0c606,studenti.polito.it,-48.0,47.0,3234966.0,656994,AP-AULA27-02,Student
61165b8f558b616fc3e06b8179af078e460efa3822a6785d4e2ad29b9f8e2214,3bc860fe888745cdb643d5c8b069e439d0d23468bdd2404bde8605de61346611,studenti.polito.it,-56.0,37.0,621558.0,158658,AP-AULA8N-01,Student
0293f1da8490c5c3733032aa3f5faa544472c507a96d7a027b72218c01204da2,95d68602b7d65811b6992dfcd7b49522d6c3c8a57d2e45c1d7a675e41b2f5406,polito.it,-69.0,25.0,5801637.0,2454933,AP-DISMIC09,Staff
a635f5db9c632ca311d6e79355c4d88c111cf7cde390131f12ff6fcb195431c3,4bd244b2700cb648a994ef2f3d2b6acd0c594d8a972e001231ed842d4a24a86e,polito.it,-55.0,40.0,121924647.0,14767784,AP-AULA08-02,Staff
9067e5e3f7c12ca4b5681023d9fb88924bf449bd4890b9d07c28def9ba2afb15,b2a3e182010684031ba1cecabab58a4f17e9df91dd0864bba48505982931ad15,polito.it,-56.0,41.0,2247190803.0,100279465,AP-RETTORATO-05,Staff
9d15f77593dd38beb7bb4e7d0487c46d27a9d25a6dc65a19d1b9321fadee122b,f9c98ddb4fcd2d83059da205bccdab00767581155eb359c472ee1f823c4d69e1,studenti.polito.it,-47.0,45.0,104113483.0,297646767,AP-AULA12-01,Student
6c91a9c8fa32274c23aa47cca6ca6b56089c1ccd569d55281e7c427e274b8ce1,689f1108fb062f9ece64f48cc85676c5ec46518a12f7b33260d3e444c120a5ce,studenti.polito.it,-43.0,49.0,104418622.0,30805790,AP-AULA13S-01,Student
35d75ef85e1d1f90f8e1819230d3e185fc265de1a88a7bae5682ab196ff27272,29835d1c7eb6506efcb0820d58e9f65f0742b78b9041fc376ac4b98de577db5b,studenti.polito.it,-41.0,52.0,7998451.0,12895275,AP-AULASTUDIOR2-02,Student
f36f33d474c2623aa240e24fc4d14b43daeeeaccc5e980e1d1c458626c4c477c,346ed792f09c81b2c02327b55a4650855acb8cdce91aa7a172ac4a55ffbe3ee7,studenti.polito.it,-47.0,49.0,65821802.0,4253565,AP-AULA6-01,Student
71b2158b5cb33e6a0ecba311a7bfa67df8dea5e16179cf18d1817e68e23a36af,45f53f4fdef2454ccc88e66cbb114b7a792f836ccdc25f8e88c9d82d57509972,studenti.polito.it,-66.0,24.0,27112.0,13996,AP-AULA9T-01,Student
ad0faff8e248892471c1569a093894e988afe827d14d3e34b97e4f2c0d24c8fb,e30244180f887e4e900c3b3ba10c600de44e9e26922ebc1a26d40c35c550927c,studenti.polito.it,-65.0,24.0,311552485.0,5105974,AP-INGCINEMA-03,Student
229a1d17d13634b4f14e10ae0abc9189a379a9cc06c231575211b7522fa4719f,de5ded7c04a6d829064f2c5ba3c3148c120f8a093efe2a3bade6eb381d825287,studenti.polito.it,-57.0,35.0,236414.0,150912,AP-AULA15-01,Student
4be1bc1bc57e9b9b9c31532f787986c45d0905401e5c92eba6f006b7da878123,f63c2d481948a5aa25e6b209313f1b9554e2ea2871e3ae306157c667f24e8305,polito.it,-77.0,16.0,135677873.0,11434929,AP-DIASP03,Staff
8a66028a08f7f16f87ebc2e6299c79d9561ad44094f9e80067e5b8269f60339c,de10228e4732db7f9bfe937cdb93ad23209cde106cd37401a89188d348c593e7,studenti.polito.it,-44.0,53.0,152518043.0,47701293,AP-BCI-07,Student
fc94c29734ad9f6fd6879373d085ef3edefc33d9256d0ff5db7e3e797afde0fa,aa5484125fe5b78bb22762e414cfa39c28f049fbf5879641eddaba610bdeb4d9,studenti.polito.it,-52.0,38.0,2861263.0,876552,AP-MIXTO-02,Student
ab556926816f4e67e4ed4ac7cbfd7487c011766357fc233197360ab7f4c40cb8,1bc13d3c9f2143977426075a2b7c7c192b3081e83df672b652b1935206f83d78,studenti.polito.it,-68.0,23.0,180579466.0,18626161,AP-SALASTUDIO4-01,Student
981ce995fa74fb3ba14434869eb69e57c5cfe0c73c566ec2b261fd5051cc261d,bc760a59ecace9765b68bdaebdaa1cb72f698525a07d3ff803c6b504c7e916a4,studenti.polito.it,-45.0,48.0,377033652.0,21394710,AP-MIXTO-03,Student
b293e6524df287bcca1fb63feb9420ecb242d3cba1b162f9a46c21f8b259bc0d,59f81d35b48a0406ad3af38649034b10bd105933021f84abf03d273612370a2f,studenti.polito.it,-69.0,15.0,95192.0,38463,AP-TRIN-01,Student
0cab35e0c3f4de8f2a28346ca92389ce0a03a4f960048d7d1107ff7ed1632a2e,4ea28ea9fec33c1f9e0adcadd3dac22f95a3cf4fd95523e1228a094912d6abed,studenti.polito.it,-52.0,43.0,44040176.0,2245892,AP-SETTE-AULA14AM,Student
5e940a456ccccab05064b1f904a72e594f2c3181e33708becd074b5667aabcd7,9e5831c9f7246a2c45af7c189b292bca49c491167c8701b3bd23ed18e032b368,studenti.polito.it,-55.0,41.0,67226287.0,3664518,AP-AULA4-04,Student
5c633e34f6faf1b511b4ca10ee8e55b63594fe63267a1797425dc1af66face13,794f1f069e42a5d9c9065643b4307cfec6bdd450b63358275c4526bd73d0fe52,studenti.polito.it,-62.0,23.0,5463906.0,347755,AP-AULAR4-01,Student
d2030b13d0976f182efb6b7cabd180c7f58c44a225b8fdead9e3379704fa3827,d02265b9d926cc1b961be352c304463d8db9c764bc2ff2dfd148b43981a8f8df,studenti.polito.it,-42.0,50.0,2434709.0,6368983,AP-AULA6D-01,Student
628d220f7f7fc2441aa43ef84e222e1b7b9e0d6d7aa4d1ecc0a912d3a8834333,e486cb59142cf349e7ba7e3debaa4a8e578eca496db1f3c4069dc82f7022c479,polito.it,-78.0,12.0,257664976.0,22126297,AP-DELEN05,Staff
7448488372b76f26c8231c51aae08a0f2ebce60b17f7c8cd1e14e3eed84662f7,41655a1f97b6be10e77765ee03781052fbd8b971080709610eeb6b565ce2e56b,studenti.polito.it,-53.0,43.0,623737594.0,11723688,AP-SALASTUDIO4-01,Student
5cb85212b971555484f753370330cf7175f4a9756cab10b667db2eff2605d402,efb56ca71afab66cf3b90ad123a9a6a89fcea4a68d5ea2e3bdc1332a9a3d413e,studenti.polito.it,-57.0,42.0,9081514.0,1481093,AP-AULA4-04,Student
06765aecb466e83b7b5b705b932ad9b98393d9b5f24cb83598f4c20a7dc4de4a,93c304398d626a88c4c4c6df41f33fa1b1683145a793e23294295dee2776640e,studenti.polito.it,-66.0,24.0,18470841.0,3161681,AP-AULAR1-04,Student
e86777b8c92dcb1bbfa2954dd11ba754f0d9f7c523567712b4ad0a6afa9af8f5,87490a8d827947866dfb91eb96d1ec6b8eaa6432cab43efc5454b223190ac496,polito.it,-37.0,51.0,2352116.0,1986906,AP-CORPOZ-16,Staff
c7a2cc8e98d7ed47430f8745e24033ad57dc99efad9f9232679afae7ec118540,7422da45da66db71794dc3810611dad0e29588d9ec125d5ee302fbedd8539e93,studenti.polito.it,-59.0,38.0,6908434.0,1818982,AP-AULA16-01,Student
dbbc50732ba4bf26194336a928e69cba87f0af3b14f3bf9b7813aa05fadfca5b,49c63b0c7ce991441d85807cd3fbcce55b5aec4ac6ea25024b9b7129231dcf6c,studenti.polito.it,-55.0,37.0,10992421.0,888880,AP-DISET-01,Student
345a82fe3de8331f82f5758e01d5b3db9dc42726529da94637594616b35b0164,1ad549286696eb0aaccd0fe8c1971bce4143b4766d9ea522c136f0d01602a9ce,studenti.polito.it,-48.0,45.0,4480026.0,855774,AP-LING-AULA203,Student
f81da4df62dadc4b971d318d96755735ca6518ddd69c77a46dad88e69a431ad9,a4f399b894d5402de475bea42be7a0ba141f4ac9d48c4438caa7d399d7a52361,studenti.polito.it,-53.0,39.0,40621316.0,3709987,AP-AULA19A-02,Student
faec91bd6ef21f13cb320186217cc713b8dbff64efeb099ca1e3209b4acca736,7ecc119ce9157ddf546e25ed1098acef652663b6f48c0948c00fb293b5489478,polito.it,-45.0,47.0,18717704.0,15816811,AP-AULA2-04,Staff
140c6ef0ade4dcd07bbd988b98e70a443a56286157de8e44c341b74a8093d3c0,0c974bf0c3845bcbe78d0c18a65ca87aeefbeb3ede44c0146f06538698499e27,studenti.polito.it,-73.0,19.0,3523379.0,361422,AP-LAIB2B-02,Student
6e0d06b1c99eb592d095aa8c2f5fa954141e55e91a57bbf5e28d851e2763eb77,eda75a3b48c010bfd57e565354a969286169e737e778ace462eed76a3f054e14,studenti.polito.it,-61.0,23.0,7930032.0,1561524,AP-OA,Student
aae902c09a0d97114c46b5dd1d752ff50a6e0b1eeb3b12e8ef07f03aca08ede2,636ea299d69cf7a7da34e53132c9148a12ac85552c99fe962b1e00044c07191d,studenti.polito.it,-66.0,24.0,4142203.0,872073,AP-AULA6I-01,Student
116ce516486f490576b6fce6237ff35cad7c928a02aea939b60180b7868a87ec,1b2f5e34abd7fe714d4b451a5aa1071c7af15b56630cd84e122a7b8da6902d9b,studenti.polito.it,-64.0,27.0,654268.0,463974,AP-VALE-BCA-ST-01,Student
f2351140220ed09dbc9e36ac533a130d5ad955b584094f322bfe745c09a993de,4172f6138a83ff0c22bb1aecdd91814157c7d164c1d9cfcc4a47333be33666bd,studenti.polito.it,-53.0,41.0,4336752.0,1031417,AP-AULA01-03,Student
3405f587b2c88ace25c9543b4571bd18254565c93b90b0fb7b5cdda50dca4a16,474f25383608a80d0a8aa3481183eb029827c5bff25bfcd5aee2ae224ea0f38b,studenti.polito.it,-63.0,31.0,33476160.0,2599521,AP-AULA10,Student
49f80093c4c015218a7b70f66a376f2966f2caccbbe6988e95d9568aeaa410f1,4e49f3aaf274f90d5d3185c42b27c4478264a0385ed67c14c8059a65cc91f892,studenti.polito.it,-64.0,32.0,34178.0,38385,AP-AULA3P-03,Student
cea27809bd5437c258f608bff713309c44a0a6bf3e7c27db0d200dd708b4b5ae,289b8475dc227a99050bd71683d185d3309a647c4e1cf7593cf8473ac4fe4ae0,studenti.polito.it,-65.0,28.0,121513979.0,4136552,AP-AULA1T-02,Student
4c3523dd19a4965e0c2b96f33215a20ed2c4afba692123506272a851c8e2da5c,dbea7b6c13bb5758a68eb481ff3ca35623267132261f403cf3aca65772439b76,studenti.polito.it,-71.0,21.0,281959909.0,16290260,AP-CORRIDOIOAULER-02,Student
40faa02a835a75cea5966dd694810f30ca87361d054232852504223ea0b50ab0,90b96cf9aa849638830c48e6040036d444dcdd639f90825df8506e52f32e07ce,studenti.polito.it,-58.0,35.0,4696638.0,1585711,AP-DISMIC10,Student
dab8ed83e81b320a1446436b92112f06ff5c3a57b1d1e33d07b06d14109407f9,a1a59540ea29d2b11f2886dc529e454e06fe063dd576f6652ce9461e66ccde35,studenti.polito.it,-49.0,44.0,2632093.0,2643808,AP-AULA7T-01,Student
2d2f9233035b3402eb332f605749cf0f8c42ac2a0ca23cf2ce068a1b88234d78,f659ab6e1d096aab937b6c730e7b08b7f123d7b428baad0c94dc31787d64a965,studenti.polito.it,-54.0,39.0,26740462.0,1803757,AP-AULA6C-01,Student
958d121d3729a7dd8b1f48b0397f4ecc6744a7f1132518eb00c50f0b037f06c6,ecdefa38201fe8dca6cda3cfa428417fb9d96989cb23ebaadb76501e3e80b8e7,studenti.polito.it,-51.0,43.0,5892178.0,6518383,AP-AULA01-03,Student
197f03877a2415c9c9f837c4c9b478768489238756df6656ce6948c1ea63fe50,005278d2da2b8999060fe35a948c7070008808bcae5a2122e0eff3df6e1eaa5d,studenti.polito.it,-58.0,36.0,2206258.0,5367698,AP-GESD2-02,Student
9b956a528f1c9ea6bd61e14b56cfbee2d01bfd40dc3dac0045688d26ca097f5d,1ccec9736f6d7acdccc17fa79f47813dfd2c30f8747bf542ceb7da6f5e75d85d,studenti.polito.it,-56.0,39.0,43405515.0,5903192,AP-AULA01-01,Student
3e2bf4141e7b7d43ca620f9cc28cd739fec4c21b1f38544a4f1400e12f8ece63,49c63b0c7ce991441d85807cd3fbcce55b5aec4ac6ea25024b9b7129231dcf6c,studenti.polito.it,-42.0,49.0,856731.0,161333,AP-DISET-01,Student
39a378f00bdc5a22a1a485ff7dc8b1f80518e3086a2e0c3e314e2e2de2e76fe5,108588f7be28641c219e5ac335e07b661906183b5ebfae7aa26cd25f1d8a0bca,studenti.polito.it,-53.0,42.0,4258324.0,18398687,AP-AULA6-01,Student
80ab588d310d02f52b844f331eef4ca1543cd6e5535574239749b29b7d04d43c,aa756b340f497ae8246bd5eac6ae0dc944c364d0ec87aa9328912e6d0e667a86,polito.it,-60.0,34.0,1559575.0,314741,AP-DELEN-2G-08,Staff
16d20d9203d51f9666f24ccc52a52d44da1de5ffeca9f68bf73fecb52b75160c,3a142f56d734f563ffb31a9921320e745ff10f5bdacba7fda0215cd749a4a657,studenti.polito.it,-67.0,25.0,136462565.0,3799422,AP-AULA8C-02,Student
5c142d27b40f6eadd532d80d90e68b2340ddede102e8173c7530fd31c05df191,058718c90becc553c736a917420a26cffaf86dd63662561d052e08e900a8d6e1,studenti.polito.it,-44.0,44.0,16433103.0,1273756,AP-LAIB1B,Student
6e2fafd61639de665f4d9d718e2320ef6ec88b09e465e959fc34d6094583a742,53c839a4b1a624c7fba0a92f86bad0e554306a676d453c504631e6e2bf8a686b,studenti.polito.it,-54.0,39.0,627551.0,480269,AP-AULA7-01,Student
02383cc39c40695c0080a526f1669743b893b298e32488dbaa3fb430bb22d793,48526823cc15199cbd4ae139e71f3d0cd3a39362188bfa17615c043463b2b1bb,studenti.polito.it,-54.0,39.0,9439609.0,1623550,AP-AULA4N-02,Student
1fd88d700a13ba4dcdcb30bc737548c6c9c01186cd4050dbd55af7b4ffb60b98,4fa7240e1a127ecc1bc8316c6688c34da84ae70b07e59aedf9bd074a73664a7b,studenti.polito.it,-54.0,39.0,62376127.0,8239872,AP-BCI-TZ-01,Student
1403ee0f6cf50dbb3f8e67153029213baaa89abe4b18a1dbfcce99be677f195d,8734428e08f5195af907f1913b5b4db1d0057124b7dec019e9daf704d2a82335,studenti.polito.it,-35.0,59.0,81328894.0,7673770,AP-MIXTO-01,Student
25f93fee886a4d93d0bd17492fe616aa0e1718e93810d372dc8feb8f222d3eab,1e315e256b8abe69afc541271ed458e1532fa179a120b8da0c64b35d98409d28,studenti.polito.it,-53.0,26.0,49617.0,25283,AP-AULA10,Student
66eb2e97476530483deffb5520688c2e32692fa6d59655a3a78e00ae90756dfb,240aaf0785cebd88f715a26065cc20bc32469b55b56d63d410c112ec504b41b6,polito.it,-76.0,21.0,6480677.0,2777520,AP-CAPETTI-TD-XP01-01,Staff
d413d0f4870522be54916082857a8d0f1a326ef8e925977f23b2259f91a78056,1abfcf97aad54a1db5335a35a74009d29f5d0cbc728c638f07e8195c790c0698,studenti.polito.it,-57.0,34.0,49024088.0,5439032,AP-AULA7I-01,Student
0d6183cbe8b0169813c5d1515b9fd1ba1a46a8c7b60ac65ea30c416c2972db92,959504064f100299d6d83d0117e7b30e9105fb28eec122954cb1409f039a6561,studenti.polito.it,-68.0,25.0,108103143.0,5202492,AP-ENERGY-04,Student
9fd6ea0194b913b283c5f0eecc03c0d6d491e1b97ef558db8af10bc1d5019dbf,f2ad2e033f1de014448b1d373e7655050bc186e2b6ecb5dd5137b252bb29f713,studenti.polito.it,-64.0,31.0,1721431.0,816387,AP-SPECIAL-NEEDS-02,Student
a89cc842f0256b5179b8fb473ffce94ac09a3b4789aa17681e19f1a0f7a33331,e15cc17f64df660539c87779817ff250945bacb49706d6e0237b80dd8c28e030,studenti.polito.it,-53.0,42.0,26465732.0,10903490,AP-AULAR1-01,Student
8e021bbfd1616763d51e31d09ae939f0de629e7f3115be787fc2b4e93ee2daa2,826777ea88ccdefa26a7d33145a04d918d278281df3283f5ce4ccac1ab44c85d,studenti.polito.it,-60.0,32.0,692138429.0,77445016,AP-EXREALEMUTUA-R2A-P0,Student
c59601ac05060fe285f0559d0a6182dfe5553d98dea1adb5765ee0982e24bc05,e7a1c76ef86cef4ad2d7451fd556d2093b7badae9cbff46e8b56b7f8446f1815,studenti.polito.it,-53.0,37.0,18975866.0,3344324,AP-AULASTUDIO3-3,Student
4d264e489d71d113be6d954454f0123a82cfa95c1a8c0ebc7495a18f8c6422ca,360a483371e965b231fdae147812d92cb86914b945b20294fe43fb89b65f292b,studenti.polito.it,-60.0,33.0,465654383.0,105172895,AP-GESD2-03,Student
e57bea991666eb4f4bf6359c9b44dbfcce90347b17ac4d72588521fdf86f0b94,2be50acc3d0beceee253513caefd784f0bd6ceb2fb0633d6659f5e4c3e06db3b,studenti.polito.it,-59.0,31.0,515502401.0,11722364,AP-INGCINEMA-01,Student
3da24524cff90c17d1e210868ac7393f9118bcc8838c001fec569233957f8a5f,7a7337454717842907ae30f4607a0c98cf8edc0e059e4274728e3a45b4cd624d,studenti.uniupo.it,-84.0,13.0,51221.0,253039,AP-ALESSANDRIA02,External
a44053ee3c1e6bf3f9789fcee912d6f1d144088e322498f29fe6755f1a5e7817,cd17972c0d0bb3148e8d498c18a941d43443a2d38d945dc10931f7f47c771b39,studenti.polito.it,-59.0,34.0,1060337287.0,9609995,AP-SETTE-SALASTUDIOA,Student
805a9b5a2b3223287457e68e168aef65a1a5ed5e32a10642f69e1e5be62d0a7b,dafe5041081450ae72b8a69aa0c7128cbd4d5097640dd8cc780ff4715196adec,studenti.polito.it,-59.0,32.0,63932424.0,6770992,AP-CIT-DET2-01,Student
6c532ccf283ffd8ec15ee76d758f3f1f68b55b11a7a01f73912cb3472f9ac799,689e2a78734b3bb7c5afd060707bc64e404bfb30b36f873fb215107d96ae3aeb,studenti.polito.it,-42.0,51.0,1916681651.0,1035067750,AP-AULA01-03,Student
e7161abe9d05c79df32e6ea21e46d76bd61e32e28a857e3fa620ce19fa147e83,7622f7bc5932a6b630574968ae9769375392228539d56c5d83ce215ee22787ec,polito.it,-62.0,31.0,168046616.0,9193065,AP-DIMAT01,Staff
75228aa2b4811d4c8f9db71348e09ff82376fc57a2008ec951fe38831dd7af3a,6890e2005506da7a9f6e07f14178a56b53dbf332c1b0152f7063983d6e293523,polito.it,-79.0,18.0,6450623.0,606910,AP-DIFIS03,Staff
2d81526205380d71737d0ec337fd49531c78157654e0731b0f3467d2bb7ecc31,95611a756d1a98427a836b4ad4f49086b4cebd56ee2f25b6fec552a140c8e0cb,studenti.polito.it,-54.0,38.0,21918960.0,4562756,AP-SETTE-AULA04AM-1,Student
09ccf9206748ff44f17708594e4fafdb7a1b84c25c9cd9b2cb370c1d9551d945,68263e63ddacf5598fac70e21bd22ae2df6217eab8abde7679dbaba2ea3b1541,studenti.polito.it,-58.0,31.0,6339177.0,976679,AP-AULA10,Student
ee0419fd646b9a5b84f9c882306af615902e4a866448a781355cb73b0f184dc4,ec329d556c6c184182c8cf8fe601b7455ad39e87304948278414c5f72482e1da,studenti.polito.it,-63.0,31.0,34940679.0,165495303,AP-AULA9I-01,Student
e2eacf1644ec146f3221d86a57f803758d701ddaaa66777902635a60b542460f,8c788dd269577118779b8507322d8f8eb873d827b364d13fadc1483fc37f603a,studenti.polito.it,-56.0,31.0,116905521.0,3496519,AP-AULA4VM-01,Student
050005fa44df71d7d3c75d70964aad40527ce2df076813fd3729cec7d5963b65,c72e825ae88f43385a4744eb950bc1fc26fe4aa9139f09892a5e404a4d602258,studenti.polito.it,-46.0,42.0,249808777.0,794337352,AP-AULASTUDIO3-3,Student
7b4cf233f9764a83b62b54f012985f621dd8694381c63718e8a93aa1f761b012,b1ab33772e8f4c144342e011f373dbdb7f887d5686848b779c28b6f8b9cc8f1f,studenti.polito.it,-47.0,47.0,57092455.0,15410561,AP-VALE-BCA-ST-01,Student
159f5c8b3d3d115cbc8bc69fc76fa216d9a4987fb69e73d5a154a1d6bb592761,11375ad34e01a628ba23a2f28af18b843eaf226b3858a2927f6880ed36b09766,polito.it,-69.0,24.0,9195631.0,3225835,AP-DIASP03,Staff
5b7f90f38a6ac0a2840456be789781041b23b8a445d18aa1fa385908d022b641,f92c66370fcb8c3450028870bdd2c75f0e498db8ddff334220ca3e4d24c660f1,studenti.polito.it,-56.0,26.0,22841388.0,9165991,AP-VALE-BCA-03,Student
1c1af7c6a63ef1851e901d3e54f1caed9510b50993451e45953208c1fe2ec3f6,05e6edf4786545d0f87b12d6d177fd1c0d3ab215fd863ef27edca3a93f5790eb,studenti.polito.it,-43.0,30.0,99190.0,90695,AP-MIXTO-04,Student
6c4e106c27caf8e01f1859f30dabb0b3e2f4d1dd7de8baaaec225c2a4bf2c704,13df8cb4b84a3a4f0bbe45771d5e9c7b67a7ca3c3a6f0c045e79ae054d195510,studenti.polito.it,-75.0,21.0,1613267.0,496774,AP-AULA10,Student
46e12c1064ac3db5ee7d16c26ccfcabb8ee1a6afd67252d1b7509c3e00963335,439b4f362dfe185f04f443588d46e7aabcdc7f4dec0844364a369fcbfc005743,studenti.polito.it,-79.0,16.0,69424.0,18859,AP-MIXTO-03,Student
9aec7ac1b26aa0744a04903ec2aa7282f1eb033c2d296526d71e9a1a256064a2,c2082be83658d5af208d8c55b194092c2b1944e3ea6926829abdaf2e39b2ee2d,studenti.polito.it,-69.0,23.0,950319.0,548398,AP-SETTE-AULA07AM,Student
07a380483015d7e719555e2272ea2db484199a469d14cf00272c518d21767182,9d42fa80b2222bbc52714178414f1e29c46eaa3fef49b05bfb378a40857484bb,studenti.polito.it,-53.0,40.0,55845686.0,39482794,AP-INGCINEMA-02,Student
94fa96ae67ef32576a1741edc9f4433047448c39d52cce01593d1375ae48ac7f,a0fc23206c5501ceb518d3c3bc6d3a0c5fe634c291a8d5a7b810ee70e8220986,correo.ugr.es,-76.0,20.0,443616.0,263604,AP-VALE-CHEVA03,External
084ab6d89cc36a124296dfcbf6cfa049d51350e2af7bf022fd41db3e78343a58,8c0250c3e17ceb47248ff4a3dd40d045f4754220f6f8c5dd70f3ad76f0c11d03,polito.it,-49.0,44.0,3200350731.0,70341970,AP-GALFER-08,Staff
e26cae494cd5baaa5813b281d24b03fffffc2bbf47493bbaf306b184da228d67,b5555c3c4e366598d41379a859320a98b30508d298abcdba01dca30de15fdbb4,studenti.polito.it,-68.0,37.0,82911182.0,5900492,AP-LING-AULA205,Student
5fa9dc089877e790b78b2eb0edf7582f522b6e04091d77dd1b5e9f0d1c56cea5,3f7de87d358acbc97d7cde383fada8a0fd787df3a2d6773fd87a1b087d0c35b9,polito.it,-60.0,33.0,67096560.0,5120888,AP-AMM-1N-XP01-02,Staff
c09b070e3627bb29ffa336e5c83ed6d4d67e6cb806f1bf6c9f0761bafa3b2719,4879b2e18d0ebcce0a4db5a31bd888d25dbba5aac7dce452674f49a89b1db701,studenti.polito.it,-61.0,30.0,5163854.0,181204117,AP-BCI-ST-09,Student
da90fc6d32e570abcd78e19805bd20d8237d4a6e31279d31204cc8a69fcff02f,82c0f55f27312c6a30fd192b619a78da0b502b3c358b1dd4a03bbe221cfed337,studenti.polito.it,-56.0,37.0,220602362.0,8325585,AP-EXREALEMUTUA-R2A-P0,Student
ec0ae7e8eabb3641a05dcc488215845fe25d800bbfbfab6c4ef8dd354ae219fc,3d3c87ccf4c89ac343c81e2e529c0d0e3243e4c04af95a631939dd3c8e12f899,studenti.polito.it,-64.0,31.0,841411.0,612803,AP-AULA08-05,Student
3b050bdac09e54aaa238421fa0cc0fae0c83f11bf66299ce386c517106b46666,ec5b78a2b4558fae141167f44eb7f39577ef381934405ff3fe0385e72b54ec75,studenti.polito.it,-56.0,35.0,26834636.0,2220790,AP-GESD2-04,Student
218f3803603df3832266b6ed1e598875b6337d5bd77f6c1b09e8989987c80d3c,9f7cc045c076ba2e6454f215255e6e916e51af909c7cf1356557ccee39cea096,studenti.polito.it,-58.0,37.0,369809112.0,52282394,AP-CIT-EXCELID,Student
71073a1df12646a7a1bafa958399ba7ee82ae79a8b1a5de964438e7b587ca0bd,281ec212106dfeefe68a1de9250b1eb69fbdfa60b9cdf41e5ca50a8a7de8803c,polito.it,-70.0,22.0,344280053.0,13692841,AP-DICHI-3O-P3-01,Staff
44018aa2e6d47d05b0faff2d7ce98a3908ae6d05c302ec00b236b27225b51278,8cc54c41d864d422f4867d5d8a0ceaf54d15e94a07b34f8adea2d4a0709c5105,studenti.polito.it,-54.0,40.0,572006039.0,29492289,AP-AULA1VM-01,Student
ca615d9cff321b71dc3ee1bdbcfad9fcd8fb7dacb2bd8616d36a6c7563d89aca,b0d8a3e481b1e908b218e27c01cd46df193920e2e2372e7c76e18def2f6042cd,studenti.polito.it,-72.0,20.0,2613157.0,862337,AP-AULA8C-03,Student
3b74c98a453c914f5c046115ba180dfa37cde62a283548aa1d24d80b5e319f2f,2e8e113a629595cf608111621dffa8c28a25fddad727837cfb77ea770a986dc7,polito.it,-48.0,44.0,237356788.0,7613016,AP-GESD1-02,Staff
c7d3ca8beaac506723538e8e82712047dca307ecd9f580c4cc215ea9f5f376f7,1035325afda50a60dc807f5a5bd87fdce2f93d6fd1e4e26df58bbb160f2606ba,studenti.polito.it,-54.0,32.0,911785.0,554209,AP-LAIB2B-01,Student
385da59502ff5f61f411f495898e18362e4b8051230acd7076ce3e1768a8935e,d2ddf3182c4c3a0a277b5115b85eac62033778afa810135306d8a3d7cc0c04ef,polito.it,-66.0,25.0,16017729.0,4059262,AP-DISMIC26,Staff
5ab1c197fabdecbc474ff1a0ea32da7129e5c38677d1ad71a9ade5d61d83bf9c,377528ab1d562ff1e7c607ecfe22606975ddaf7f0ed37bab1fcc85626477bdc3,studenti.polito.it,-66.0,26.0,1021266.0,579649,AP-GESD2-01,Student
f7823eb8ab11be58f2941c9015772e316011e57b33ca021ab849b9e1fcf99fcf,926ffb1487ae69c93ca8221d60e5b803a33854c69f29a62348152167ee26e487,studenti.polito.it,-56.0,36.0,151060124.0,12383636,AP-VALE-AULA4V,Student
6b8fa816f4d9b6d7494297e850eb5b31e065e83f567d3af5ddae6141970f6ad3,,,,23.0,6863.0,937,AP-CIT-DET3-01,Unknown
c8bcd72e25b1a43d88229a5219d6af93c50edee136155baa332ee1e0363dff07,d8090e80fc565aad22dfd4c9f12fd4b7367f0e6c3c50768036cf0ab0f0c4dce4,polito.it,-67.0,21.0,24060906.0,15294559,AP-DELEN01,Staff
3d0453c289687bc5788f4556de7d849d4b932991af71169ff163ef18734619fe,cc683b2ce2cd15ac51b475e6db3f53bc64760e0d87edc3f6e6eb187a90257e67,polito.it,-55.0,33.0,413919.0,3612501,AP-DITIC07,Staff
47c0004ab7325954ea791278da37b95dbdb4b3a42213a13040d01965d2c1c69e,9001c9e0477b3ccc3b30d66d49ffc23898ef778a7108763c055143a1b1c78ccc,studenti.polito.it,-57.0,36.0,251759777.0,7280108,AP-CIT-DET2-02,Student
554253fe76bdbcf2a413cc64f7bd81a9812d9f29f9e5cfbb989288aeb2960154,72518240b976d1eb7cbf4ff50d48de489e5ac46427614dd707bbb08108230eed,studenti.polito.it,-61.0,33.0,52915952.0,3010287,AP-CIT-DET3-02,Student
815276cec015ce7c41847f9b490b098174dfe41cb9f600233548040769a1d4a1,23c34c1a13459c6f0ba72648a4b561c28bcfa097eb782496294d52a609f4af10,polito.it,-56.0,36.0,27969.0,25115,AP-CIT-DET4-01,Staff
02c3829c01447e732903046fed61715ba26e36c3871380cdc750f6340384aa43,f371e1124f9329411021e14d78a8eb8c382422933c7552045b968bc238a1c817,studenti.polito.it,-46.0,46.0,0.0,0,AP-LAIB5,Student
3c258a6e0141dc0a6e25542fc8a0175ecc4889ed4a60c3ba8e567bd8d8962d0a,82f7661d8ba6c60d5a634a4d4506c62ae50c3faddf76592bb0d6c1987dd458d8,studenti.polito.it,-45.0,47.0,62686962.0,3606216,AP-LAIB3D-02,Student
e0265fe417b4294387c4c029e637a1ed26800e7ff5f1ea8f1b8d431431c5ba01,41953df1dcaf29bfb6b60c89e9dcdb4ae6739dbfe911ecdb7d4fe8fb2e05295a,studenti.polito.it,-50.0,41.0,13316344.0,4841074,AP-AULAR2-03,Student
b4dd024f61980e2359dc5e5ad5b32300c498947d58825cc1fa9c402332fb700c,dc842f9706f21b59c4f7a7a7f0f54e769c0ad6ce93f6b19f22e52fd30b9f2afe,studenti.polito.it,-87.0,3.0,125011.0,100427,AP-DIGEPB,Student
7d0eeb35db655946571519e1eb69b3452729b51fdaea92f2e13065ff72436474,f28ca534dd4cfb41cb4fe901d4daef82a60a102216d5aaf908a0f05d9e619903,polito.it,-53.0,42.0,101771691.0,4741928,AP-MIND4LAB-SN-XS01-03,Staff
1aaa1f87a883dc91d64727468807f532a458e39b9642c5d45180421e25e660ba,ea4e83f78fce86c7e39d6b68d6f356795c6a042e772886509100580ac08aba15,studenti.polito.it,-58.0,32.0,728633.0,499690,AP-CIT-LABINF-01,Student
7b05de8dfe6a1aad8e5d2b23169be4260273345236a66e7e2e871d419f9d531e,e8be87abfc3fa959c31e381d6bdc0b33bb3a8aa1079d91d49b905f465b801067,studenti.polito.it,-63.0,28.0,322966803.0,15884492,AP-BCI-TZ-01,Student
a33e2b482d25287a1c57f553a89774c2898ed6e16f41b8458a1177c91736fb6c,09163b9f0cc1636e075d7b67a577b46f35bf19a0864b76e7864d8d58088c6c9b,studenti.polito.it,-60.0,31.0,89276575.0,81376665,AP-LING-AULA302-2,Student
5f780860c5b34e6b2818e71b2f199256fe04b0810da98aed4c0904fa775ac56b,25c8b300714f3a64249242bafe2b3e36dac2b832472cc981661254c1478ea0bc,studenti.polito.it,-39.0,50.0,63074745.0,10611908,AP-CIT-LABINF-01,Student
3fc2bf0c1b4dac898c775c7d6028d22f0b3f30fa0e4ad9332bf4c8e2f2d9ac5a,982a4ee8b69435db7d318e9f2424c4518c3015d6b061570a72f1c796077a639e,studenti.polito.it,-45.0,44.0,315307966.0,8986665,AP-CIT-LABINF-01,Student
0f79edd44fb1666932bf85e1ecf1bad7ccf4b910d3bef79dcd9ee74b16caaee8,4262de490dfc57eed917b8c3609650a501df9a8689d3689ccc9c65619f130e32,studenti.polito.it,-52.0,42.0,31783995.0,3318979,AP-AULA2C-01,Student
9a030bb71c9126690738a499bd6ec3ef0f3ec4f6804338ca941376645b5b7798,5704b16dd9ae1ba6b59d50a4f48b3e51be850661e5e22bff8d6467ec925a65bd,studenti.polito.it,-53.0,40.0,151558535.0,21343136,AP-SETTE-SALASTUDIOA,Student
70afa4301f145b89bf4dddd006ba02468d6d4c00dfb2d9263deaf96812bc3b16,b56d7ce71e948a3e41407dc41961e5ba8caf1c09313f5719640c5933a137ce82,studenti.polito.it,-63.0,34.0,238352521.0,2595909,AP-AULA16-03,Student
8259a88b088f03c8f6bd344a1434d1a498a09ce5a6806488e7ede58d0db387fb,df7f8b43fb4e48b5ea7bdf218e8f65274c1b047fbe21d95f3c54bd75ce743d6f,studenti.polito.it,-58.0,33.0,24404940.0,3941831,AP-AULA5I-03,Student
4403bdd69848b1dfd700a6de4162d888dc8943417e6e36d60bafac674c51bbc5,5ef4968ddbdcbc987f0eba4ec7f04c0cad26cb4df98a2010e20bbd264754b4eb,polito.it,-57.0,33.0,61595065.0,3790000,AP-COV-C3B-XP03-16,Staff
d9b63a93080699f3f4e04e5aefc6c4704d70139ad72f4b58185514be8d396f3b,4997b3c86632d00b3a166cd2be319896098ad0532c12cb551ba6dec967424e7b,studenti.polito.it,-60.0,34.0,104530188.0,8869685,AP-AULAR4-04,Student
cf26bacaf924ae976f14fb41c6fac40d1878f257d9112c2394fa325704c714f3,f700b7bf4b3a7fbb68d18ce8f52d41002fd92549367e2db3cf7adcf7b1d0856f,polito.it,-31.0,66.0,3867363.0,560053,AP-AULA4VM-02,Staff
7fdac8e2c1d213827730012b069c63c4ead4b30a5017b50d94dd3a8641db4dfd,2088af267e7a43c80bf13723a29c07ff764a98b59cccafe41a34ede869bd3971,studenti.polito.it,-54.0,39.0,130673796.0,19659959,AP-INGCINEMA-03,Student
8dd6e1ab6f9d4d40e4571d6a93e0d3fb8b23f277d10aeee8105e58cb4f275a38,5c33e2414636cac0be09a4578d863c8fc714c8f41d83af6f60c13e1c680152cc,studenti.polito.it,-53.0,38.0,129326608.0,15650272,AP-AULASTUDIO3-3,Student
7d916c930e3c1008996f57aa789516c4226d0d91a463368d0d405e44f5567ff5,ac0d88cbc4030444a9fe065d4b5d3ce21394c7212380239d23e9c850f4ca93b3,studenti.polito.it,-62.0,34.0,150463941.0,3099978,AP-DISTR02,Student
88a0ea7354207bc0d52ad4687291b1e68d99e5d39da4c78d0983d7c74782c692,b1b55f803504a6e90de08c8529e72c6feadde9293b1873a91a0e1b76ba3cdb81,studenti.polito.it,-85.0,6.0,34755397.0,4698608,AP-CIT-DET2-03,Student
369603e3b1f4801079df20906dc0b669453acfb0c1ddd9dfad1790fd3f048ffc,05b744c5062af5bfca76b09968cc042bda4ab5b4aef154311407ff43ead9f635,studenti.polito.it,-59.0,38.0,531855566.0,7770163,AP-AULA08-02,Student
7df1cbec65b54f929f5078aa2b4fa40ff666d4b2544c5b1965357efcdd22b886,20cdb0d16454082061d84d98393b3d5abea82d1c3d1d148ca3ac6741669dd1eb,studenti.polito.it,-61.0,33.0,8243718.0,1941232,AP-AULA2T-02,Student
5e830273861f7b15b8e189b7de59f4fdbeb0757a3a517e3d0f1e98380849d9ae,a57e816f1937ad71810aa002ecef9d2fa6112ae49692e5978da013c0b1913aef,polito.it,-71.0,22.0,123077570.0,24486375,AP-UFFTEC02,Staff
496f13029ed595b54b443a33fc6f51bd5a637a87ca4f26b5df932af267151f03,dda8de60935d03bec47c6ba851d06c5e6c37d3a1e26335ba6d6fddd6227b727a,studenti.polito.it,-55.0,40.0,7389409.0,1297719,AP-AULA2M-01,Student
843946fbd03943b4060a08b8e485143e9313f50a643a3b49120791b8ccb0bc8c,7a11085560fd7d5a01a80ef88186abfec007d7d3e4acf1951a4183f4e04a56c3,studenti.polito.it,-63.0,31.0,1704657.0,544843,AP-INGCINEMA-02,Student
71821ded79d3207f8c5d8265c52ac68585c16e4ccd18f41ea07dd47fe0d1db50,1ab9f1b62d993f2a250527dc6bb788a00d672cd8842c9793bac75e1fd894d425,studenti.polito.it,-52.0,38.0,44244382.0,6524551,AP-AULASTUDIO3-3,Student
1a514ecf5dd6694f29e17559ad37fdd33d5d01dcfea7af54b6bb46828fe51c24,c032dccc03089a5adc76523e3e2f9c4f3e9d3a2fc11b43e54b3ccd49ea66ea80,polito.it,-68.0,22.0,353147.0,261655,AP-CIT-DAUIN2-02,Staff
6fd6a4962c175345e344d04ed2dc0b3cd97dd7277773b8275c3557e653fab9d1,422f075ac56c608b468dcdb8e9196305f4c61abfa6f2feea7991361d06a210a9,studenti.polito.it,-55.0,44.0,25398841.0,1053258,AP-AULA11T-01,Student
d64ebe54de92f388073e14968391a701c63db8d22cc30ba56572daa1d1f8e791,362e56e2c4e8db24bd3e87179231e9cd22dffb8d811368d41f111d75c811cf24,studenti.polito.it,-59.0,29.0,75338084.0,5323015,AP-VALE-BCA-04,Student
3f13525f65e2093790360b4ec3e85fd2a27a54386b458fa3817e74085ecf5c4e,05918efd437ef905ce5890170754ee699ab6abb2a81c1e45fd272bd83ed3e0c1,studenti.polito.it,-41.0,53.0,1661665.0,525175,AP-AULA3P-03,Student
0c5987ffcd7e8d2f7d2977636334582645e3fcb34859f52305a34119b590c8f4,abfaebaa53a0c5ec6c00950872a558f93b635ee5df9dc0fe4a9307ae5f42c3be,studenti.polito.it,-68.0,26.0,364942216.0,4518809,AP-ASSTUD01,Student
e4bc45166b5fab0936833e2c3feb8baefd83786d9c23951b2406c7fe5c8d9f42,5614755164eb818ac983852eb30282395115f992e2d932d46d4774f442891185,studenti.polito.it,-57.0,36.0,2422646.0,1074412,AP-AULA4N-03,Student
cc7bb2695a56220506df018bd2b4640c40b68cc060b322c2e810023660809f01,f1def1c7e9c4c6e1a2e02e382e14d736e68e35851d7063a6195d45c811dab4a6,studenti.polito.it,-48.0,38.0,791937174.0,30139883,AP-AULA4N-01,Student
31459a42a8d6b5ea0763364cb4f61c01dce0ef59477349dbc178a054f923c7e2,39ffde798df0cecb3cf3479671194e80c7ca98f53ad88095a320b41ce6da9021,studenti.polito.it,-89.0,4.0,2064860.0,1510829,AP-RETTORATO-RETTORE,Student
4a076f6a4030b36cd53fac4c99a9a7b92a5e7faf7570fcb1606a5aabe550daa0,3e29a28d4293c0bf677c92ec808423e5663f84f8523cf9222c529b2b2525533f,studenti.polito.it,-54.0,38.0,44031734.0,74937355,AP-AULA4N-01,Student
75c3a334a6694fc9b37df9b122f9886823e5946c490b962b23c7efb47a6dec27,ec25cbb0e4d8648e922c6941353ae0ae40f4bb559860720f10dcc99144d3efaa,studenti.polito.it,-80.0,13.0,23497130.0,174638168,AP-RETTORATO-RETTORE,Student
aced946aff6bb18de929866ee490e6d72f80a428cba8964d9139d41edad3957c,8c695d970812403b24501f98c45f2e82ee675853be86f3f471b1b9d3bb713d56,studenti.polito.it,-44.0,48.0,15931245.0,1337525,AP-SALASTUDIO4-01,Student
2c027462d34b80293a742e9819f4543a9ff7dbe3d03a63e16e543df6fd581a2a,227530cf80a2349da189207ab491f297e9d3b187311d7fe577216b24fc9e7735,studenti.polito.it,-50.0,46.0,44568802.0,14822519,AP-AULA08-01,Student
1f339c098e38cd3d3c9fe0144ae66e95b830367cd190a5563279d1fab29980e6,4ec1c5a52ca85bb038a74ed72eed43ed531c60c6075874460825bfc414391f07,studenti.polito.it,-88.0,4.0,9583.0,4465,AP-AULA1T-02,Student
e46dad043c62b54a08b07bd2e6461a9e9a0acdaf8ec6de9306103f2933ccdc26,a843d4d1b4454df8c1515838459707ae47970a5670d81dcdd1f9abbd503e8b2b,studenti.polito.it,-51.0,43.0,22649923.0,55944086,AP-AULA01-01,Student
195195783bbb24ad11863c4fcfd2d9187a05cdf13562d5e21cc7eaed3445d6ec,e62193e1becf5ab066e687d2d94b0636393ec3c67740e71efc1302f1dc6b1d97,polito.it,-58.0,32.0,6846218.0,1487897,AP-ENERGY-EC1A-01,Staff
74fe24899dcf3f4df4d7a1ea290859eec4357dd20ca4229a949fdef0aebfabaa,f7308261c923b363047640dbd583a8c3e771ead20bd4801749c77266c1129ef7,polito.it,-51.0,43.0,166203.0,35820,AP-AULA2P-04,Staff
35a031ecb22f4005d7f20cb714a57ef7cd101b40288de11eb74fb1b49b840a6b,c695caec39709c461a50c133cebb8f6c0a4f12cc5f7bd0b0c97e4affff01a264,studenti.polito.it,-75.0,18.0,15899493.0,1679847,AP-CIT-DET2-02,Student
77432d393f2fbc97ca7e0bfcdb024731b5856ca782f2196aee7ca5838feb5880,4839ff99a2c21f25024107b401c6c123804ebd229303e63cfaeccc2c8487377a,polito.it,-55.0,38.0,366188.0,238248,AP-DIMAT01,Staff
94e66ccae884f34573ce513e917a3f7f56aead15af553c8d3e9a8aa56523747e,f19b99ac7ab26154ac5a2a92d3eb9197e55426204cdb7431d890f63dc9fd4103,studenti.polito.it,-83.0,12.0,3222451.0,4501578,AP-ATRIOSCF-02,Student
8e460f82a30d3e1bd69d11b376f4840513c22c0a086d2bef7f09932c09930a1c,ac9fa4b1c7b03c94a9f1549acc2cb8c9222c44ad03b1fc089cf347dd141e20b9,studenti.polito.it,-85.0,12.0,42227361.0,4699625,AP-TRIN-01,Student
0aaa5b263fe16c9059b10dd8df1067a2ef998924d11b2f56f92931d82e1646b5,99949b5674e393b32459719b9f6a868e6be68c810609a6219e4ef8e5bef0905e,studenti.polito.it,-46.0,45.0,43439868.0,7024332,AP-AULA4-01,Student
b86b98a6750f875601fd0320e460bf0c231377dd4717bbb18ef8ef74e969c27a,6294f1f61632ec917ebc3d2b607b3836a06281adc1e36dba188e77da07d393b4,polito.it,-60.0,36.0,5756312.0,1581155,AP-BARDENISE-1E-01,Staff
b51067a49e08dfaf107ca28fef310903076af66458dd4180132b656101531c16,e62bdeebdc9b9da9517cf59227509096dafddee474b46c8434b25de43ae7991b,studenti.polito.it,-50.0,44.0,1171100175.0,227202038,AP-ASSTUD02,Student
22eba5065192aca144c238b47a7f18d7d7a8ffcc7f9915ded575e85cf21c0008,c280c903112f6672ec8c807d7c63697b74dcaf1a3384087ad4a34d008cd35781,studenti.polito.it,-60.0,33.0,1643069.0,655758,AP-AULA8N-01,Student
60c8b812c5d120a5baa773d0177069542d0d034a609f3ea6e455fb4dbc3d1765,035fd2d38f9510b8e0ae8cd576bd77bb97b5cf3709866fbd25652b0b8b0801ef,studenti.polito.it,-47.0,47.0,792681409.0,13706382,AP-LING-AULA207,Student
245cb714bf278016d2177c9cb294b5b070ddf107228d65569d8f4d0be7bbc38a,ba414b21b1593f0156e12bd4c4fec49131a3a24cb2e91a91e8453cbd586a5103,studenti.polito.it,-61.0,31.0,77555036.0,3866909,AP-LING-AULA203,Student
65344709d797304bfc9967556951e70a8da22a20a94ed171ccd926efcc10b3b7,781be42bf2fa4a5d8abf86d87430d73122509d9e336974f3c6ab048cba27d745,studenti.polito.it,-42.0,48.0,8166267.0,1430537,AP-VALE-BCA-04,Student
078e50cd465cbf361b380a575a8ac03315a0bfcc0bdba981787858367b2b0d71,5c927de9aad8c2f64275a8901e968b9db943ed683acb28d8ccb50cbd8a1ef661,studenti.polito.it,-53.0,42.0,475026624.0,17558380,AP-AULA6-01,Student
4a5cc82ce6d2efd58fea91cc8975d872b81ff559f67798e1f1de5388ebb2f812,dae24a248672c1b19a9f06c0fdbca974ac2037b33dc33d9831457c12658900e5,studenti.polito.it,-90.0,6.0,28004.0,9209,AP-GESD1-03,Student
42f689106774e011aad99816e80651ea092ca5f8f216f8ceeec1f5141ec54a2c,60f72e37fb36829d5cda542f5cc8a08470718367c8a1a22aa021b03caf72de67,studenti.polito.it,-51.0,45.0,9729486.0,540639,AP-AULA10,Student
d0a1a5f8bbb05cad974483857506f3bbdc3d8fdbca7cc5c6b9e3e4d1d95befa1,38d313a67d41e19dbd4d1c5560e59ec5cb7a16bab9bcc55aaba3c004009c5265,studenti.polito.it,-71.0,21.0,397855.0,136863,AP-LING-AULA300-1,Student
4a113970f0b63b08b2134d5fb7b112a3adf48e4e05d3212a45365acf88a01872,1bffb020e3f32a8a3222fa26bd67e15d4f3f0f53a7280f5a6701d985d090d028,studenti.polito.it,-54.0,44.0,41255066.0,3187870,AP-BCI-ST-08,Student
031453fcd55804232c01f14a0326dc0932df652f2f59e797adf895e4433d4695,11fefccefd56f5d52118a1782c0cf13a1a10833bf984c1f763c532710c851303,studenti.polito.it,-52.0,41.0,593791719.0,186937913,AP-AULA12A-01,Student
84c6e8e91f71772a5592c326e1b63b06b646c612ed046ded53a1c9be513d87a0,459ef48a15886ab8b3c476d49ada78eb9b68d62b581e90cb12f97859faf33429,studenti.polito.it,-40.0,55.0,8909625.0,12508992,AP-BCI-TZ-03,Student
68373c1a941dd1b65815a55892fb67486e01205a524fba080f64c1795ef721ca,de5e7fe1b35349f3071cb98c925ec5fd92dc1b87458df7a454ee14748176c6cd,studenti.polito.it,-70.0,24.0,36572580.0,1514496,AP-AULA10,Student
5daaf2ee2c3151772905ce60c6c1827abec40e19d03c25c0270a45bbb963b76e,9d186c4abe8ad77d93a98c6bc6cc45ecdc5981c651c7ee0acd7be7bfec30b941,studenti.polito.it,-51.0,44.0,8212.0,2878,AP-LISIN01,Student
e9b8893daf278f24560d08f0a39e63729a6a9a46b6b99fc95ab085cfc4c95fc3,3cd38034861639248c6723c48a15c4f042f2fee432420bfb54f55909fa50b32c,studenti.polito.it,-70.0,23.0,556782.0,125355,AP-INGCINEMA-02,Student
e85cdad3e81975d406c6e654ac85ad1e2a1c03bc35c59e2b889a9e8614ff94a9,15bab8ea07dfda066089486e2e7c098cde775eeb61aa448461c628b7730ae7bb,studenti.polito.it,-53.0,40.0,3290204.0,835342,AP-AULA8C-02,Student
416b481595dd9a40f844f3b30f14274497ca27ba0b6638d0db48799ff98eb3cf,2f7e6fcbb9e55422792f79bb64e62bafa3c86c2e10eeb06632d137154444a0b1,studenti.polito.it,-64.0,30.0,32945777.0,4272688,AP-AULA11I-02,Student
e003be683763d9688947fbd5f1b549f4d6eecdcb9f2b64314cb6a15dcc5e1027,922ed375666a4238c59a1ed1743104dd1c3ada3bb704fcc2139ff207af81943c,polito.it,-72.0,22.0,1111492.0,505690,AP-DISMIC15,Staff
c962fac7feb4fb58f860decc7d7d5c854fb07953168d87a2c28cac84a1f4ff4a,5bd627c941eadbe17f33d4cd8ce3be4b2fe7160de5f3254d075923a396091f4d,polito.it,-49.0,38.0,120979971.0,8637123,AP-CORTILE-02,Staff
f00986df366a9c01075d1a61d60c5a754821d3e9a0c6895b3bd3d1bab0f72b1d,26e80634cbc06f762d7cf069c2043f47e4cfab86eecad981d9a93fc9af7b6bf4,studenti.polito.it,-57.0,32.0,10435620.0,1173667,AP-VALE-DIST-08,Student
faebb47e6538b5143d288babbaebb159e348b289c48e9a1351c9570a8cfd3899,0a77b5ad969ca2011e9ea2787ad22397f87465ed19f2266875211bc00f3a2e94,studenti.polito.it,-67.0,24.0,345642964.0,7443998,AP-LING-AULA205,Student
03c6398a4f09cbdf16be1e5a0cca0b36abdbd7233582de6ac2c39972c33e7a9e,7199c1af38aedb64e83b7d122720fb3b155f22f8010a217206e1d3592a5f50e4,studenti.polito.it,-57.0,34.0,461682678.0,13179822,AP-AULA03-01,Student
116d4f3246f0b0e09bfd0e53e605c6ebcd5e94548b51277659e6cf299921ffc5,634424d0d9edfa2cf7b43351635901e7de42eb04667b8fb0b06524792d1f9f28,polito.it,-57.0,37.0,22294709.0,1489284,AP-DISMIC04,Staff
9306feffdc9fabf93365292e6af7ec40795efe3fe019c2dd128bd6429a234ba0,ae52de872119a18bbf418b3babc11364691eb33bab76221f3ac23cfd04a5c97a,studenti.polito.it,-65.0,22.0,1691583872.0,99263936,AP-VALE-AULA10V,Student
eac3c8bcb710ac277280921962a76e18fcb4b0fcfe4d0ae95d129a599f894c80,1d9bcb6fdf9fe368c3629d439ac4d8a817f56f6343b791661bf6628c932d8015,studenti.polito.it,-80.0,15.0,7794.0,1983,AP-DISMIC04,Student
0e8869ed82d4b2076853e0ddb645d1350a7a48e4b0323510c2e196f449d31b3d,65112a9a108a722e266b5d97dd843bf0da4ed7a956a5d44e2bd7db7ce0a14ab6,studenti.polito.it,-61.0,16.0,176323.0,88427,AP-CIT-LABINF-01,Student
cd1b4dea32306746e3f921dad08e7db6e61bc33d279f1a2bccb07cc95bf10198,e7ebdb5667780769197d02184ce07acde1023a75692a3fb19428867be41e6c21,studenti.polito.it,-54.0,40.0,16265747.0,1335374,AP-BCI-ST-10,Student
f6fba4319747388dce2f06382bfa0ce91bf3a2f9191147092221d9cd060a1c66,d06d80c81533cb42cf429d202d38f7f51c82d38b5da6efa07c65f2d677ff58c5,studenti.polito.it,-41.0,24.0,39016.0,63747,AP-CIT-LABINF-01,Student
3aa8e282ce9ed6d46f98842e89dea3f660d5f9614ca5d8e916f350d286f38f85,ae8281fee8439d0f1df417d58a492c1571d30404eb106da76e85afc71b10503b,studenti.polito.it,-46.0,52.0,46495571.0,7163141,AP-BCI-ST-10,Student
f364e9f8c56dfc7eb7d98ea177be856d43e77a5befbe860603eddd7aa1b8b353,29eb46b51a57277802a5af2b32718b13bb2cdef2ad5269f30b5e56fbe1727d3b,polito.it,-63.0,32.0,26492218.0,9175856,AP-ENERGY-EC1A-02,Staff
9f3b62f188b5c3c17fb0eb58d07342f766611cfc8c6d5ddb2d2a217f915853e0,8bc35b3e6ca4891e8b57ade79c3bb719ae6ad1c2860ca1f94117923bcb0892a6,studenti.polito.it,-51.0,43.0,131058424.0,12694279,AP-AULA6-02,Student
2dc36a3c1700c49b19b64d7323224d27c4dfb3279be13d4c800a284be5d8a7db,9e6c2ab9dd41f87b02ed68ecd1fbcf9890b519ba8cca6447ef65f30d34c5c45e,studenti.polito.it,-55.0,40.0,5495560.0,235090,AP-LING-AULA201,Student
00f31b3ff711ef156b7ccbf02f27649165507e5b31a5e8ce20eb2102a6f9dcc4,3f6f1f302a14aeb7b0547fda4dfcc7fcb273e6d10b5255fa042402e91ead60a2,studenti.polito.it,-54.0,40.0,98013440.0,14315232698,AP-AULA10I-01,Student
cf02f7e54b56408aaa665ff2d464561859ac9fe8c2f6ad49b0f3c434167b3a3e,7996fa72199dfa585f9eb1ec535f3b5b996a64445525881fc3b14919e65f912d,studenti.polito.it,-46.0,47.0,859223.0,456662,AP-AULA2M-02,Student
4bec91c01bcf8fd92de08326609ad301944e407766e705554e7a20d8504710c2,ab8bcc9377f32e98134edacbe736dea6c3ff4e1ba5dea165fe0fe130833c86bd,polito.it,-69.0,23.0,2483094.0,1476464,AP-DISMIC25,Staff
a90a1661ad272436014138a111970b37314a6c2daa0a270c7998973a8edeaab7,c3fdfa3e7d39124c3bdffd884ff88ed634b456ba489f344579b9f774b287b4ab,studenti.polito.it,-62.0,34.0,121744377.0,3605564,AP-AULA29-01,Student
6a6f221ec1b49f5271a99568d2ed4da1c34585cca89ce360e8da7d6baa13c573,3569ad69405e5e5bdb9053e7ca1061848de051c208c028864dc2326f6163dc6d,studenti.polito.it,-48.0,48.0,13881430.0,53939519,AP-AULA2-02,Student
20fccf513c98df88b39eb0c0e9c684d0b649d6292e89f8ec39bbf01f05cc3dc8,e1a1c1a4596dfb98be52d174b3b53b1d8e04e7c0541b291502a150a9e6f07b19,studenti.polito.it,-51.0,43.0,429685.0,226492,AP-AULA03-01,Student
4fe714beb4f0f2349ec5140a354909c77f1884982db920bf2adadf2ebb7258eb,2898c70878077c3d672f3fc210026a5675538f08070f3f45207eae41439d714a,studenti.polito.it,-75.0,19.0,61883391.0,8502816,AP-RETTORATO-RETTORE,Student
982dfcad53a349f5122c96ca1d16d271cb99ec2bd18f9a0d4e188afee1eb5bf1,37d66321cb3ef756b0da60935e6dbe559547e5054b5871535f24f88918ad26f8,studenti.polito.it,-61.0,29.0,3697021.0,209986468,AP-AULA5S-01,Student
8b8eeb5784a6cdfaca695f438f32284f7e758ccd3502f0ee56e0e330863eb9cf,83969a091a6bf6e863e6ab3aa8693ade76fd30f25d03f78c9a2463311f06f709,studenti.polito.it,-45.0,47.0,11868862.0,2509456,AP-AULA2-04,Student
2483725bc340513735cc2265ab91634065108d16bae74ce654005dc1b29c0941,2c94dfccaf02dbcc0b1f642d851d4fd5355fbb9e9264078ecb7fdee7e6e63a39,studenti.polito.it,-42.0,50.0,24959222.0,88375798,AP-VALE-MOLLINO-01,Student
b0ccf82eebfb745cb22feda5edfde86a663dbf70e82bf281b8de0342849e03e5,24b3b87bd12ce3d74767ba0bd7cfa39e94d160a4192a61b3612112986f0aea1e,studenti.polito.it,-57.0,32.0,22333791.0,2719909,AP-AULASTUDIO3-3,Student
22ab87990f9c8aef82bd8b730f81dde52063d606d194926d458140a3108ba7a1,d436012a7e4dc6a4d47c8312172ae2534aed975dadc0e60758f9447ea434d146,studenti.polito.it,-51.0,41.0,51495107.0,5350180,AP-VALE-BCA-ST-01,Student
d2d7dfed1b451e271919515fdcd258eb8cc5a9355abd6e4189e73a30b0613607,9ff08a1900ee47336c863b76360756173bf813432916a7f9e41aa46665d37271,studenti.polito.it,-60.0,32.0,121005763.0,83218149,AP-AULA13S-02,Student
8f4abe4a1cb6b80df52a6e21e45f9a8fe0a0a046a9c5a54b46e86d31f6720a0f,66066da5fcee844eb2851f8ec8e506e42edf270eea708b3cdc0bbec997e81945,studenti.polito.it,-57.0,22.0,7749648.0,1261338,AP-MIXTO-02,Student
f00864b0ae58f7374b156cae3b200a8074139f39033531f63d7cb7facbadf935,77d90831d9ad3c08436215b90b1f94958833b279612aaa7c50c1f2fd719852b4,studenti.polito.it,-45.0,47.0,395327811.0,4014415,AP-GESD2-05,Student
9d518db1a30f498b7a27e18d848f1d27ea65d54d8e707a7953252514ee3c2000,,,,40.0,213570917.0,5101316,AP-GESD1-02,Unknown
a212b5dae5b21ea5ede34e401ef844b89b0bb78bc9180c8e4078cb46f29bf59f,d00444ae66d7e938c136b727796a26d549dc5b45e258145a9a1732b052a1c999,studenti.polito.it,-48.0,41.0,86104525.0,6237622,AP-INGCINEMA-01,Student
9187d1b46ae092ce7626729fd8816b6820b0f36b74e6ee489539b32e3e08c4c0,34944303e1ecc7ea56400b872863c2f25edaa80d836247b4865ffa34ce8125fa,polito.it,-63.0,29.0,3466486.0,1037426,AP-DAUIN01,Staff
e3ef065c777540d50ab22804923429fcaddba03b35894fab5192e8f289622a90,5f6718d094b9f64387cffbe3e3d29dec702d4e855991f293e9da1afb115e835c,studenti.polito.it,-76.0,19.0,245918244.0,510536994,AP-VALE-AULA1V-2,Student
2eb6cf013a2f909e025a59a59582c59fc858bd425e7174ec518dba1a0304216f,281642a33f0c2dd7c26506113dcc8f6a5e3ddf8cddbde50af97a72b8ad9fd248,studenti.polito.it,-57.0,36.0,694271475.0,23824727,AP-SETTE-SALASTUDIOE,Student
eb5b3834a7bd9d19999a735e64d36738dfe4a32029d59e4242ed6d7b209fe84d,394aa4b9a4b0b0fc723f41a004a206713748204c6a8ed18546311c02cc1f3de9,polito.it,-57.0,35.0,2359319825.0,1124009928,AP-DELEN01,Staff
c176bb9d7be2c4690dcc2031ce929c623d24065bd7c1e328d5feae577dfb80ce,d20cb3619db5b3ba4250bf6bf72a532762868be69a7d30a7fc6f0f278dc460bf,studenti.polito.it,-55.0,40.0,83239057.0,8167565,AP-AULA1VM-01,Student
3803077f09a8b92196dd281c276192a121a94e6597f5f14794b0c456098a2159,34cedf420aa6231b8255a0973fcd127d6c11db996b21c9b4156422deb872d70b,studenti.polito.it,-57.0,34.0,43929383.0,2993093,AP-AULA10I-02,Student
4f24ca1c337d7ce4c1241cf806db61915f77d419c544ec45e545952fd0959b5d,34cedf420aa6231b8255a0973fcd127d6c11db996b21c9b4156422deb872d70b,studenti.polito.it,-53.0,39.0,36300.0,56558,AP-AULA12I-01,Student
3bfc5b7ae542a0a249bf268ad5e22e65adf4d9e4c1cf0b88728529b03d129262,3cdba92d67b33d23f2f56116940bf47428cee8bbf589b87bc43676030bc94abb,studenti.polito.it,-70.0,23.0,388438304.0,297954927,AP-LING-AULA300-2,Student
ac7617da50f82038e903d96e09001e88ea9aa7b39df6fe6a76a7b6cf93e00f44,380e82dc2485bf02b31a5e3c0a48bc94046418bbe047678db72e9f372e23d40a,polito.it,-61.0,36.0,11911972698.0,6556635403,AP-DIFIS01,Staff
54734785087940b14d3ff93434eadc075edf896f9b43a9845ac25ba5e842efb6,a29ff5fe528c93b4a6d972262582dbc9629fb7803fa067371036d4ebae86930d,studenti.polito.it,-44.0,49.0,191599700.0,6027940,AP-AULASTUDIO3-2,Student
ef7eb3bc6d03388f4f175c2ede5431af4ad5a1b264caee10430bb725da1a7d81,3095c6eb2e7eb408b048b9b18864cd8c38fc4a4413d8383dbefcae4d0cb0a1fd,polito.it,-69.0,26.0,1423582105.0,371495030,AP-DIASP07,Staff
4b0008218b2b7d7811ec820e453494d029a5d7e650bd0386fbcc1581e58125e6,,,,40.0,20388.0,2500,AP-DISTR07,Unknown
66137198d8822fd89f95f4d759a588701d06e9eff17737d97e96921627a35de5,d357e9f35bf6f59bcd91ccbcdecb9593bd09a237368a6643c33f00ca1fe89a75,polito.it,-57.0,35.0,595118675.0,9494780,AP-DISMIC29,Staff
805ba328d7bfde0677033c306a483c0fe0d0f0771aaaaf197fb82c9a903d9373,f1881fecd56339a5db93b3904e0bd3f0e22db28d4ff64432b23610317e0fce61,studenti.polito.it,-62.0,27.0,10099.0,11417,AP-LING-AULA300-2,Student
ad9bdb32944b04e68e281413480fc6ece17421f0cab9b3107fd2fea993afbc87,5db0ade40d5095ac2f36213d07ddfd4c7f4d9c0a09795611beeb5499a8dc2a0b,studenti.polito.it,-51.0,39.0,563837703.0,50388320,AP-COV-C3B-XP03-14,Student
69e17f329e6c927f52910c1c10e4b04c137ffe72c455b1575eeaa392a25b8176,05ccb95a8ed0c6ca9dd2d6834d5e532244d4f9ceb81de1fac374669050ca4196,studenti.polito.it,-61.0,33.0,546780862.0,12661839,AP-AULA08-02,Student
b7747c70e9001cfe5af7914c73698e93329968dab17005b2faef689cd8b3ed10,170b932338fcc69a96dc84d3c6ab314d405047b0f9f43f09ae89b4beff089852,polito.it,-68.0,29.0,96094.0,61374,AP-DIMEC09,Staff
3ad346eee799738b3c0e5d3ce6881e7fc55fde4dc14682b746c10db9875a94d7,d9b2067d12936219b4b74e5f132d91633ed81b9d25e8cdb42f7f258ef7c9d3a7,polito.it,-66.0,25.0,285050964.0,43603412,AP-CALOS-01,Staff
468ef8c871050333ddf34b210fcfd2f90da570de68f92d19f1707b9df60d92ec,47486ac95569894771bc9c14dd45051d3a2606c28b347160cbae1f97f428d9bc,polito.it,-57.0,38.0,1434969.0,1270708,AP-DISMIC21,Staff
11d4b8e37e476ca0442cb5b4f78a1719cce3a25c339ebe8b31b90fde4ce9791a,e6e00b43136cbdced0cb1d50ff5aa353ad29d8fdc420683e9cf6087e95779794,studenti.polito.it,-42.0,46.0,79692967.0,20310613,AP-AULA3D-01,Student
87f78c42ebf43783ce544bb9feec2cb242d8f0570b572f77f221f0287c3a0722,65e86c3991f5d6eecdb0ac58bb9992c646bba1c815e16925ce015f47ee0820b3,polito.it,-50.0,43.0,2344.0,5848,AP-DISMIC17,Staff
68ed417ff2b5bce939db959fc8bfe2262d641377f8cb87d63ad97cb7137716f8,ff643e45c202c9a7c70a7e8e76a606bc0d5e23d9020bc060217c9f3987b43c55,studenti.polito.it,-52.0,42.0,45364599.0,14316172,AP-AULA27-01,Student
af753b7cd03e6837ee0b39a09ed83d5453ad35478dcdf1700c894dc941acfc89,6e8459d87b2d04c40425d7fae3a8c2d79e4c76437f744fa87453eb2d84c946f3,studenti.polito.it,-82.0,14.0,1097362616.0,19939235,AP-LING-AULA208,Student
31fe3e96451dacd1e216fb5fef59df7d4e475746ee4ca4622adefa0c0fc76380,0b143e7b91ce3adef534968f9f9217e4880ae9b8c30131750c2aa6d1548b00ea,polito.it,-67.0,21.0,12512177.0,1757966,AP-AULA6I-01,Staff
7b6f7d9bb74281d5958b3d2c7536749ddf606eaeb2614ee661f39374d1f32208,14ae4a3484f7a9887b5cf2574032825ea9e341ab5d3b0b24e1fb07296bb4ee5e,studenti.polito.it,-56.0,38.0,134922340.0,3783029,AP-AULA3M-03,Student
8f767129ad9157722f96c0a43a3ce026412f3a40bd81578b813f3cf76d71f644,761a17944d3f1c67bedfe4412cd09d2b4ffc063406f953af57d49a3327be4a71,polito.it,-48.0,45.0,5213107.0,1887881,AP-AULA5S-03,Staff
beb6a6b1b26857605602e54ac515de3924823729fd6bf4cc1b3a7189e5d733b4,f58d1fa1b150c2e6169d781fb8e2dea258f432c24d58aac66ef9fcab4192428e,studenti.polito.it,-48.0,43.0,588452551.0,13042074,AP-AULASTUDIOR1-01,Student
b8830d58855d030a23bf3e7f90bdb1f02fccd49562e83d8574ff00d973a2be9b,bbbf825506303eb501c70766dd61a7f58043f47ba3a2d86b0f683c7be6538a02,polito.it,-55.0,36.0,996264422.0,509355129,AP-DELEN03,Staff
4fec5195c16a0cc476d11def2e6bfd7b481f4f1dd429002d3e3173e5636dcea5,76e6a10b39dee1d707170ca43664936511f4a9c1933d7767f43170623d7995ad,studenti.polito.it,-52.0,43.0,2029996.0,1091925,AP-AULA03-03,Student
400fbb991e16367742e32be740d6fbfd49d90af3bdb0240a01883ce8724e2cbc,05406714e8f704d821a4818aa9a1222e11e9aae9f9e4bdc60be55322ef214614,ucdavis.edu,-63.0,31.0,202115811.0,56630104,AP-DELEN03,External
fca75a8a633a1c2897177a062caf6139674b47ebadfb2e2346a545df0f587c7a,444c5b6fc3ec2c8fc6db991dc4f6e00161fccce9e3cd001f9bd9591133079c92,studenti.polito.it,-59.0,31.0,833761359.0,301965812,AP-ENERGY-EC1A-02,Student
f7263c9685bb1f5f6778f521bcb0d3f3dd76047677ff2f76dbb3175b9a98aabd,70e038853a25a2622bf5f36ef586a061abaf3fa2e4a342b7e5f5a0b224234d74,polito.it,-64.0,26.0,81627939.0,72600435,AP-FISLAB3,Staff
9823915f4fefbc1a27a7c395213d88124efd04700fba4cd18d8519e7a50e682b,739f0af419cc8d6616fe937538361c4b4eb0f9918d9a3758b9b12d56f7f2f38b,studenti.polito.it,-64.0,31.0,356206735.0,7522125,AP-BCI-06,Student
d7848d1cb824089fe1908e8c7b3aea664f0ebb46febdab34d4afa6a910507bd9,afb1b580e274b13c9d7ae1c472025b7d9d755c05676d6a2f54ce338e26f4d16e,studenti.polito.it,-54.0,41.0,18294463.0,7412300,AP-LING-AULA208,Student
a331b573f60d1c2e1b00562b762a4768ce51d1958c58597ea9c06624d0693daf,c796eae509c06f211012fa8ff6d0c26f5f21adb61648553156c04c47edcd5c6a,student.tuwien.ac.at,-52.0,41.0,284390251.0,14933544,AP-VALE-AULA8V-01,External
9285dc32dff1607dc3c159457d22a8291725f9b10c575abb8f522e2b83ffc7e9,7c16bef2aa2c2a8446cbe3b95e2d5f90a069b935ebe144227080f3f27fb94716,studenti.polito.it,-60.0,38.0,99785661.0,4655051,AP-AULAR1-01,Student
0828c7a7b6b909d703b4eb749c94c5705a22191085b1d6247cd17158e6cf8b1c,3a5da51d245387a5db3242bee0ae4205e82828d7d54c308d49d1bcccaaf54147,studenti.polito.it,-50.0,48.0,2089253.0,1404169,AP-BCI-ST-09,Student
adff678c26bf25175dc1ba0c0ace3b059264f73b9112edd3df8ebe6b1a06fb12,284fae8ac2119567b356a042d25accfe4427e15dc9d6c74f23a892b63058b754,polito.it,-58.0,33.0,92724935.0,6902867,AP-CIT-DAUIN3-08,Staff
97c54d11f25022cf8c58ecc1551e584fabf3e5aae521dd827a17c0825d36bcd0,39856dd281a4cf8f016104da57f15351d97b9f6d0c028090ffc64e350e23d777,studenti.polito.it,-57.0,37.0,116145168.0,17446058,AP-AULA3I-03,Student
a75f31faf1b53530792fdcf35d57152fe278d19456d32d595ead8931f78cc0f7,5a41bf39990df56504bb0a5ce4d74ef91dbb8233911b6034afabc5b421c54547,polito.it,-81.0,14.0,20093.0,4883,AP-AULAR2B-01,Staff
a5f2ba85bb5bc3097cc54a7baf865d60648607c3130ef4ba29740e99823c28b6,01bf60c75a6c5481f85c16d7fda47148d001f2deb6c6c8fe0084aa15a5a5c00b,polito.it,-73.0,24.0,984190208.0,841125108,AP-VALE-DIST-09,Staff
d64eca7c53fa187f849242434718fa1e6ca324f5244204b1d05757ccf7ce9ad1,988b6b3176bd312b692fc1ffe450c9ab84c35c8d49ebbce5d6985e0409e8fef2,studenti.polito.it,-79.0,16.0,553391416.0,274735526,AP-LING-AULA201,Student
dde319948e73e7231bbc65e8e86f4434a3ae538b653236db7c05ee0c2465560c,9533d960eea61f195da8751ae9d25611803cb9666cb8ccb907983a335c727b02,polito.it,-65.0,25.0,627425659.0,450818510,AP-VALE-MN1-01,Staff
91a0c7522b6216343b94aa9b204955eb99715cae75216608b07b68cb234e3142,c0d2df03e60f14c78306182d0ba9c12a3bb8e3ecefca3f01dc576162c6f379c4,polito.it,-41.0,48.0,40561679.0,3698281,AP-VALE-DAD15,Staff
a241286a1332c2de262dd0ac2b11b8d624ffa944a350ebd57480b93dd758adba,3dd9a116b3a4055814a809d25cc6981264e1af539476828914f51c64188570b7,polito.it,-69.0,24.0,2742608463.0,884318465,AP-SETTE-SQUADRACORSE,Staff
2843907fc72ccb2eb633e641946b6190069e8ab8d0ee932f2eee99a1dfcb9bcb,45453fd6fb63ad3cf09b52c8295cf8f6c6f1b6a43bab09d392635b7be5ddff0c,studenti.polito.it,-76.0,14.0,1405108361.0,22510119,AP-CIT-DET3-03,Student
db5149375e3e11d65c00ceb8ad6d25be49beb72e630d2c7abfbb86ce30dd7213,509fbd4618f8b561106874c564a0012969a2fdb990e8573867ec8055bf543c07,polito.it,-58.0,40.0,117246635.0,12956841,AP-DIFIS04,Staff
2412e25ca44754c25312b89835a5cb3d4ea0f5f69b752ac55527ccde8304ebe6,1dd61204cb78f545bdbba0deee106750ef141074dc10441e2dc39e436566cbbc,studenti.polito.it,-51.0,39.0,9196837949.0,124879219,AP-VALE-BCA-01,Student
b5e22256a0744d7261a5f2aeaa4aa8688b887cf565c03969d85b3763bbffd566,50895f8060a44776a15272085a388108a4f65d00dc5785674239f7f1a85a7783,polito.it,-51.0,41.0,16127627.0,2821016,AP-DET-P3-2,Staff
b7c5039b6be452778eada5ff4d1ba5fa7e9094523d69764595a03e9cae897557,24362bd13f1acb318883a8fb07cf764b9d91c77b6810e27273aea5c1c4d1ad2a,studenti.polito.it,-53.0,42.0,2221174080.0,112139614,AP-INGCINEMA-03,Student
bddeeec1d3e88755aaa129135eeed104df549fcac1ed883222dc9dca123c5ae3,bb71be3ae76dad77a0415c18203fa2e24ff053b5acb8dc2bad789927e3c4a7d4,polito.guest,-52.0,36.0,168700.0,2848792,AP-SETTE-LAIB3S,Guest
27e5c01cdbc1c4b48a785e3ac8f1a07c62929fc0be51dd54e7bbfd133d32a763,ef764cc481891a07c2c2ee123e6ea3e81951caae913313fbd6edb953c434cdc3,studenti.polito.it,-54.0,36.0,3778594.0,569493,AP-SALASTUDIO4-02,Student
d11fee0c75d7b873acd935bdfff21dfa42e6f1f139a400c4742363d851af8af3,c8123b75be59b43ef318a872e662bb91acb48c9d92ddb84df08fb243853ed63f,studenti.polito.it,-57.0,36.0,733093381.0,15047986,AP-BCI-ST-09,Student
23e6207504def18324365155e3905e2cfaecc53de1e6a6cd6353745a39b4b8b0,8e514ec918eea29e574e62dc06f04d799824222cde0d5d86ffd636f3f8507830,polito.it,-74.0,18.0,68518052.0,11354965,AP-ALESSANDRIA06,Staff
df2afd6b892abe8fa8032bbee574f8c9340d5d4dc4541bc9622a5637184c06dd,865316abe4750b1b8231caf5c2bdeaa95e38d7290a89d99c78a311e41d53d422,studenti.polito.it,-63.0,31.0,107467520.0,42949302,AP-LING-AULA308,Student
2b171ede6f31f8035456aaf0bd062ecdd5b6819dafa6f7857cc7ddbfc493a253,d9ae87989971ad468a98b0edd44c3fd1cd55e78d1ec246b31d479edc56819cb7,polito.it,-58.0,35.0,7671570.0,3832104,AP-DIMAT-SALA-OSPITI,Staff
a5ee9211a0e71a2f901c56f95e0904e3e8792a7b5fabb20dacc3139bcb336de7,ab8c02afcac4cf7623d662a0e706f8a1bd50e0e86715d8f9b9aedd6446f36845,studenti.polito.it,-70.0,21.0,92688277.0,40184858,AP-SETTE-AULA13AM,Student
76fbf6407591a409c610cd61c9bc69b33dac3ed409af9d87ad2dba2070937973,8fc9f98f4a43d9ca3c187049c6822f2935f761f68707cf310056a21ae2386aa1,polito.it,-68.0,25.0,831320559.0,39892139,AP-DELEN02,Staff
719c1cae0c03829d7234a06c9a9c2a26d3adc9a4d8afb33dc3654f69df211f17,65c8e1c096e2b734bd10d98ba197795245c4bc138a7842fc2ad1dfed59535315,studenti.polito.it,-49.0,41.0,136329267.0,2171990,AP-AULA5S-01,Student
b82101542d5457def9c2a699d454353a34562ea4a043176ee5ca131df61a9998,532bea7b8fe72fd1cdfcfd5877008075ad43375f9c6ec09468a66b3eb44b5335,studenti.polito.it,-52.0,42.0,973444554.0,67803338,AP-AULA05-01,Student
b77bbab119587de8523c17b4a17570ed5d35f4e10d48dc3d30a74412287ae6be,4651a321da53459c2b6ecb7a642c188f69378c459c9a66bbd4c81106e055f501,studenti.polito.it,-53.0,41.0,94208209.0,4604765,AP-AULAR2-03,Student
de40ecca7f85932ae803b5ca9f615cb38532a61e57716f86e1817c8814b6970f,48526823cc15199cbd4ae139e71f3d0cd3a39362188bfa17615c043463b2b1bb,studenti.polito.it,-56.0,36.0,494461.0,676208,AP-AULA4N-02,Student
4546f6d9eea66d2c99c830ffbb9ba24669fc7e74f897d7dbfab9dfe2d8228e70,,,,58.0,33000.0,48716,AP-AULA4P-03,Unknown
0d6be6b243b2acacb882fa8816f18091318b20d3a7c08caf834a516b4d02b186,,,,59.0,8038.0,11837,AP-AULA4P-02,Unknown
f1045642b46d914b6eabd58fe614449feb95f59acb265d4f2c9fd78e44cbfc8d,,,,65.0,10858.0,17227,AP-AULA3P-03,Unknown
c90e101697872c901037928cc0202e214b6805d59bd1a5f6bd1b2fcf2758f6a5,,,,68.0,6114.0,8543,AP-AULA1P-04,Unknown
020ab716b78b87acf78fda24004c8f09d7931d29b21ad1ccf283322098cb15c7,82d9cba596a1dd4230632621b58217d917c11b08a356ba7d52e210c051bbb880,studenti.polito.it,-38.0,51.0,2401099.0,586989,AP-AULASTUDIOR1-01,Student
7e08b9ef3948d599e2c652840131390236ce2960313ad70fb11d80f3da7bf53d,d8ced22938611a967f1212da7a63432213380381cbf286e6fd17504287142446,polito.it,-56.0,36.0,1104634535.0,132752986,AP-COV-C3A-XP03-13,Staff
a0265ca9703596ab57c9804b826b3dd876e091bccf35e3ca4a545a49ec716e53,5f8c538c2298c70abee0710c1dd3c07ee2f6d325a0e3e1972f673803e40d6b50,studenti.polito.it,-55.0,31.0,212253251.0,12908525,AP-CORTILE-04,Student
812320e796679686065759b8566a7a83d402414460e3083b5f0f308de8fbc61f,46426652ea6f6f0d45196df5710054fcff4db1546a48b71b64076fd0a320412a,studenti.polito.it,-48.0,46.0,482035727.0,9787334,AP-AULA2-04,Student
6ecf415a1b13774f3d43da47e1ccd0461415df9ee8d5491f2a8f3a3cb73ac32d,e6d8b5d87d4e85df161eed6cd97fb1355d8f2574208482a574e080b54e2c5f4c,studenti.polito.it,-57.0,38.0,397370815.0,9540869,AP-INGCINEMA-02,Student
038449cd26878907d0ad96cff8f9cf4ca2153ab057f3a7ce608ec6fb356c37bc,53914043d3b1e35f64c4e1f10adf01f286eadf2e3a3fc1a9719213144476e150,studenti.polito.it,-78.0,13.0,9534.0,7927,AP-ACQUARIO,Student
e3c84b6932eecda71a869b5674627848980b5c07da4cfe372ae5bdcc55d4ac9c,f3df0f2736853b6ffb8254b1177d2a90139621208051cb22a0747ccef74a9d76,studenti.polito.it,-56.0,38.0,31216266.0,4826385,AP-LAIB3D-03,Student
0a26595f85c760e882d478cdbadc7a9357a3b07cf73e62fbf879c291b2d56c6a,83ab14cde9eb42df0b2365541bf0d4d525b0b7e9134aa2d6e6a9464afb986cd4,polito.it,-60.0,37.0,81172062.0,20576457,AP-DIFIS04,Staff
aa53bae0b419c7f0dd7cabd99a3d2afe46ace8545c3e9f9f8f158ac92115183f,4bd9b156279912dee8d138b9d49bb282a400db4d7b0763065ddf6de0e7f6a1b5,studenti.polito.it,-42.0,48.0,4731411.0,9507396,AP-MIXTO-02,Student
e19ab7d741636becf30b19add1784e08c2dfb3679d9bed6214d6dd955e8c3848,3e755df5d4c96516c91fb27a73965e30e846199b2585d23bf0e6acb11b5db9c3,studenti.polito.it,-52.0,41.0,113919683.0,6312391,AP-AULA4-03,Student
023894f1e03b61c155852ab394c57cc51e347e66bb7a62df38173e908c25d1d4,bc04113b3696e539754e543e194a4dfd24bf94cddac70902db0ca00c5596ca31,studenti.polito.it,-68.0,18.0,3283909.0,1753342,AP-VALE-VIGLIANO-2,Student
4e41fe3c3c005e4f6bb57c55cddc911ff5e748bbcce3c0baf12adeec5e5284b0,57c2670a5e69a43077bb2fc3f6f322abac825bdd214e9633ed4386e252909c9f,studenti.polito.it,-57.0,39.0,4735835.0,652047,AP-AULA4-02,Student
0111497bf2851fef490d033724d687afaa70ea212f2013b67f2112dd0491b3fa,337386444b66c63889a74cd111b7db0046548e5845326ffb9e2b6c88bca0c272,studenti.polito.it,-58.0,34.0,473186322.0,10028505,AP-AULA5VM-01,Student
38e790998341de3d0fd532b0bdb2b671c831df6e09142ecfaf28e689ab5a92f1,4332a27235702ff13be690cb86f4f80c77899ad7562eecb66061afd42debce15,studenti.polito.it,-61.0,32.0,157705425.0,4595995,AP-SALASTUDIO4-01,Student
85f39a630d09d0c4564de1be2f5c6d6d96be5994b2f8e9071fe836fc33d31140,23f8c67c7afd27027307a31f4724d441b4ce73a6d0f7255f3772da492bdd4359,studenti.polito.it,-59.0,38.0,57715789.0,2002207,AP-LING-AULA205,Student
0492e9e369014fa84d50efbc3bd56caf6b64efd112a88a854fe9d1ee3fd08c2d,8ea883f9461ea0a8245fc3aa96da16370aa1a1a81ab6c5489318d98735ce020e,studenti.polito.it,-73.0,18.0,320173887.0,15919789,AP-SETTE-AULA01AM,Student
f97d87d31f4f2f7f5a8ffb80f127c46962a9f2e1c629d0b5836bf46fd02755f2,6562276885105c36390be6d5778cc8f0b99a5999e680603ccd2c227af93410e4,polito.it,-82.0,9.0,18874429.0,1210319,AP-CIT-DAUIN2-02,Staff
d6d3b3ea60c3fab7e1751a318bc4292c1c9a233d85abf57f634ec6a86e49d975,88053a84de938cf1e5d052675098245c0222576fd780c71f4fdd21215bda7843,studenti.polito.it,-54.0,39.0,70648554.0,8764952,AP-VALE-BCA-03,Student
197077770d17852cca3e85fcee73c87685002152fc4c766a55d207464db53015,77128dc695092e68fa31995c3bca49bbd3a45a3c93d1c9ea827257522200b439,studenti.polito.it,-58.0,34.0,106098243.0,5420744,AP-AULAR3-04,Student
9ff5a552d716663c6c48db469b357e297101077faa29e662226ee8bf7caeef5d,19623a549d02e77c97a9a68a9b1f7f304aa60511a6252dacb6dc63cc2aa82981,studenti.polito.it,-58.0,36.0,12927441.0,2739469,AP-AULA01-03,Student
3bdb24347023edae6727541a059d39fd7cab688347e1faa0e37030d7b7013dbb,1d01be3ae87a030c5f46dd7e1d1a17f37e244458163eb5c27c855c6d6b63d689,studenti.polito.it,-64.0,34.0,184355.0,109176,AP-AULAR4-04,Student
4ff952f26ee74b1cd4fd358d066d3776b92541b4eed3f8171277d0df3123e7cc,a3970f9577486ca2b306d8f110831ba265a20b7f21fd32a47e3eba2c5a56b7d7,studenti.polito.it,-50.0,39.0,3277428.0,1512069,AP-AULAR1-04,Student
598548eebe673c73c2970da27c55161a66316ee84d1fe98dd7129715becdd2ee,c87d26a83375a5783394f8cdd73d608fa882b11383eba0a83884be5b6c7e7262,polito.it,-61.0,37.0,226302594.0,16401096,AP-AMM-1N-XP01-04,Staff
582f6ea6b29f91c7a76c48527ed3915f2029dcec325898674460058eaf507d34,d2286d28d771326d9db2fe42d0a09d76ff2cd07fbb8ebf4261f96330da2f8306,studenti.polito.it,-56.0,40.0,26313197.0,2922601,AP-AULA29B-03,Student
f05d0a03ddd2c88bf9de1c8230de817c2e8dc8025462039cc0948dc9d3a3133c,d8ea4e5e9c01b0eac3fde7b03d399ce552528eab9a51602d3fecaa912f5696f3,studenti.polito.it,-54.0,41.0,24999600.0,157933399,AP-SETTE-AULA01AM,Student
449b3a49d5cb981de75baf394cdcedbeafa49426cc81821e2d4da9c6a99cc59e,7e509bd190cef2f0aeeddd208920729868d72fe8cd1a4769aadea37b7170e959,studenti.unipd.it,-80.0,11.0,8339287.0,7540815,AP-LAIB5D-01,External
f07271a840de78f7bed3cdd616c9b60bc04558a42f00a81c35e7214ac345c3c3,8ccc41c7bd8d198178911d62fc5b0437d878697268f8f50f23900b8a63414e6a,studenti.polito.it,-67.0,27.0,873707940.0,21835553,AP-DIMEC07,Student
31b71357d2d645d3cb2e022c5b7e096be1bf783e28e04ca4f95bc69bdcda52d7,6347bcdb0e6d956875c8ea5a0f8dbc035b4c0385e94f7d7d62c9092c2a38300f,studenti.polito.it,-55.0,40.0,84642768.0,4197023,AP-AULA08-02,Student
95afc0a0ae6d07a4c4b5144425ecbf2186ab799ae90d591d4965e37a6746e2ec,a365b1fc912f7258216900f89759f133901ee3188e0fd5297112cedea880bb40,studenti.polito.it,-43.0,46.0,2973076.0,535734,AP-BOGGIO-SALASTUDIO-0,Student
4e15ac75b79817812813c17398887bcf4e8e140e629ffb94ecd93631ea926e95,bed7357f8e06ad015b86e7c46ef5d54a925b59607fe6a48ca9ed281d3ed460d6,studenti.polito.it,-60.0,29.0,15473258.0,2911962,AP-VALE-CHEVA04,Student
42b2a00d2372396fc443d92eac4e94e77e78a270b35872734a371b549cf2925f,c30b63253d42caf891d80c6b990b616555002676f4c5e5fba80bb105e92bc01a,studenti.polito.it,-48.0,42.0,198421667.0,8700630,AP-AULA2-03,Student
045daeeca54a79f5070e84c613ebd37cadc3bb356a6154297be6ee25bd2e31b6,1a1980c6e502c8d242f06e643d2ff1f15b8cf95470ac33e50f0ab51af30316fd,studenti.polito.it,-47.0,46.0,222950203.0,86531368,AP-INGCINEMA-02,Student
09685a3d08b55f4fee1ee7caeffcf592fb70daedce989aac62a4af2aea3763c8,4bd244b2700cb648a994ef2f3d2b6acd0c594d8a972e001231ed842d4a24a86e,polito.it,-63.0,32.0,61383674.0,4995820,AP-AULA08-05,Staff
7bbf66f3e9077e8ebb496cfc0c802dd57f59d88ec6fe1f9c4d3f24955aa739ba,2d1a3b27917cb4859d084dca73a749bc2d2b42e7f801589e9e3d8e23304cb0fc,studenti.polito.it,-65.0,28.0,3978497.0,6970500,AP-AULA9I-01,Student
9394069ea5a1a6fc3c66cbcd56699fea6a538e20c672cd87b5bf11361fd4d386,65d21fca4ba598f30037c80aac28b0acb50bd02f76c654d212984abeae110e3e,studenti.polito.it,-59.0,35.0,104240288.0,15792265,AP-SETTE-AULA14AM,Student
df8ad28a40ec19fc29915b3ba8d9945b0bc12401638882723c7dd75877cf7519,fe74b70c00c622c2b945f9ea01eaf449a815a81e5675f678ff926a5f5e76d9ae,polito.it,-68.0,25.0,85777824.0,14919434,AP-LAIB2B-02,Staff
30a7898b9db77d72dc03f77a94995f5bbcdeb22f23d831687542fdbce15eba11,da12cb15062a17a85d364168c5e3d553771c07c282f86f1498479dc57f70c836,edu.unito.it,-67.0,27.0,27661.0,9637,AP-DIMEC18,External
39a7724a3d906ef40e0d0e58f983c7148b4f7ec2d445984a3bfceb884c6fb345,9135216cc9cc7ea9332aeb15ad604dec1cbdb898172b0da891ab63fc8b53c145,studenti.polito.it,-54.0,39.0,95243016.0,5906954,AP-SETTE-LAIB2S,Student
dd0ab07ea32f719087c5f5c679623f841fea6cf80835a89cc24d5d7871872e44,763fbdea731b70923282b47cd7d70996371837a58d2246a266ca1fb1cb3176ba,studenti.polito.it,-42.0,53.0,35365.0,34485,AP-BCI-ST-10,Student
c8e5e782af00f52bffa2e02e0890f3afd6342c14d182b86c74ecdccfb5d5395a,c356846133893057f2fd6819b1a28006f8ea96a5f883e20fe06d14d93e4506aa,studenti.polito.it,-48.0,45.0,12284527.0,1978642,AP-AULA4N-02,Student
6fe1a5889f0a898d78a8401e35a89b35e31d970bf6797650f004cd163cb8debc,5916e50a9842551d87308833885c898ddaff96a7c56c9f02711b00e9e8d2b2a9,studenti.polito.it,-41.0,55.0,297598109.0,919921012,AP-AULA1I-03,Student
70605d6c3dbec4e3e4f03a65544091485acd864cbf3885c034501bb052b8d3f4,4ddedea1d9debc70a6f9db2b4377ee25ef60879ddba38813e830bf1d91248308,studenti.polito.it,-47.0,46.0,114746999.0,8414633,AP-AULA5S-02,Student
456a0f83285c417b77e2bff05f4d886ba42e7df8a15301bf6fab334a78fdb8a0,3c1c61435738c5e484fbb014522ee7686e84fad0090557d6b0015c3c65af963f,studenti.polito.it,-48.0,45.0,52591283.0,7617560,AP-SETTE-LAIB2S,Student
7315082bd6b679ce9cddc63e9ccad7c887f367235f1c5d977479f70e9085780e,4512bbf34525af6e1099f3acb25aae480c24929e5392cb6da66747a573eb713c,studenti.polito.it,-61.0,32.0,11353731.0,4832758,AP-SETTE-AULA01AM,Student
24f33a6beacb530ff8437d8d72cf2ccb7c278ba2e6240bdadbbb104569906eaf,7685c81a91fe86046c7ee2011169bdf8dd4ee065687252a557efd80032bc941b,studenti.polito.it,-51.0,46.0,11364964.0,1035146,AP-AULA03-04,Student
a8f35069236eed28abd853110400688384a9f261f0a2af7b2a85347601b8ab58,2b7fab7ddc13241f09154da1d20b3370c68a3c557f69921d34693fb5c007999b,studenti.polito.it,-54.0,40.0,26941630.0,676018,AP-AULA8N-01,Student
7db19451d066a75164413dc7025cadde6af10e8fc6d7139d74d51ad49837b6f8,d5dd656dd68404a484ba97668ea9aaa7d7ee27a396a0f265dfef6a0048dcf8d9,studenti.polito.it,-77.0,12.0,0.0,0,AP-AMM-1N-XP01-03,Student
c00b63a43f3174befb5efa3d573eecdc66e69a2f45480ce706f59bc665f2fa26,005278d2da2b8999060fe35a948c7070008808bcae5a2122e0eff3df6e1eaa5d,studenti.polito.it,-68.0,20.0,457568313.0,18549852,AP-GESD2-04,Student
bdba51342076ff8e95af8784188911792c36d6ddfb5a11b265951e62703cc444,d8daa0b7a278e08c3c8af2754849ce3a97357e56626ea2c88e00915fe45d6866,studenti.polito.it,-42.0,54.0,39956255.0,14648570,AP-AULA6-01,Student
c790485957545a18e8e796619bf54a6680aa60fcdf5395f7114afafd3fe9f620,7306d41e3bbdd03e589252004c90bc6e17cfc3c95d615d3046ee93e3bc188e53,studenti.polito.it,-69.0,21.0,5697587.0,633636,AP-VALE-AULA5V-03,Student
2dc528e9855092dd6c36276b21baa70091cec99639f9a07befb4b4778f7c3e0f,80c92729d790bc29276db46bc2cdc257f2d8c28092a94446bcde673b6cad2ed4,studenti.polito.it,-66.0,29.0,125841854.0,6622903,AP-AULA1S-02,Student
72d150f5df8b254d3b519a09c5ae33784abc1196dc2183a815b411423e794bd3,95854f1caa683e93ba1e02cff3c78bc49b0a6bcd5d913f437886b9c1f3b3430d,studenti.polito.it,-51.0,40.0,28674337.0,3668229,AP-AULA4N-03,Student
6f9c9cb62132484efd2cadbff34a6db3a5ecf51ff27faf4ed8ad8e1a10dbea7a,81efbb22f3fefad2a9018c006dc62a9555bd1ddd69c7d4e98357094bd1a37144,polito.it,-66.0,30.0,592443971.0,160689091,AP-AMM-1N-XP01-04,Staff
70ad2c026d11954acff4d0c8bbbd2ad04ad8181bfa834227682d9dfb43d05ba4,4eab09a5c03db8b0cba1339d7800be5c4202c6b45019131e37ebcb71726c95e5,studenti.polito.it,-71.0,22.0,312780848.0,166201831,AP-SETTE-LAIB2S,Student
ff5775d306ab3803075315c7b599f2e23a63b4f2dcf1d91891b7ea0cdd5ed952,503be7b779be0e92a8d6bab9eeb60534c4b3ad5d5effd8ba89a34123a7895612,studenti.polito.it,-57.0,37.0,913001332.0,22915375,AP-GESD2-03,Student
2e31f2d9052eec5c7496c3e3c0a395a40194ed840def6a9bc8cd7f8a7e06bba6,,,,29.0,13426.0,1766,AP-TRIN-02,Unknown
299fd32a753d52c565288da627145ff0740a1998366d3dfc51ffe7abe4617c04,7f2aac7099316af5b0541e19fad6074e5865e6a236629ca8c7952ccd41733060,studenti.polito.it,-51.0,42.0,18194163.0,3038086,AP-AULA11S-01,Student
4df92257411db32bad84470e6b8a704a0f5d36272de0bae36fd6cf79ac0388bb,d00d8f81eeb696885c1227e68ca18f4cb00316422601301194c48d4662f37b5d,studenti.polito.it,-80.0,10.0,19950.0,23178,AP-AULA2T-02,Student
19e9e4980947c9d81caa95b145260ef25a290793fc6ef910b03c7226164fd32b,37dcba0850910eae8589d8e10397adfc59108c6b907ee3feb065e99c53462523,polito.it,-58.0,35.0,28544987.0,43141393,AP-AULA12-03,Staff
3bc35a7ff410b8c3c424cd40df829fbafed4ef6dad61b41b9be4369c554d8698,db1d1a3141778b7e385131e21d6333b536ff757888b68493084553836edd0ed2,studenti.polito.it,-57.0,37.0,15247491.0,1204171,AP-AULA10I-01,Student
0aa917bcc3cb9ee1eb067cfe4674a1f3dfc32a11e2edb12488a8d871339d4ef5,f6c23c4b82d109a60bc706dbac3ee40c298985c8d3ee4efe242cdded5ba8d3ed,studenti.polito.it,-54.0,38.0,66509437.0,2942698,AP-EXREALEMUTUA-R2A-P0,Student
59601e295d49a68a063b40e2d22640a06edde05503b18f7d441455cabaf393f5,78e7b65f649e39c83c1588e57cad136f5bd2cfdf8930f19ce2680f7b4b7f2517,studenti.polito.it,-50.0,46.0,18983013.0,4263184,AP-LING-AULA201,Student
797bf3fbee160979e30f6ac62046edfa5c97796eb55af038eeb02ac548d3c1f5,85ab1c85132392c5a075f03b06671beb7ef16e34d6e9fb35dbcb75b748cae48e,polito.it,-58.0,39.0,703571317.0,176839029,AP-DIFIS01,Staff
8fa7fa9bd66a09cb452e06f2fb9e2d2c5ea11524e79e462c32a582ca7273324f,5da86c85d4c3d6e04c91fd871efa2291ba6fdde65d2bb612a8896896140d9ae0,studenti.polito.it,-53.0,40.0,21901.0,18874,AP-AULASTUDIOR2-01,Student
c1205fc8063595482ba9b010d920460286feca467cffe9a514ce4656589805a3,9851e5f1c6e6a0df41818f37bfc9fbdff5bb99b4240b718b63a5c21dd55b5902,studenti.polito.it,-54.0,39.0,223663166.0,4701511,AP-AULA29B-01,Student
afa29faf0d18240a8b3bd3e97ab483484b41c2e9644084ea45cbeb78427f76a6,d8e14284243f0bd7dc080298da83a894ac4a6630034c4dda99c408e948c8439a,studenti.polito.it,-56.0,39.0,127859412.0,9529536,AP-AULA08-04,Student
60267b0fbae66b6835955adb89f65162d35f26850d50feec1679228883c2aadc,970c2a5e00b5da2a0458470fc635c8ae02a88ff50e9891651648151fd8b12da7,studenti.polito.it,-58.0,36.0,18639297.0,1029755,AP-LING-AULA206,Student
c318a896d6eb2ff75884e9f346285196bcbe7d10e1792a886d924bb8f1189eb2,924e6258f49d4fbaeea0a6f2b9e657312a340035527c8fae27f4c699e5875875,polito.it,-72.0,23.0,414190443.0,3602788,AP-DISTR01,Staff
86fad407e8d5cb887a5e897e57ba7232c913d70725880533b3400f9efce09bf3,67e525bf18ad46c792ba30fe10b54e0b3a6e822f5c5bafa531a7f29c05495569,studenti.polito.it,-62.0,31.0,31883626.0,4915171,AP-SETTE-AULA11AM-1,Student
699538ed9b1bf2da71a8d19de20cfbaab8343b592f7f5e91326e004672dec95c,5aa95165a61ac04335e378e18ddb6f61ed39a32ba55e3eff45a54e60c001d06e,studenti.polito.it,-67.0,27.0,2015389.0,252062,AP-AULA4I-01,Student
ec9a9e561ed550e2f7178ff0b8c9edfe53af6913acd7ac39e113f3a6ecdc6480,1c5a4789168b430d195f7779f5c04100a4599bd906d5b074a4848764454d2679,studenti.polito.it,-60.0,36.0,385074765.0,9699206,AP-AULA01-01,Student
7dea06cc4d33251262e07ea9e885794ba0264229bc711c806b48c24dc3a9c892,bb7ddb32770ae81db85d01245dc74e7fac349e69357cb0daf91fce89b3fb9b2a,studenti.polito.it,-50.0,45.0,262298097.0,7872015,AP-INGCINEMA-01,Student
5f0245e0b0313e3097914b9b701692376b13eb8fdab1c123150cf01b7dd6c16d,b74176cd00fc87ebf07cca57f0261ab2a8bfcba81817db37b827964afff2e351,studenti.polito.it,-54.0,34.0,147304.0,63457,AP-CIT-EXCELID,Student
69094f53c15fd72447a664a9fc71d7e6f0152afd5872bd7186476beea3e73716,c54e28783462d3a5661934a559f4e7fbeabd1bfc3201f2db993cab4b8b207843,studenti.polito.it,-53.0,43.0,490899330.0,12531312,AP-AULA08-02,Student
035d6af7403ebecb483a19713ff36a55a038972ee73bcafc81d7bc458e1721cb,083e2a868c24d5d241f91d8087928856d46e2947ed2421f165c9ba8e03af708c,edu.unito.it,-51.0,41.0,1158462.0,228197,AP-AULA29B-04,External
02f90c55c756b26adf45a446bb50ab5f5daf8dce9a357a7886f212d67cefdfae,1a91ffd349ffdd9d7e9d8c1f4d4e9b911fe05909ff95782b8625786d14170c98,studenti.polito.it,-87.0,5.0,177912.0,77189,AP-CORTILE-06,Student
f2c562672970b36d9f66daf13320f23baf1c73d9c835042482c73d8eb64e603c,9464c09dbf1e8f461b0960479363ccc1bb420ef3fbf6499437916918108ec54f,polito.it,-56.0,36.0,4049746.0,1718452,AP-DIMAT07,Staff
d1ba3f1a1f271d37039f9838b5dcf2ba54886e36fa4dbe95d4c4d21098c2ada8,117ebace8445832ca64a8d1a2b5ff227c067104b0374d61f54ccf96e6db0c97b,studenti.polito.it,-57.0,36.0,1943628.0,12546479,AP-SETTE-LAIB1S,Student
9415c83fe182797518191c707ea21ba0a92a1b32e81623ed34bf67f11d0d7d10,e9f7d6122fb59c6856f532b23c53c6684e49d72155552122a649e51a6d7aa98d,studenti.polito.it,-53.0,40.0,380850656.0,42783409,AP-AULA8C-01,Student
d7a5df36c8a073415d6ce81b42bbde89a242238e259098bdf938843bafb39d93,32db916ee8d2704d0977ce5690a5bf702af500bae03cc6e22e6cf1b7cb0dc7f7,studenti.polito.it,-50.0,42.0,81420663.0,10880811,AP-AULA03-03,Student
047d11cd8a5f349f9b7cbc4d35726b7677f3009048b0c4c19d121ee1b16d4130,1f404880322e21a68d0174da0742063cf2786accedf0bdca7781708599ffd70f,studenti.polito.it,-56.0,38.0,514622.0,252758,AP-AULA4-02,Student
ac032d9484fb5129981e27173aaa564552d02c9ec641b44b3e5639ea5af1ecd0,194ec342f0427d73cde857bb8f545de7dbd2fe441a702169653bd4873fd68be5,studenti.polito.it,-51.0,43.0,108980926.0,4347226,AP-AULA1M-01,Student
7df92941f39442ab8875998dd73b3946d279e2de847528250e6fdf5b5b06f99d,8628cbcac048508f6e5679b2e220f048e259e72df9fe123454c5ba4c5f733061,studenti.polito.it,-56.0,36.0,10618072.0,1061671,AP-COV-C3B-XP03-16,Student
aba09f775020dc369e5e4cd81eca0340c46b8d8c5b611797fef9c8594202e366,605b6cd302798c2ec1c8a0598cf006f2723c6de36e4c6be9c5429f0737c82724,polito.it,-60.0,33.0,46078293.0,13182554,AP-DICHI-3O-P3-01,Staff
dc2956fcf06d667e80ee5110c091a2684bc0b5c440a25b5a8c6851fdbacd018c,775b1c58f88aeaa39305c25026a7839c0073fde5894c8f04818ed358eaf1a992,polito.it,-43.0,49.0,92906410.0,82998939,AP-PORTINERIA,Staff
ed52e99b7ac7e302886ab3adb7161b67c5d2782de10184c3431b6f7d14fea09b,bef9e1de71fa3ebdd16ac2535474ab62c3039d0f5473f1feceb7e0e9f2df0daa,polito.it,-69.0,30.0,353199705.0,14949163,AP-VALE-LOGI-1,Staff
3bbbcab82091b36081c19fe833e44d34c029e6567f5fb1e346576445d68e2767,2dc12a7be9e939d40f055727dfee21de249a2fd8ec4c7a06ca23bf26ca8b83dd,studenti.polito.it,-87.0,5.0,488402246.0,556410641,AP-RETTORATO-RETTORE,Student
85c7395bc16b35dc0089d65d107f3142b14da9c466d64c2a36adda827f01959f,97e10407ab0be4314436b6bd34f46ccfe8e5a84845325703c4d08d14f16bc25d,studenti.polito.it,-74.0,11.0,330281914.0,48313952194,AP-TRIN-02,Student
164ab4af929885ce3a79460b909562da13d4f83872b83714af82890f3e3e525a,a50428574b3e9f579c36d57308b3fbb963483b769c5e2d259b9d749396b9149d,studenti.polito.it,-61.0,32.0,115281057.0,3955338,AP-AULA2T-02,Student
1438dfbe8cb95d4ed2bb94a0ec3d4b417eea4ba7f29bee675ebf458a2ae1243d,39c06d937642f08294b5a86ce95754d42a7d58fe7f9defa1586e8bb5e023a3d8,studenti.polito.it,-73.0,22.0,10429420.0,62742541,AP-LIFE-03,Student
7c25e753b5a6d21ec616f344401a718125e172c0fe64efd679212344ce337e58,147643dc63e78b53557ca6845be70dd78533d1cab5c35b27fcbb685a8f0476da,studenti.polito.it,-72.0,26.0,208551875.0,71489746,AP-ASSTUD01,Student
7908e9d9863289776baf25a9a72778e828ee2a08fd9c32938dabf967bb058d87,af8506e0181d718bfb6d38184c97e8323e4286c8f98be290664baab1aa6833ec,studenti.polito.it,-77.0,12.0,21505803.0,6135214,AP-CORRIDOIOAULER-01,Student
6bd25d91e0e9aa247358751d9a701cf37307f4536d61cb27060648dfaf43336d,b159ce029fc1f0ea96d37c4978d325dcf8b52cba48c71b44f48d4a55d67bef43,studenti.polito.it,-55.0,35.0,593660620.0,32968031,AP-AULASTUDIOR1-01,Student
367ef938fd5817124b305ade323dd0731f83cdf155e2d8e3d9c886b81efa5a35,91134ab6990daf8e478e1a182169802a05d16655b3a2cedfd8a24f8be2b66bc0,studenti.polito.it,-60.0,33.0,442004017.0,545539371,AP-AULA10C-01,Student
1d0a3e879861afa8759448ced22ceb6d0b82658e5e327164421b2a9b6f649db7,,,,41.0,342.0,578,AP-SETTE-SALASTUDIOA,Unknown
24cd2e9f2f939d366acaf079c6e58ef8c0918a10e07a4c4e228e1703adc9f95c,91cedbe75c932572022bbefec8f3f5a72efb14ee49ff6aa00a897715a1ba87da,polito.it,-58.0,31.0,24419557.0,4795353,AP-DISMIC25,Staff
21b7f3c69eda7d087d40c53afde9a25e25e7973aef1f867fb02f54ef28c29090,8047e3bde7ccb8726467c54ca098733e0168ffe9eb2e260ac17ff30006b8a629,studenti.polito.it,-54.0,18.0,36249.0,21169,AP-AMM-1N-XP01-03,Student
921355f4be39118bb1f971e3b605e829049cb3b2c45f343743c62e5530e53129,22b7ee76658a5de13f2324760fa62f5e7431a661810ed610e416ecc3f5ec28e8,studenti.polito.it,-73.0,19.0,3421895.0,665409,AP-CIT-DET2-03,Student
509057275335175193d94935034f32bd3e9d28019d4c502dd0f8ec3ab214382e,50633d606ee1745c21adc66bd270d0e02445e5e77702aabcdcd7d04c663f683d,studenti.polito.it,-58.0,36.0,32861249.0,7399827,AP-CIT-EXCELID,Student
75e7e72415ef362a09e2cceaaa681be05ffcadf1b5744c1e82fc644b74f9bf6d,9829e361ca0f8de7e47f81750a712f76064f36f8c468cfadf66cd56d349b773f,studenti.polito.it,-52.0,43.0,46330243.0,5181170,AP-AULA6-02,Student
be9d7dd3e0ad57e8f3499ed857daf1e1a1c5700cce0f68aa995a5b731143448c,7dbaba5a90fb47ad97f41055d87eb7e603076d4d70ae4ebae733a762ea208a30,polito.it,-74.0,10.0,402439.0,227871,AP-DELET01,Staff
46b8bbc3c52b62bfff119c574ddc0d890c68fa780fb69c77d3677683c4343db8,664647872eacd049438a1ff223079b66ae669105337aba0bcf54cf4cfa04fda2,studenti.polito.it,-57.0,35.0,2194069.0,221512,AP-AULA6I-01,Student
c0fea167628dd77e11373086999a78363fc59358dcdbb22740d7b718bc189db1,6879831a1988fffd21160a3f0b00c3ce080e5640d9d51613230dbd1e37e1ba67,studenti.polito.it,-61.0,34.0,49500383.0,28769179,AP-AULAR1-04,Student
57cf6aae82e5cd5d3b2ce0c4b27ad33581c56e2c09874176541b647c67325efe,2c3577f14e900829f778ef5c1a0bc3eef83a9aebd03bafdccb1386a332a262dd,polito.it,-65.0,25.0,209167652.0,7066221,AP-CIT-DET3-01,Staff
862dc1f37044840350492b20e052dc88c78bf9dcf250fad29ac9f40dd1b2d379,7fa8140ea18ed18375af7ccf8f674a3160b192327fa57473d863a9b3b5047b8f,studenti.polito.it,-67.0,26.0,71846955.0,1497786108,AP-AULA16-01,Student
cf836de613083bcff31840ee5007ac534a8cb8bfb9a3f9f0a7b4a9d370a38396,31c05bf11edade60ad674b89fbfdfb6bb7f98b7d9d93c18ac2a514c3ce234ba7,studenti.polito.it,-57.0,35.0,190867586.0,3482236,AP-AULA5M-01,Student
eb53e659fe93ab4be139b0962a6e5a776a204971e2c0113d21d09927a9dc0490,cef07efe7cd730ce29682f6bd7376cfe5a95bbdc2c21b4f12c7483afc8ac9523,studenti.polito.it,-38.0,57.0,59863706.0,156914209,AP-BCI-05,Student
e1c93be26e43c7c00f32983ae3dae1c55a00870dbfd189ebc0bd502b09c3c696,9b090fd37ad29a35e992248f02d3065d6669e21de321a636dc84e248d44984ce,studenti.polito.it,-49.0,45.0,55915380.0,356527478,AP-AULA3S-03,Student
c3f74be69b7cc19ec79cedeead5a3a1adc2539c3c18af1fbe39bd0ed2a2cee46,a55d1d7f5132c49f0036c46c1def913d4113f95b9ad319c5560b682a58fb5023,studenti.polito.it,-60.0,28.0,29124676.0,10264741,AP-LAIB1B,Student
f7fd4b2d04757a825a3c75c2d8e33c1533e6ed0a4a95183fc96538d94c3d985f,840543678fb41e8fa293fa22cf710367e81ed0a1eda3eeebfd907912de232b9f,polito.it,-67.0,21.0,352133.0,144810,AP-DITIC09,Staff
74b5b595f90093535c061b506624164908c18050cb21cc56695c4da5d87a480f,633896a10645c99ba2e6585aa68b653d0913e43fb095a11bf9a42091ab913a01,studenti.polito.it,-57.0,36.0,354067509.0,19505169,AP-SALASTUDIO4-01,Student
106bf69b93bfaa9a8e5e961d85a0087b61cf04977b7cf537aa2ff9b4b9894ced,1411e4ce2d90a9232c44994496ac0999518a80afe924a14a35b5f9fae8722171,studenti.polito.it,-56.0,38.0,14174874.0,2296915,AP-LING-AULA201,Student
386a379fc33ab2f3df58caa27ff823053371b5f2be8049bfa08632a905ab95c7,a7487524ed2cfb73a3939b4eac1860c4e65ed4bba3df3aaf6bcba43027839642,polito.it,-86.0,5.0,53291.0,26058,AP-FRONTE-AULA12,Staff
ec9114d916499479d4249115fd42b3826ebaa438b24345444213530ae4b64960,2f534565a8243261291e2b6c1b7ec1d827f7ed2e25de6c0c020728803579c43b,studenti.polito.it,-62.0,31.0,647907.0,422643,AP-AULA6I-01,Student
4991fbbb801bb2eddf55375fc6596f31fb3cd3fc092a5208367928b80eeb13a3,23f576fae97998d1c61dcf518508ab07b719787b3dd16f7893ceea13d0826a57,studenti.polito.it,-59.0,33.0,917722711.0,34461956,AP-INGCINEMA-01,Student
b5b2cbbd1061c487b4d3633d35bee0bffed0851f1432b2e719d4ab556f50c371,62c535d53a18cdcb83814cd3ece0ac283011e6f728055aad49a2941dc04206e3,studenti.polito.it,-52.0,38.0,921152.0,6145441,AP-AULA12A-01,Student
6d5fec251e1b74fa637ad9040aacf5a5c6e454f450d59f169944d8066826bb6e,e9a0529dab30ed634ff6f31590e4abc747eb09d5e05a344bcee3b182ff32c993,polito.it,-72.0,22.0,2824526.0,60091853,AP-RETTORATO-RETTORE,Staff
89a4ac2c99a28bf24ccd9fe9b0fffa1949e2f07d974e430cc68a7dc217b2b4f9,,,,36.0,107158.0,23598,AP-GESD2-02,Unknown
92ddf8f94173eaaac9008870a1bccda3d3c75d40333c4c7dbc04b7e1255a27d1,0b9ca7cc4d8873cfd9f27d9e968a90a92ea3b20920023c8296d15e359dab5fac,univ.yo.oulu.fi,-53.0,39.0,99901849.0,17188057,AP-BIBLIOMAT-02,External
f7789b100b61a02ad7d25c554e02a953e7ff1b2be2fc86adb34d40115ea1c736,0dadd7fc0904673adb8aeb45eff5f7475974f27fe7288ee04ac424aafe00e490,studenti.polito.it,-45.0,49.0,6226586.0,494640,AP-CIT-DET3-02,Student
c84c29bf6c3e80af5b2d2c115892fadabc5b86eddab625d053fb0944cb795ef9,9a76f25a36786a04071bece7a20b96a3929cc0d167c6215a30ee64c808c85ffd,studenti.polito.it,-42.0,50.0,822777697.0,31752150,AP-VALE-BCA-ST-02,Student
352cf0be02a51a007a0371e3026f0eed86f67e3d352bc40a7578da0765e3845a,81efbb22f3fefad2a9018c006dc62a9555bd1ddd69c7d4e98357094bd1a37144,polito.it,-81.0,7.0,159743951.0,94402388,AP-AMM-1N-XP01-03,Staff
5c4d3dc1c790a3d1479343c9ad2314d2af3276880b8f633bdb6396c4a5005ef7,ceda402f769c9af3fdca52a480c15cfac5eb562569a06fcbff80041218f3b8f2,studenti.polito.it,-43.0,48.0,19114833.0,2747340,AP-AULA6-03,Student
630daf74f91c6f484666ff439dc916e18de0f2bf9d91e1087bdb64fde43a724b,c409aa5034df5a6a2043007d2debbe1464d43f13bbc566d8202027accb333f1b,studenti.polito.it,-60.0,33.0,48692646.0,1290192,AP-AULA12I-02,Student
db92777d2bbd848b12349c4423a740255c60dbdf2567733204dcc242fc0f1366,3c6b84451c7f32d105ff71053a6b2f1d8ad4ed43d089032d40810df1156bb15f,studenti.polito.it,-59.0,35.0,54946825.0,4202363,AP-LAIB3B-01,Student
bad963f3ca0eb1c1b277a17f4f4876057a7900c64ca46e391846e35d08bd3cd3,a640d8e2d842b741435c23f3fccf747c05425c600901bd774c73e3117e428aa4,studenti.polito.it,-55.0,37.0,653460884.0,62823764,AP-AULASTUDIO3-3,Student
66e9d4cbac0469fd9aec721efc7e2b478d28b97c24a9bc6dedb6ae96908fde31,37b38ce5a861a139156953a887a873395e7f01454ddfb39236728e0b10e84ae5,studenti.polito.it,-65.0,29.0,24635733.0,6720415,AP-BIBLIOMAT-05,Student
633c9f232f628d5014b0b292da286aa609fa02df09d2d51567ca321f12028cf0,da3efd8313c94ffccbcfc9ec23d13e2a19d67579645747672b5c89aff9dea30a,studenti.polito.it,-39.0,53.0,814020798.0,18538699,AP-BCI-TZ-01,Student
c0532a2581b0df4c1d0424a0b9449033a2d5b5e06245ff0fde17091761ab02ad,59009b69c2771a93bd3af973ea6259bac15f1c5b1454a560669caf7842f4afbb,polito.it,-65.0,25.0,529928417.0,16949083,AP-FISLAB3,Staff
30458d40f0b44cfedacdd372610a61f9388ef9404ab2ac6643d5b1e6de26611a,e86b295155f961e2b02d7913c71e130964b136a025eb114768c80e2dcda6101d,studenti.polito.it,-47.0,38.0,25433646.0,2076471,AP-AULA03-01,Student
0306f5796b1d382bbdcd29d84e7c9ef2829ad11a3167077bbdec42c67fe96554,c259875dee56022d8b262c9b069ed8d380b314049a51c5aeaad4fa115f2f7252,studenti.polito.it,-63.0,29.0,55817366.0,30379514,AP-VALE-BCA-ST-01,Student
7f170baf2ccbadc6776bb17248a5c02dd5c3625de21e85905e1483001c76583e,9d3fdb276bc8273f817f5202262b28af773fd75098bed452343719fe3bd14922,studenti.polito.it,-53.0,30.0,61578445.0,93236140,AP-BCI-ST-09,Student
252ab42dec97cd6c6789733e1c29b117aaf653da6287bd1456585ef276966ea9,f1def1c7e9c4c6e1a2e02e382e14d736e68e35851d7063a6195d45c811dab4a6,studenti.polito.it,-46.0,47.0,139467783.0,60857806,AP-AULA4N-01,Student
fe8fbd34feaadd460e560801e2778b39439e029b2db764e5ffb69d0dc57e7c68,977f06eb10e9cddbd79f236c57feaf32e6517a14e47c917f45ebf5eae94a50a2,studenti.polito.it,-53.0,40.0,373969233.0,53732283,AP-VALE-BCA-ST-01,Student
e76db936e0fabc23234ce3b0521869b1aad4f9382f9541de4c9175440eb35a6b,2d9d086c9c49c26aeefeb3f5390399f6ffd844fc3ee087a4543ba0f4bff351a2,studenti.polito.it,-63.0,30.0,141859194.0,4913482,AP-AULA11I-02,Student
64baccd59b8da712e98005e6e4f9a53c4d0a655220a52c4475178843c8b674d5,8dfb4c27fbe2854256b3de12cefed080b91970a6f3117335a7c4c73016f6b7bf,studenti.polito.it,-57.0,24.0,31676643.0,10232478,AP-LING-AULA212,Student
bec9a55f0cbeec9d4dc5183a05986746fac7eacdd253b6dbea68b703e84a6a29,,,,48.0,26007087.0,6816086,AP-AULA3D-02,Unknown
5c230ad2aa9d5cd5ba5cd755fbf26cc99f0ae2aba479ae40f0dad7624caad088,fa294a42f131bd0aa134e6c92040e64ea668229d678e24fa3a246d2cc74df385,studenti.polito.it,-48.0,45.0,183166874.0,11336517,AP-SETTE-AULA12AM,Student
37c98b9acb3e4a618ae613151ac4ac50967e974ec104bf86725dcdd0aed7a6de,977aff3d75002b0f78dfcf8f774e56a480ae97bdf4409a9fdd8e5835aed722d6,studenti.polito.it,-46.0,40.0,91583117.0,10416545,AP-SETTE-SALASTUDIOA,Student
d0cd02b15dd8f877f99e4d7eac0e1037550b91c70e36dbac289d538d4672efa3,32f59192f980cfd74391bd75714bc898afb6b6b09db10069e25a38a9863d1228,studenti.polito.it,-46.0,49.0,26288774.0,6014932,AP-AULA05-01,Student
2cd015d9d3a3ea18529c7959e53d06565dbe1ac294544e95831ab4b875372adc,becd298981286c0852d56e99177b2da2abd941eec48e751fa9bc7c3eac0d215f,polito.it,-61.0,30.0,10167545.0,5951097,AP-DIMEC16,Staff
1c2de5fee472996ee7b0af60d03be1bfbc0ce49e064ea66583701be010b4f4b3,ec519c2a9da8aee961b5ff9de17e329920250cd704e78d30b73e157f95be4e2f,studenti.polito.it,-47.0,43.0,1533673749.0,1109508697,AP-SETTE-AULA12AM,Student
0ecc692dc23fb8b80daf8b4bef7b25ee4bde5871e5fac37ca27b37a8f3fe0398,1253ead219bb82f5f6a1cd69f8a927b7123d1bed4e98ebf20d198511476784d9,polito.it,-47.0,43.0,308697020.0,22955561,AP-AULASTUDIOR2-02,Staff
d4a9aba6eaaba2a96aee997e917b0efab75a2960993c16f6e6ef048c99a6e5b7,8470dcd495735dd2f4a7a09fd17c7461fc69df0be1aecea5a32617954cfc477d,polito.it,-58.0,36.0,216881907.0,78991856,AP-DENERCT01,Staff
c6b71d074fee992d36c55c5a616cb4c873339dfaf5db2e724457919c8d0afa55,0d73de97f46a06eb7577489c4203dbedbc657e3f050522073de54f8c00088b17,studenti.polito.it,-53.0,43.0,84387894.0,7161395,AP-AULA05-04,Student
8b3bec254b08d699cc7c3cc1350de147be24a100cb1914e84c94895fc9778599,aca8123d3a08d08f5636a94ccf6b0ead82612621c5767ca1fbffbf61a2db612c,studenti.polito.it,-62.0,30.0,102914592.0,6576526,AP-LING-AULA309,Student
08e57238e165ee80afb0ad0d94ae5d428d8e3001aa5795060b5d1677a2d6a3c8,d5df2d32775c4639c84b8c231630bacb40e2b6a94e2a50c7614464c85f978d3a,studenti.polito.it,-63.0,30.0,88322625.0,18121989,AP-LISIN01,Student
7ed538e648677faddab2e710ad4441bdb15b3ac44950055fe3b4fc2682fc5578,c319006871f2c7c1f3e208c3caea959581eac6185dd2942f5bb44011be81c541,studenti.polito.it,-44.0,49.0,58907339.0,6919840,AP-CORPOZ-08,Student
4d242b75accc36ca997d3cac12761a7655588715ead833733fd2611a720e1437,8f0bd0d6b55bb218058ed0423ab453b256f5e29d4d514db165023020d0af74ee,studenti.polito.it,-39.0,38.0,136981090.0,13212521,AP-AULA3P-03,Student
39c852d86fef4112db52537eff7028ccfdd320b47d60cb6c9f5c93b926ecbe4a,07aa37e1fe0955335d4271cc38d26348f29e874a1c4f6866c364a4d119cbf790,studenti.polito.it,-45.0,47.0,488065667.0,22390769,AP-AULA05-02,Student
a17f33642171231d6527ea615a60a49a47855dfe99f67ac4135c2a8a08062809,326cedd6ff64a9fadf52c6ede881ba7ac4a8bab62587572551a65223c6912248,studenti.polito.it,-45.0,31.0,63138848.0,5258873,AP-AULAR4-03,Student
0afb17e5448e45beee4443a191dde02016ae99373a3da272fb9ea2fe26ff6d7b,517227d1db282f6faf6f26dfe501129fab870acb24a6089a208dafef642b62de,polito.it,-57.0,38.0,490915514.0,66018603,AP-DIMEAS02,Staff
66a9ed40996c71b9675cf891f9803c8eb003c3fe1e8d68c4979751c210bcdd06,39d3bb57088307fff863b5d420949293f11541d39e7791ccf711a145bc8d5b2e,studenti.polito.it,-48.0,46.0,47065706.0,21454560,AP-VALE-AULA9V-02,Student
29b61a5d6a10b8bf5ffcb43660dc0cd750fbc3980e6f5b6329477d71eb611f6d,52ca5dfb49b7617fe548c925af89ac7d50e3afb971c3ba3adccc1c30cfc80737,studenti.polito.it,-40.0,36.0,10099552.0,2577901,AP-SETTE-AULA11AM-2,Student
37426ed1e6afe2b1adb4534b1996bf3e66b6e96ca13d23742e88d56b7bce976d,7701a23a9181905a23315caa64ec81d9e031259b28e7adf737089b933e7e023e,studenti.polito.it,-54.0,38.0,20755208.0,7535855,AP-AULAR2-03,Student
268f3471dc89b465265befce4328673e97d511e367ac9de6ae97940f215181e6,c6b08ed3a6bc281918873d9fa7e4cd8d3922a552e3a5acd54f3ce431ece9b212,studenti.polito.it,-57.0,36.0,4244980887.0,415174187,AP-EXREALEMUTUA-R2A-P0,Student
fa2a7f70185188f32824a7f178cfff4ead0fa3cc19b4a00073c5120f67cd67e6,7386fc4763a74d4818c88b3ae8effec533e95adbca17a8485e0ae74c9a6af9da,polito.guest,-63.0,21.0,158410230.0,56410969,AP-DIMEC13,Guest
f3ae41d5d0dcc6ba302769446bc92d21971c0efd2ac670bc3643d1a285dcf7af,87a346c70719a9543a29de48b203da648f422f5312a4b9df190732ab81c414c6,studenti.polito.it,-53.0,41.0,12698133.0,93794604,AP-AULA1I-03,Student
46a36d7b2997635b295ade4fa8dd09ee5d768a0a6303001308995b0ea22f8648,7ef73d4d6749e9a152f0168ad16b13355d24be68810d61eb5d76a5749645f57f,studenti.polito.it,-69.0,23.0,28094916.0,1605870,AP-AULA4I-02,Student
b737f9f411965b6ae38c4989674add5f73e453e33d7f200765d33e56748d1729,ccb9d6ad297a6868dba98fba26b85547e63f0b993bf2513701e270080fd09447,studenti.polito.it,-61.0,33.0,18231203.0,20126695,AP-AULA4I-01,Student
8d3122b983dbb4ef93cb0484dcc7551a12309477fbd55eb526624892c5d2615a,23ebee730e76b1847796ebbcd333c1515e051b623ea5f9e7cbeaf6d81ee824ba,studenti.polito.it,-58.0,35.0,540167299.0,196740870,AP-SETTE-BAR,Student
fce1aa8260a5c8921f0fbe2253f477eff3fe40e4e0990f6a871c544d69b2fdbe,c5faf3590fd99461adbdde0afa0014731b1a6c690189dfc45dace92cdd8fa16c,studenti.polito.it,-61.0,34.0,120488943.0,13475577,AP-BCI-ST-08,Student
649f3813a1d85e9f03e6894ddd7bb496d1ed3b1b967cd7891f8b3d107ee913ac,ea0460a1e00c0f718fd74d4c8e78aba1bf5e12682e4b3dfe3865ea5fdf514c45,polito.it,-57.0,39.0,186988860.0,24459539,AP-AULA03-05,Staff
790c8ad49cdd0e88173c74f8c524827c573e28d3b03c9c55bbf9449abe33b4d9,1bd775b24d015d4b04ec00dc47f6f56891707541907c0e1107c00930f56d9cf6,studenti.polito.it,-54.0,41.0,19272404.0,1134230,AP-AULA27-01,Student
8ada04a4553d74a1f41890e1a8cde775a85f48f4556fac4a76ff486bd4db77f3,706504100ef9a8f3211a3ee59400947126fcb9ba950d5af7c4984bdfeadc477a,studenti.polito.it,-46.0,47.0,161601.0,101200,AP-AULA2C-01,Student
c1266a32e376941a76b4677c4b6be9f113b8d5a2f89d21fc468a945ee672a3f3,618343394573e046909d28355ab77c8ce9f17822cafe6da310f1c6d8b41ffc3e,studenti.polito.it,-61.0,30.0,16808641.0,2244133,AP-AULA05-02,Student
f2bd7dc1df5d7a7d35ceeb942b99452eb66e04c5205805547740404b6a279921,5f8c538c2298c70abee0710c1dd3c07ee2f6d325a0e3e1972f673803e40d6b50,studenti.polito.it,-70.0,23.0,3740153.0,1494343,AP-CORTILE-06,Student
bf7548a2b6d214f6d6370c4c69a1fa743867a667ab288cddbf0547b5630763bf,cb3c0919c852eaa154ed0034b7033b51376e7ff6342c5edb2bc8e447852b9c8e,studenti.polito.it,-60.0,34.0,115299724.0,2734631,AP-AULA9I-01,Student
421637fdde2d2d10e119ca333ff5daafeb3f49429120dd851c51d16dd81f24f9,706eef39f805384c50ad0e8747b36cfbf17d35d8341ef8cb29a88420dfe719ca,studenti.polito.it,-54.0,39.0,1313148.0,620368,AP-CIT-DET3-02,Student
f3575ab652db92c870cfeb996fef30a678a58b707dddad1b43b1f1b9319663e8,,,,,0.0,0,AP-AULA4T-02,Unknown
61d419c10133cbd6f0f7a06b1f412af80b5ed72f368432f9a64e33406df6bbcc,85a4acd6f3561fac2a8395acebc91fa38a0f98eaf41955b13039036f1997a382,studenti.polito.it,-50.0,44.0,3880436.0,610969,AP-SETTE-AULA12AM,Student
feb0e961b6bc711a9bf4adfab957ef448970c8911658ff61804d01847c9d8106,1a2018a0fe39c03368a95e8feb1c6a1f319d7e34b638abcfe6cbce81336d113f,studenti.polito.it,-57.0,38.0,919236.0,137706,AP-BCI-ST-08,Student
13554dd7d6918383fc2470b9a50918fa2265faabdf340a678d170fcd203cf4ca,7d048faa656947d226da91829528d10de9aab29bdecf863525e2849efed03157,studenti.polito.it,-68.0,21.0,10304909.0,4739160,AP-AMM-1N-XP01-03,Student
20674529935c43d817255e9082205bd11e6972294e05fc13c0522b3379820d65,bf60c24e7c9115545fa71707c89cbce435122b0865b6eeb5defc56a7d0070d5d,studenti.polito.it,-58.0,35.0,64388261.0,4228764,AP-AULAR2-01,Student
96cd28e5216f2d0c55459e6e26a11e5989c04c1e7fc34f7fc6bbd452eb63695e,ab8f463c2d86ea311be5f680b0e72dd7fc67816667bc07e0a5bdea538b6d88d8,studenti.polito.it,-59.0,32.0,404601720.0,23735384,AP-LING-AULA301-1,Student
13fe33f78933e704866a2059e99709ddddcd849b1084a66d35c6d1112e6bf36d,cb5017ef83cf023fd065381054e6edf59d8ae0d8990ff5f11a40c5b98f779d81,studenti.polito.it,-47.0,44.0,2242710.0,8296467,AP-AULA15A-01,Student
009a2d7bfb758fc5e08b643f66d78a126cae73964d3ff1a34019775c1d4390fa,38f3addf1bea3e06f22f7b818a86b933f2b4ba84ca344784e82e01b401d85cdc,polito.it,-49.0,40.0,364931512.0,27064579,AP-ENERGY-EC1A-01,Staff
cb34f0e49d2eb7b2f28a03edc7b58bc16343f34f42509c4cf90389fcd9e80a75,01c413648a400bf7d15c5f68400e3d669d80dbb1b3d69537c40b6213d8595fe1,studenti.polito.it,-58.0,34.0,35039098.0,14688494,AP-AULA2-04,Student
6b48f084938f61674a83291e35dd5bf4ea4c4acac05bf8b6381fb6c843b3551b,18d3f77002dee27e614cde084c66554f9c07ea769d1e22050bc1f0edd524945d,studenti.polito.it,-57.0,34.0,39915886.0,3353610,AP-AULA6C-01,Student
6773e7f56dffde075e40d634e68bbc5cfab50e550689a867b20aa62f5c0e2158,e4feeb294fd5471f263516cf11b04351db77cb1f4e835b542408cd9d6115f8e4,studenti.polito.it,-84.0,14.0,327831.0,333401,AP-CORTILE-05,Student
6d2182e6d6758c6ef11a5338db298b0b1e1666a1081da4b636b98a243d6030ae,e5016c607f8dc2c72d97aa83088dc7b014e9d67eb8fb1d7b514a564efe9dc583,studenti.polito.it,-87.0,6.0,37675837.0,1921009,AP-CORTILE-05,Student
976e63e07377cdecc53cb364360f0e9c02fa5cebe971eafe9251d9880a20edfe,12832d9b6493c98e9864e1c752b5927d3027b7ce828dd012523ee78016073974,studenti.polito.it,-60.0,31.0,250723.0,181002,AP-SETTE-AULA13AM,Student
1b7180a2c739ee691983127e03ddb717d0c159c2709d1f604459893264efdc6f,b01e98165c41936bd5c95952d1ec6fe31bf5e4fffca68a8604bdfc755e3ebc84,studenti.polito.it,-86.0,5.0,552467.0,425706,AP-SPECIAL-NEEDS-01,Student
390c911e9f9437d306a606cf1a58af13bc7c4f5486aa59c0f8c3a3158db2ab90,ba1f71db93205bc3caf56396d8fe0899186392eb49a48e055499e883d26f57c9,studenti.polito.it,-43.0,55.0,8614.0,3002,AP-AULA29-04,Student
91a38e1dfc44516144ee77e56862e3bb5e17c46c6e10eaddf96196e89777495b,053ab8831bac0e44cc9758e0b291a44c59f762ad7add26a0988a5f5b8c14db58,polito.it,-57.0,32.0,360088638.0,10479704,AP-VALE-BCA-04,Staff
84b2e3e954c14da695aab45cc82af965cf36243538fba4be09438600148e01ad,e0f04342e9b1a5762cb45e272f41a771ae9a97c99ae8488cee6e9726501802d5,studenti.polito.it,-81.0,12.0,0.0,0,AP-CIT-EXCELID,Student
3d975842c99e9fac9bc47a8800df8bcab12ffd6ef200eefaf738535f258907ad,e9d8632263b2eded28f9980bdd5cc52fcdc9c8fa4505957cd536c8b7ddf74063,studenti.polito.it,-54.0,38.0,30119469.0,1698733,AP-AULA6-03,Student
3d97bad0bad590cf28b6a29be788424171d6714221745cfd8468cfef40841a0a,f443ef74695d25d8f417c9324d8309f01b3fb0b8d65cf1131d6cef81a030a5bb,polito.it,-51.0,43.0,1033416981.0,85803620,AP-LABDTTF,Staff
69610027c00fdb5ebca314ec758900b3fb6ccd08bdebc0c59554ca44c03c532c,17ae057f558f9d16c98e7bd3a2c8217bce464b1cf3e8212d458f0ba869944edb,studenti.polito.it,-54.0,37.0,3778996728.0,31815419,AP-BOGGIO-SALASTUDIO-0,Student
c1445edcdc9d2f2856994c8d5d640f1b2560760cc651c09d07d4b148e2080a95,ff3a7864baea8fb8753b64a04e1a17971df9b68a4c016283df00d1beb0b11e5c,studenti.polito.it,-49.0,38.0,285294.0,72723,AP-AULA2-03,Student
363670adb886431d9572a87675debd805e95ce3c43c987d691c578c22b4080f5,78c18351eeb7e45ff6093c097d1844452f26303ea27400c2d3b7436e930189a5,studenti.polito.it,-53.0,41.0,304022.0,207948,AP-AULA1S-03,Student
ae08fb6ba473b0a480da9bccc05f3d830190d2509abe7e43b3b0d18222da0436,4da569f00977a139bb2c6229deddd264fa0b1900bf47e462efdde60032adb121,studenti.polito.it,-50.0,43.0,41414909.0,6996747,AP-BCI-TZ-01,Student
bcd338a4b35812d4fee62bba453a6a0ab8035d4005579aa3f656a2f3f4ea4c5a,54933b4ff262d91b6eea9e9cf7957da1aebf99b2b9c0801fa882e722f96a2379,polito.it,-68.0,25.0,475706531.0,18690804,AP-AULA11-13,Staff
d3fbf97267a44b1de2eb64b13844057ae2071ff1a56de5ed1fbebcb1c2e39c12,b7e166268cbbd1546b77a7f19ac2a2bdf6ca2faa7852f48fe6042470c5eac44d,polito.it,-52.0,41.0,59189173.0,5814511,AP-TRENTO-TR1A-01,Staff
a6c3540eee21e8482406257d110b59a0effd979fd0d14ddd34c0c34eb6c46350,d12f8122e4dfc85673eb00d5065814bba8717d1304154b9a825b05a57968ec53,studenti.polito.it,-53.0,43.0,246969590.0,7285892,AP-AULA1T-01,Student
30ca9c38b4e36151dfb9b88b3ea1e92c3938db23ec58ca9f75d6c03cdc5f956f,922b0734e4cc49c0060676d12e37728d177068e55e719b447a2bd0cb2d38d174,studenti.polito.it,-63.0,30.0,97072581.0,3095912,AP-AULA10C-01,Student
f8ee9e7e456828f14228883972b0fbfedc8394c389f4eeb48f32bed2be428ce8,7374be3964fa7da45ac755a0c99084f5c3ac8193840a695a24ac28c063bb02e3,studenti.polito.it,-59.0,38.0,69628613.0,2267020,AP-AULA6-04,Student
b7ea249d92e992b0076ab9dd3ad523fa57a891e5cc6b019002360bafebec39cd,7d048faa656947d226da91829528d10de9aab29bdecf863525e2849efed03157,studenti.polito.it,-62.0,17.0,122263910.0,4102142,AP-AMM-1N-XP01-03,Student
ac2c787ec601458618a5b3aff7caf8b3a223b057abe37ad4289acd100a448cb4,878b9a26145d1616e72a0c3e7d58b793afffffca2aba3d067ad3816c194e268e,polito.it,-74.0,23.0,1166611.0,1326547,AP-CORTILE-06,Staff
267034771ad8403e15091d89e8231f870689fd373797a5205eef3eb23843d08b,b0e10aa021a2625cff2835eca190fd3385a4c179432ffcf02dbe5f0469d370fc,studenti.polito.it,-51.0,44.0,525256108.0,11725565,AP-AULAR3-01,Student
5925a9d198e1429ac22dc4406de0a175c9c380f8ddaff81ff1db57efd91bd5ae,257a7346210e65ea349b442c2952c0d21a9a97988b46cbdaf6e72edb6e0f0548,studenti.polito.it,-76.0,5.0,1284161.0,113661,AP-ACQUARIO,Student
4cd16fcf3bd778118c597d5d66dd015dcee1d54a0b720cb5c2697379bc555f64,e7cc54255f137030cf5184802913d25bac5687f7227389f6911410e84415e1ed,studenti.polito.it,-55.0,38.0,9788864.0,312309048,AP-AULA1T-02,Student
9b5aecf90b7a2e352c638f44ea7fadce9963a3de58d5d0d67b00f1ef43c34296,548564a399081e69e67e652077869c64d85aa0ad4c8e5a5d23d7923e5bc4bb12,studenti.polito.it,-48.0,45.0,16358372.0,31603464,AP-AULASTUDIOR2-01,Student
6c3bd7590681f69c93362fa919c200c96d53c89f3096d6dd54c04562e741d086,2a84e098d34ce267ee17261a5e7021793394fa8e16404e4db6aaa4f2159dd98c,studenti.polito.it,-56.0,36.0,207575776.0,8058299,AP-CIT-LABINF-01,Student
25cae3c30d2605c20b77c8740fe897f34fbccb55163e7366b075066dcb9d0746,c1c0adb45c5daa8582c1eed8c0e99c296a22c55ecd17234260402a7991ce325d,polito.it,-59.0,33.0,1219282837.0,47305146,AP-DISMIC23,Staff
56380af811b3eee8256c89650cd4ae645d148837c2b7ae1aa1cb3326292e4c7c,ba18f6ed00c24eda8017d84df892707b1d47243f4ec12c58c30384e4222f94d0,stud.ntnu.no,-59.0,33.0,1609528.0,274718,AP-CIT-DET2-03,External
443e279a14bc371295c975cca36e162a85c891870f302026ae7cff8611edcd0e,02b74be288a16175b9dcab95077da27ca53de29649bf1c71c6927340e3c8f13f,studenti.polito.it,-40.0,53.0,942984.0,345945,AP-AULA5M-01,Student
aa7424216de8d23ba4275b9a59e4d2f5fd270e9f17f4cbd990a546fcc68847be,690ebcf6637288671ac6ff250442e473458927b13c2cebe2d08575206db0bda7,polito.it,-54.0,43.0,488786257.0,17866572,AP-AULA08-05,Staff
71856261ad57d70e6a605add7ac2bc0f77f359a41f0d06edf09eef215d061f19,76b8fd9110dbf0cb3e75417530b9de015a095572124521dacfb6e3f263bd68c1,studenti.polito.it,-51.0,41.0,136508397.0,23135662,AP-SETTE-SALASTUDIOE,Student
726b9efdb867ed8ea7708a9deb8e88cfcb7a84051315109a66104caaeaf981d2,3dfc3f04bf97367bcd3c6fe7d78d9ce7d5ef0ac6bf4d8c720b244aac6c9e63e3,studenti.polito.it,-70.0,23.0,4346208.0,617208,AP-AULA4T-03,Student
96764a42b96a73fa0c2a177a02ba47657ebeb61b1b0e134a9cac9a3f4aba97ca,685c1e42e6d105817e6ef6d2326c1fd950cf8603ebfa2280ca6c2d9223367e4c,studenti.polito.it,-49.0,47.0,221120895.0,114489914,AP-AULA2-01,Student
4417100727c42e14b52f59b2d9fda18831664faa2660c99f9be4240d3a8d0ebc,314ce81074a267544f34a6a913f00203d93f23e0d992c0b452b981905944790a,studenti.polito.it,-56.0,35.0,587264149.0,15477289,AP-CORRIDOIOAULER-05,Student
e7cfb4cc9c3600afcae975b32ec8beb72cb99ee749d383ad5516cfb9e870ccc3,ae68705d0f91e264b094642dc6f2ac06bbd6eb7d59d5914d568a57adafbfaca1,polito.it,-60.0,34.0,2325178.0,914320,AP-DICHI-3O-P3-01,Staff
a62df4ed3d811236a05b415c3fb64cc0144a950d367f9482795f86eb46d0c47e,b857e05c711f169957dee15cb8d1cc800e642fdace167e517b7dea3c5e71c82d,studenti.polito.it,-56.0,39.0,1486191.0,708332,AP-AULA7S-03,Student
ea133fb89fdbc982a5d16aa274f128e71f4dc4e5cad7bcfdb5a72927137afc12,5b7d179c39774c3f3217fd390b4d267fd7fc519d2feca605b47ecd35b679228c,polito.it,-59.0,30.0,627740.0,279293,AP-CIT-DAUIN2-02,Staff
9320c8b87363bf2ef47ac737b284960e083db289abe52f6e6d047e8169bb991e,5da75c0237391334626f9086f32fdbd4f24adb635bbe792a625897e36d2c01e4,polito.it,-91.0,4.0,38312.0,15654,AP-DISMIC04,Staff
a9e1834e6d16199534c824558828e7217c220b8e953b1058039f54888aec48c6,fbf263b41fc6d8dc5d3dbc8193f5ecb25c632af80ab3b4dcef3e8a2f9aa9dfd0,studenti.polito.it,-50.0,39.0,238764796.0,23794569,AP-LING-AULA300-2,Student
e2132cb66e519a5d39eebe2b4ad13307ed208762d831aff441a978eaec2f6fae,54ce25f9a4fad27bb9f526332f66b93795e5f6197012fbfbf3da1fe0b54a75f7,studenti.polito.it,-71.0,23.0,2581142.0,560965,AP-AULA11-13,Student
adf6e73073781301081f22b4c13247d145ba62c855e31afc5337954a63fa0803,c82561bb9cfafe5c50a8df0a2d1aa291b7fd6fdf8b24995b96179c0bf547163c,studenti.polito.it,-50.0,44.0,70122996.0,10085800,AP-AULA7B-03,Student
cfa728d8662024eacab3e03d36143b53d42d3da052c12c3367bf4f8ca8b8b354,295762d539aad5acf1d67e28882a45654affd1b14214dd2e95cc2af63cae29c0,studenti.polito.it,-54.0,39.0,4724462.0,1814697,AP-AULA6-02,Student
cf6eb9d9a11e5deb8014c0a17277e279c877e2d222f9840f7ce2b9deeac3e194,47ebf8fa8f16352eaea5eea7252e6cb30a425512683740f6291b859fd76c6be3,studenti.polito.it,-59.0,34.0,15105142.0,932333,AP-AULA9S-01,Student
e2f2806bbeabdd3866c7817f43f1d5fa61bf0fb3e70d14bef18350b18d0e0efa,e05d437e1fe359d34c6be0724bf4d0daae1b62ab393884c01784003ec9a5e01a,studenti.polito.it,-57.0,35.0,68630531.0,2774426,AP-VALE-AULA10V,Student
0fd65304d0b8b3ae5f2c04c2de8abbb37e5115332ca619c235a1b0ff8fde7db8,846ac894de6606cc041828fae7751abcb0d4b8e62663bdead8eeb93c653d3f3f,studenti.polito.it,-57.0,35.0,31187202.0,3146749,AP-VALE-BCA-ST-01,Student
86064466bb33fb4f3a0eea355e8ab4fabdaa1f8a7bb73e92639d01e166fdaca2,98a5d1c15861698e7ad0eb01e010904797d0c07bdc0c225a128b811182ca5436,studenti.polito.it,-63.0,24.0,54375.0,20667,AP-LAIB1B,Student
10d2840c632df2653240054c60148970e25a1bd86b07f9215e382733b4c0f0c5,791106d88e7651671a39093f513f94c7b7edb02cc7af42c73b6572bb81ba1510,studenti.polito.it,-57.0,32.0,479549776.0,12443965,AP-SETTE-SALASTUDIOE,Student
e1230e645c4481e44e24cec85c46ce2e27c6b3be9b8e5a54899067ca4f296308,0c117cfd2d72770d2c213e8135e6b435ae663d0a5aa6109dd0f23c73bf03ebd3,studenti.polito.it,-44.0,53.0,403937083.0,5264211,AP-BCI-07,Student
881415b36d3c87490483c1ca0a37f5616ac525e3042353775f98381d3dc9e0b8,32a217b90a4323921f37f4b1d5d3ebca033d5bed6e2b5c832ca93be5d211c57b,studenti.polito.it,-52.0,40.0,1152361.0,413082,AP-AULA11B-01,Student
6c54a465ea8b81df8ff83327f8107cd9ebc038a8a8453ed9efcf81eafaa74942,96b5ac1f7a0d03a4c170b9cd1492511e2f918bbe88c9a843bd1e13965e8607c9,studenti.polito.it,-55.0,40.0,428312019.0,35269716,AP-BCI-ST-10,Student
5d242d575e2c76fea681e29282bbde58473800b5b426390fc66749a358870db0,1d989a70dafabe62ced962e8e28ffbea8be55e2a9380b4ddd2ecfbccae54c38a,studenti.polito.it,-69.0,23.0,66493091.0,135676519,AP-SETTE-AULA14AM,Student
aef9bba32f865eb191b5a0cedfad398ea59f72f002122cdec64e92ce2d9028c2,034e63bc87068d89e240b4d6d95be2b338780088f88fc19291fb7e3ce9cac3a8,studenti.polito.it,-62.0,32.0,5641725.0,10816141,AP-AULA4I-01,Student
f5bbd074ce6c64e228d69933e712c2e486370783f19f4f0463ba2b23c51713c7,4670409aeb66f6c8ab585cfaa7dc99f91c46d8387627f774992a8b4a08e27ff7,studenti.polito.it,-85.0,7.0,1905411616.0,54765606,AP-DITIC03,Student
412a9e60cae73ab42720da7cad9294978bc1bd41f1d5f8a8e1412e8295649232,0a2075dbba783363b93aa6b428d54f16e2015e85971afd4b0093574d6c65ea04,studenti.polito.it,-52.0,40.0,149154003.0,11209658,AP-AULA29-02,Student
5e93a059368033335ff053b141d03aa59e36140036de14fb2187ab6943972ead,0333861a7fb01d6cd3ccda665d4476c84785a56d6602d511ebb17f786e423e34,studenti.polito.it,-50.0,45.0,64719379.0,5189635,AP-AULA6-01,Student
02a9d1c84f91c01aa25e0ca751f86bbaeaea7c550f6d7e8bc297a82667782996,d9354681f0cffffc8bf500a1e435d094629128c7088a6082a417fee0c70d8fff,studenti.polito.it,-46.0,47.0,683300401.0,25783976,AP-AULASTUDIOR2-02,Student
8e1fb15f8d8680dfafed10cf5291ecea9caef03219df7aff74d2d096d8e4dd01,2c76ff211a8cb526540c90d49c2277b40bc28105a32866de6c1af006d89c2c49,edu.unito.it,-50.0,42.0,52149641.0,3187540,AP-LING-AULA213,External
1b858b86890e8108965cdef60e31644ff08f1bc233db2fdbe9cceef8fbdc34e4,5f2904e570e6bc69f9f0e06dc50851bca2d55e8b61ab77470207998a9534c21b,studenti.polito.it,-46.0,47.0,6125658.0,12012812,AP-AULA6-02,Student
12fa6cedc6afb0b7e8abf7732227f1299411be40ec23de3e4c13ff66d5cc02a2,d9a782d05e928cee2a63fb3dbc6a579025974c7ed3c0da239d90301a75e07eaa,studenti.polito.it,-69.0,22.0,2113013.0,1736858,AP-AULA12-01,Student
50147f69f67c7c9de48a510eb035f0b93e6db997a46b6e430d361b8a8f96faa4,91134ab6990daf8e478e1a182169802a05d16655b3a2cedfd8a24f8be2b66bc0,studenti.polito.it,-60.0,33.0,9306884.0,237172909,AP-AULA10C-01,Student
25ae4901b708e162989e2bce9085b59200c295a982584b3e0e75b1a2f2bf8dc6,6bf24fb174d2c2b37b211f9843cdbbff1715f58ba3902cc4657534b2ac3b62a9,studenti.polito.it,-68.0,27.0,555389.0,128843,AP-AULA10I-01,Student
b09916b81e6ce7d2e912e59f91139d44a6f16b7f031c7d3cb33f95493a72d3fe,0f820155dc7d637bb4f192351d4b84118032c701c4b1bbe10a34118438e5dee0,studenti.polito.it,-47.0,50.0,2741219.0,1969624,AP-BCI-07,Student
469dcea506659d6ff11a744d7261056b7f49a0fb77fbf00cc03e9ac50531192c,47486ac95569894771bc9c14dd45051d3a2606c28b347160cbae1f97f428d9bc,unilim.fr,-51.0,43.0,22606832.0,5352441,AP-AULAR3-01,External
8581a21c0db79f0954fd5f5e19b3a80870f2a9708de6d9c89ce12331112b74b5,27156b45632872ffb783d04009736b9067e0ecd384448c282235b4af5b2be186,studenti.polito.it,-57.0,38.0,574443552.0,193333951,AP-GESD2-02,Student
f79d5b990d6a5424403b76ebc9d1910097540f41e0d826069ed4e886ae452d6d,87f0e776be6ac067776ad1b89a555498ca5040c801ea150ce60586a81a1728c8,studenti.polito.it,-52.0,43.0,270890180.0,416271639,AP-BCI-05,Student
5f71e2205338b9418c9489d79b8ab7e8c761290f23b3150bd569671ac8c5b5c7,f4ae7b1bb4ee852dcd4982e4b2bee2ab903588f11ee1ae39e56ccf69827ff45e,studenti.polito.it,-57.0,37.0,3707619.0,925166,AP-CIT-EXCELID,Student
6650dafc1556ae833c1ed498d0137c98dd0015cdf96596dfbe287b05b75a1387,2e5ebc64e6c4716dc14ff2fad3ca10d66ac30524cae1ca95ee8e3d625784d11e,studenti.polito.it,-51.0,42.0,1658876528.0,11506076,AP-AULASTUDIOR1-01,Student
238ad097d67ec80abfd53df4556c23906d22e560949bdb0068fdbd4d4d684fab,,,,37.0,13554.0,1744,AP-VALE-MOLLINO-01,Unknown
dde5e929860096998f3d80410fba53aeae6ade8506e4413890ed7e7d36f1c791,d323b1c3dffd03ef543e1e842ee2f6906c82052d3f8f4783e7c16b96142e127d,studenti.polito.it,-47.0,50.0,29931451.0,5436392,AP-AULAR2-02,Student
4ea9e3adf90fdbdda068403c9fe8faaf2432b76b3cb4b6708de440769f492ed9,fadc493cf46b0d87d2ce2f54a39f3f77f044a8c92414db217a596b3fed9aeb8c,studenti.polito.it,-46.0,51.0,359191362.0,18522933,AP-BCI-07,Student
311faaa141e94ef07e7c867f05673a7c4906ded94e4331e41766717e30e810e1,,,,38.0,1382368.0,525827,AP-SETTE-AULA11AM-2,Unknown
353f7fe513acb0337e504417c2627499adecb073ec65067e0f512d26574f634c,08266226aaa4f44db80ded68636ba432912deae2d5d9a4e8371da610d336253b,studenti.polito.it,-63.0,29.0,58428018.0,5664843,AP-SETTE-AULA01AM,Student
a712525dc853a6fabf9472400de05fb7af403bcc54508aefea0c9ea16baac1fb,13de2b8087f41343add222ff82907f72ee724f43df20187248d8916b37aab45a,studenti.polito.it,-56.0,38.0,124295088.0,6857249,AP-VALE-AULA9V-01,Student
cbfbb92378c86cabb09a3490206d8267c681cea28e0ddfcf14ec1ac2c4fa26e3,e755489b4e1aa8f1dfe65addd35378bdf25bd1943f29da25d890c31bf81f80cd,studenti.polito.it,-61.0,32.0,2178489080.0,264942153,AP-BOGGIO-SALASTUDIO-0,Student
3015ce99c8137850c8970c4ed0e12c38d14bf2f32706519dbf10507ac4322103,b7c6c603315fd9834c56b6db291cdd655ad418068e6883b29071cac972b9f502,studenti.polito.it,-72.0,21.0,136242312.0,4432630,AP-LING-AULA301-2,Student
e59da443682df9b75bf9eb7775f56b7b409c09a62ffe8cd5f781f5a06c4d0f25,b9a92607189fe4d9be7433a86ec1911a2d712ae5a5a3b4c4011ef494e4f25679,polito.it,-51.0,42.0,458799864.0,214776095,AP-VALE-AULA4V,Staff
a7b43ad144b0f2b457f1d49024d1895a4faefbab15b440ccde47ee2bfede5cab,0ab37a1748fca09c2b0e62d0e3ddb4a059ab3357aad22f5b743ac375babef389,studenti.polito.it,-57.0,40.0,15281733.0,4335558,AP-AULA27-05-OFF,Student
7a2f1f34900b8d407d71b55af993cce6ffc4aef9d098487ddf13e899fe339fff,75b1042dba6bfcc515c4a852f20762d6530d496677fa9cb1d0402219a40d7c43,polito.it,-51.0,45.0,80135395.0,4481065,AP-DELEN02,Staff
ea2e208fb770d0520a23d84436a8b10665017f7b5cd8cfe85cebec9dacbd3809,142b95c823ad5c03ba17d5fbf4ca5b7d29966b8a91a18d13c9b0be025bb96299,studenti.polito.it,-54.0,33.0,1776824.0,832607,AP-AULAR1-04,Student
c148396bb70033bfd0103be9dac252a90079df809e88bead89cdf433c70cf3b0,b16e6ec59993bb8f3bb121c1a9ac743c6cce8eb06bacd7d445ebf096168e8d37,studenti.polito.it,-52.0,41.0,458478340.0,574587437,AP-LING-AULA211,Student
ff73ab71691c06d442191af31aca238dbb26fc5fc356046909469464b8ddbdec,4e00de06b0b5e47d816eeb539e77cfb037198569ae03a95cf4c5fb263b8fc7dd,studenti.polito.it,-88.0,9.0,17974017.0,8273281,AP-CIT-DET2-03,Student
d1cd9ff6412ddddafa18ab497ecc3d2793e42f0b9bffb5b209b6d5b713c04cfa,6b717051c2eeb96e4b1dfcb38ba968fc1d9f806ce2b8ac64c000904538cee7fb,studenti.polito.it,-58.0,30.0,10539910.0,2965585,AP-VALE-BCA-04,Student
a1f0e66a1d82a101e98c47978deea57daac507e10f08ef65cd3dc76552735ba1,b2efa3bff9ee2f0ec17ab8ced43186ae00b91a8fed51368ce851af89ff258f3f,studenti.polito.it,-59.0,34.0,13220118.0,3192354,AP-CIT-DET2-03,Student
3eed160b8dd6b4c7bab84dffd5d71a0eb552821c4222ed126c565f048b9368e1,dcb94a59ed5643754605af73ee3fd843c18eeb9184cde239dee675f53c20135d,studenti.polito.it,-51.0,41.0,8876.0,5485,AP-AULA13S-01,Student
93f7f6da5eacc5369fe7efa9dd1d59bcd1693c9b4097f8527065ad8d849bfb54,87c79a2a885506ca813c30c6585982b6ef3e600dd204286ef9022efa582871ad,studenti.polito.it,-65.0,30.0,222008939.0,51726676,AP-VALE-AULA9V-02,Student
93e71b4d92b601c026846673f41e8fc91fce17d2f48605d057c5cb11937004f2,ec551c1bdf3360e103c1e221a0e04e6573923ab5dff473e90e372fdf6636e602,studenti.polito.it,-50.0,40.0,149662022.0,17978745,AP-VALE-BCA-02,Student
dd0d45b86b6790a3e641867d4ada51558f8ce2b02f6545503e4f35c8ef36b357,fe8ed313e26b0ed32e18ec48d25fbaccf74e263b29e0531919cec9f66b9733a7,polito.it,-76.0,15.0,343061364.0,1685642988,AP-CIT-DAUIN3-01,Staff
5f360bb7690cb3584df72ad3b98a64af81d118bd5805fb13ef6b5aa9615675c3,821a9edad528d0cba5d3f268ff218179f1c03b114185e1733fef51247f65db30,polito.it,-71.0,17.0,361273135.0,353213729,AP-CIT-DAUIN3-07,Staff
6204b60b82f486fa5e9461617e4311646dafa96a09ec1f222e5c9b27b04d479e,98645de77d58ad2a77e64f74df3b2e40d4356160c49445c917a5d17e4f7dba44,polito.it,-68.0,21.0,12506.0,79027,AP-COV-C3B-XP03-05,Staff
3b326d7ca5ada3157ac52962a5074b90aa672d9eca95814bfb75ee2905b5bfea,8662b1fdddd4bc734e552b10502649ed170ba561869a11550468f7a8aa5e2e47,studenti.polito.it,-59.0,28.0,184353763.0,7622019,AP-AULA05-02,Student
2756a26a5020ba58ea988c600c6b3ae767142518b8a344bb7ae4d829bf30f3b8,05918efd437ef905ce5890170754ee699ab6abb2a81c1e45fd272bd83ed3e0c1,studenti.polito.it,-45.0,46.0,60514527.0,4126091,AP-AULA3P-03,Student
517cc97f731d1e873f78c333ea85ccb7dfccfe8bcefad6614dcf32288dd67aec,35f8c3a2402a5f3e72ab481acdff4a1fac590f6884990a69b26b4583eb1ceca4,polito.it,-54.0,40.0,18639763.0,3472581,AP-AULAR4-04,Staff
f786ad5fb85f9a007a3fb5cc25befcd117418a6828e5e351c0f02fe0e7712b14,b0cb6969815cf0c3f5db57c6710c8aca4860cbeb2b5ddd29d5175db17f19d9e3,studenti.polito.it,-69.0,25.0,1793447.0,1161331,AP-AULA12-03,Student
fcc4d769f08869303d0443c052de96a96709736307fa9db6d07454921bb369a7,8ec59f8f903c67c001e8da4b14c63c77e8719e99a509184ea1af7903ddc5b06c,studenti.polito.it,-59.0,35.0,210818903.0,180404345,AP-SETTE-LAIB2S,Student
c6dc5e7ed346d539aacf07a7b255de825b6d11143fd783393c6058631c55451f,017be32a88b489cfcb68f5a284ea3e93e82eaf03c58a92c2ab34d74e60cc9ec5,polito.it,-64.0,26.0,391980909.0,20067298,AP-DELET02,Staff
0af93f5318484217895116a263509f1a8055fd43284744bd288e1ace2e7a1810,8292c0ed6d8d3a26242fa7f3f4e54d259e4ccecfcd9a9278fb20b06c6ea20459,polito.it,-63.0,28.0,22447352.0,17675075,AP-CIT-DAUIN3-08,Staff
27468a6d3581df02cf92bd32e9b373faa06990dc0652347357d820e46d6f2f27,7f37787927ccb3397776877017d2f560e7153f973d065c26f1980e0e0bed0a68,polito.it,-64.0,27.0,126992046.0,90260137,AP-DISMIC28,Staff
8e29ecd987727f5e7c6c718f09fcf19e1082e5eddffdb53f0e9de7c5b78d62de,022fd5756b5839a0c77caf764720ca742310eb7b0f8936d35a4290c0f1a7f26f,polito.it,-68.0,22.0,14815717.0,7789545,AP-COV-C3A-XP03-10,Staff
ada0f49dba85e942c3e82d3d0da89ab6561ab9ad59c0189360bda63978e60e3c,b0d59dabca92c1551819fd9e28f91731aaf795ddb15896da6b0807e0f8a845f9,polito.it,-54.0,39.0,9589271.0,12978802,AP-RETTORATO-UFF-17,Staff
1bd7c2d8ce92984577c351e6bdcb749f0faa138b07f04f858396f46c73ea3798,,,,54.0,6582.0,9667,AP-CALOS-03,Unknown
94258db572f6a3229d80183c3a3c18bae0edd166ab8fc01f192a4e497080637e,d16f3b8d4f20fe916f031e47f24c1ca50f22043da41ad505ea37862348cfca8e,polito.it,-60.0,33.0,964024471.0,120950436,AP-LISIN01,Staff
cdfa4ca87a51ac56c464fa914e63ba14ccbf50d1092bcc9f158ff677fb31b732,93c4aadc478b9493701e25a22dc669c8c5cfb0ba94126dc66e1730b17224486c,studenti.polito.it,-67.0,25.0,4890918.0,1374041,AP-AULA23-TM-01,Student
10f7226f8134086ffdd26f991e3f8f0f5e901b8b572d095b4169c64a1e35f9b1,057d9967a86e86c021810e0d7f20f50464375555ba652bdc32f26f6840859d96,studenti.polito.it,-69.0,22.0,15110552.0,6215406,AP-VALE-BCA-ST-02,Student
a9cefc401492f263852c2d96efa053277d6e68b336629296e2dc88194eabfe1c,d94960e53e92c052a5433d6161ced4a10a9f6a03120f73ce4f66d07e2ecb1eb6,studenti.polito.it,-63.0,33.0,587606010.0,130196552,AP-LING-AULA304,Student
56b81576588608d39c1def54a048bedf17fe95aafcfc9779ad1ccc422951ce1b,e2713586b6bfef2272b69d3fe1280048e2da69dcb47f8b745ccb62c9d89e1cc1,polito.it,-48.0,41.0,537954613.0,81336447,AP-LAB-ANGLESIO-02,Staff
37e5062c074acfe4294ae06c2bd48f31716c5027d52c64e9b6e1695ea84756ec,5defe07aa65891dd41de3eae5cf5695b815152aeebbac5474e54f7c077f18d0b,studenti.polito.it,-53.0,39.0,70359658.0,87981506,AP-AULAR4B-03,Student
f540682e5897d05aaf7818c6eccb0b888853ad912d5803f0707ed8c5bb4a30c1,ab74f41267e52f9746a946565ec93a88d7168de015a681bc4a3a258cce8f16e4,polito.it,-49.0,44.0,1756581.0,1356425,AP-DIMAT-SALA-OSPITI,Staff
ca88c8da6b93d6e96c1c257a767a219b98af5553c6e98c47e66f0d026eda987c,a0fb6a8de9a724d6fdcbb0366d4dc8407e698c1ce5d6f81c8c134c2d7cde9189,studenti.polito.it,-54.0,42.0,4663008.0,1376033,AP-BCI-ST-10,Student
f9f3268640633c4e8c00a18465def01e2a9d11b3240a365edbfefc6c122fb0c5,56823d0cb8faeb7710c01c039bc65ee2cef8a810b0d38892aade43de78ae4c7f,studenti.polito.it,-54.0,40.0,47304548.0,4180404,AP-AULA16-02,Student
9b91d5f41ae7293b71797c58025a5e1ff5fa710799e4f0bfaebda4971f9c4d39,,,,,0.0,0,AP-SETTE-AULA07AM,Unknown
b933d5478e046d12b70afd8846518f6c9014ef71745d1ce0097525e5386e2989,d61ab943546c04c5f7419c6008caf1ade4f36b0be2c7555a3c12420f73acd2ab,polito.it,-82.0,11.0,258853.0,103385,AP-VALE-CHEVA19,Staff
b308f2fb73dfffa63ca4269b8d227b1743eb94244ff2da614888895fd5c1d89c,945bb456d36247acb65b51c27300cf29d17d236de66c7162b1c2bba87af63f5e,polito.it,-37.0,57.0,55347897.0,16587916,AP-CORPOZ-13,Staff
7b149be164133b344f4a086a2cc7e04c8b812637ed4ce6dd949fc493050b078f,7554869c4d924496c54f9e5fb7b327b32ddb575ad292a4afb67e134cc5801184,polito.guest,-55.0,39.0,110297.0,48084,AP-CIT-DET4-02,Guest
c482f5f4a537d28c0b3ff991087b808c4e3800ad7769d1dea3c9932557104d54,ab0b531dbd6e84d4df518eff435f6c378473fb0e4706aad72e0685b55e1d66f4,studenti.polito.it,-65.0,28.0,3392611.0,973297,AP-AULA23-TM-01,Student
b5e7141330a3a40197d271f1fe11e0e531afc6efa84640f44eb163118dadfc28,be0900695feb6b0b80bfef76bff2bef6b9798f94beb3e27ffe785ce3de5ee420,studenti.polito.it,-61.0,34.0,582107.0,464612,AP-CIT-EXCELID,Student
0db5a2330e33c853fdcd4227729a8d09ec1b5568c905edb47d3b51f0b009202f,8e6777e675a43f2113fe82165ade8334d41519d55940829bab3e21477794c6ac,studenti.polito.it,-71.0,24.0,403865404.0,24742491,AP-AULA16-01,Student
69f84f40a3ba2cf9b8d439076a232ccf1faaf834c785ae229787e1579480a3c3,981e3f11e6a3c617046c6be7340ac8d5b475e2103b0a59c3dcecb6b927700898,studenti.polito.it,-47.0,48.0,163069980.0,8605013,AP-BCI-ST-09,Student
e630efea39aa6c4163b70630e46cf0ed7bc23d3e79fd401f6d4696540ada0bc9,d0e5166dfd1757a647e62d7fb44e89b7a42493a8b6cf7ce02b41fe0db802c6b9,polito.it,-65.0,23.0,1089686186.0,41810938,AP-DELEN01,Staff
47de81638ad1ac8576a2f83d315f0711e40c84ce3afc6bc47de9e17a4fd840b2,7d217024ad4af73120c218b3c80c734c985542451fc2cc3c72d3d86290215844,studenti.polito.it,-46.0,44.0,2133232007.0,76778337,AP-SALASTUDIO4-02,Student
ff0f1e8e9a9a6ae081278a63b8945f7380fed367dc86157909f3ddc8ad0aecd1,f6cde6ad3c5b59bf6d664e8720df7f548ebb4cc323c98144003bd391c1121387,studenti.polito.it,-54.0,39.0,5617216840.0,37442377,AP-GESD2-05,Student
3bb645ee4347fcae01c43b80e3dd7c18f2dc54fb4fd30202b105d5bc5ccfafe5,ec7a83a82daed2cd5323db54d0c8c90538744ec4fff876c5e7e91e73f8ac51b0,studenti.polito.it,-39.0,54.0,52928512.0,13153736,AP-CIT-LABINF-01,Student
d66c5ff05acd9bd1670607674239dfa9c7b5050ab7849309cbd4f96ee214ce6c,f1ac90021f655a8bf88651e48a15e995e5eea790402ffaa4f7008e8972c65e89,studenti.polito.it,-40.0,55.0,317082182.0,81030559,AP-SPECIAL-NEEDS-02,Student
07715b32bb8a3cab3fa2623e0e6101ff87a206b83c80ac278d7c8f24b7a507a4,91bc7396ffe45f45ebe56c6a4da73b0c1178e8550de61301b69766adce433207,studenti.polito.it,-54.0,37.0,165206118.0,15282128,AP-MIXTO-04,Student
4e9f55443f25d9fe80b826fd1743da82c55a8eede93ace47b08ddf21ec5f35ca,12dadac2345d53f9cc86827c20c51b7c0ebb04e28625eab1e6b21269c87ec0fe,studenti.polito.it,-82.0,9.0,75409401.0,3311310,AP-AULA23-TM-01,Student
87791cfbec684a0b5f632b476eb8874a048530c6a616a48f527f4dd5bd0ea128,ecab44a8597736b63279c9130b90f4bcd346880602037edbc74865aade735a65,studenti.polito.it,-55.0,38.0,3800640.0,1104867,AP-BOGGIO-SALASTUDIO-0,Student
61dc74ab5c3eddf93e17cc4fd6c54d31962f907b0349c761a4bc455004d73814,b9dea065e8969b77e79f3844b2487e6f6f9f1a7dbb789ac5f8113d256c38cf11,studenti.polito.it,-46.0,44.0,46677185.0,4889971,AP-LAIB1B,Student
08283f69e86a2ec63932e6d6d8d25b745d385be2567d0cb7f0bc668c0fef688e,371cdfd6700463b07a83d849df0c3a3bbe9bc7d89e510cfe70b7d04d82b987c6,studenti.polito.it,-50.0,44.0,27176013.0,21710800,AP-SETTE-SALASTUDIOA,Student
73f50e004d0460eacc6e32800a831545fd090d385c480c05f3d659d02efa437b,e8be87abfc3fa959c31e381d6bdc0b33bb3a8aa1079d91d49b905f465b801067,studenti.polito.it,-53.0,40.0,9247773.0,3431830,AP-BCI-TZ-01,Student
33f9bc3f0fd245768be7599c9ac01277a8d98461e9ffaecf58201844b24fece4,5e12360ad70d0eb75e991ea9721b0eeb837b4c6952594cd62fa1bedad4c86e92,studenti.polito.it,-61.0,31.0,315666601.0,9164209,AP-CIT-DET4-01,Student
d97310d3f402f841634f6faacd4cee29f6f5167ad915e2b7971d8ecbfe9090b6,ab0c5490028440b854948ff5f352a3540ff558323c63a893c6e2b51c3eeaf149,studenti.polito.it,-48.0,46.0,17785472.0,2361542,AP-AULA23-TM-01,Student
827efc9c10b810b011793b59f463f95cf56f7c252e320be21067c06dd47ed2c7,f92c66370fcb8c3450028870bdd2c75f0e498db8ddff334220ca3e4d24c660f1,studenti.polito.it,-67.0,25.0,56366623.0,4235304,AP-VALE-BCA-03,Student
dccb7fc155fd2834081919a922be0f81962014de2a9ca5e8674bf531595f9dfe,c3e63967e78275f5814b2b2d5142f13ce7b0d8477fb0c6301cb8d2b68a20bc34,studenti.polito.it,-56.0,31.0,260026973.0,204241692,AP-LING-AULA207,Student
1c8fc73d753213ea5f93809fe13a568bcbe0ab17ba78790470878e6c1def5eba,afc52b162da1af61f1cbfb04006894cde872e19504b9569c8d93a56ec066851e,polito.it,-64.0,25.0,196223086.0,102892611,AP-DELEN01,Staff
3a8f92b544bb831e2ebf42932b1e0ed98539ebc39b4723fcf050f4591338eef6,360a483371e965b231fdae147812d92cb86914b945b20294fe43fb89b65f292b,studenti.polito.it,-56.0,39.0,292964053.0,17686331,AP-GESD2-05,Student
37b63dfce6f80bf6650fe6a47aed086b561a8a62bd176dce9bd4d83eb6116fcf,3cbc360afc2f607fd4645169063e7ac90103084b55aa7d90347bd3c631e69753,studenti.polito.it,-43.0,51.0,8649648.0,2320059,AP-AULA4D-02,Student
18037d8fbef6274b451023f00ca5bf5d265767e0de31fe38b94c90095b783797,797e0a6328ddae834cc88700adedc1a79b2d791a2ddc53539d8850cad6d33686,edu.unito.it,-50.0,42.0,20372845.0,6757388,AP-VALE-BCA-ST-02,External
27431546c36975b7f48983d39d6a582d98735496677d0ced12cde1a1ba28abc0,8bf11e24bf1112e068628a52252c5bf8a12e2382829a5ed5e67d0f985e13e04a,polito.it,-53.0,39.0,101663321.0,2973315,AP-COV-C3B-XP03-08,Staff
ad4f03952e78858d7a3553e9c3504523297c56fd36cfc683671937e427d4192f,7111c3f2966c15dc2a21657373e23ef4fc3ceda646761205361f29339d4dd476,studenti.polito.it,-65.0,24.0,442680657.0,12558232,AP-GESD2-02,Student
1c183fadb334bf1eb0016683c6d9deee88297f2460924fa97f26335a98f347b8,a7a5560551a3e8ad91968e7f7c1627cd575eb356fcd508e462f506ea0d382468,polito.it,-78.0,14.0,200461407.0,48532588,AP-DISTR05,Staff
f9b8250eff589bb708c862622012a3b12739c8dc7b65e86768bc96cdbd83290c,8e1a81a253ff85584bfb778e0b49b6e7d3a371b494d1036bded05f84d65246c5,polito.it,-57.0,36.0,28757.0,53261,AP-FISLAB3,Staff
bb88e410aa1584236de9f97f4a5865d854da69d9f719429bb17884407608275c,,,,20.0,0.0,0,AP-DELEN06,Unknown
9ba1517af38d34b586a784a7c63d21094e367d2b6a2c0d2c6cfeee5d283c3355,4c078681647e42101c60dac01e463cb2cbbdc141a45b296a06a2fba38b0902e1,polito.it,-51.0,43.0,233008848.0,24142065,AP-DIMEC18,Staff
9bc7aa5a2f96c6c7dbd405daa7572066f0d6ccfc8553bf84ea3264f2e5dcddb3,d4d8a9612e488de2b8ae1896a6963a03ebc70955a1f98d3b26cee57b0cd12861,polito.it,-78.0,13.0,15824908.0,1364709,AP-DAUIN01,Staff
1f0668b9b9b7d3c51265bce583c0dab5218cfe496e19b138b9bfbb7c95e0c989,db80687d7263d52cebc42b5f7397523851c44043c05e6026de419d83344594ea,studenti.polito.it,-49.0,41.0,165040901.0,14183708,AP-COV-C3A-XP03-12,Student
05e3f913cc7d1badc47ca9a2393780f111fb1a06975107032e5259145f2b4a88,fb7b73e59b9f48d275f1f7aec7dd03a0efd7cc4583e7968f705de5b684ca3598,polito.it,-60.0,30.0,623339992.0,4331269267,AP-CIT-DAUIN2-02,Staff
288acd54633213d392d8306578f32df9fbd765b37609e9993062bb42aa520a00,709a099a603cc1536c7074d03dad4db61ecf780588d0b22f9d1976a92907162c,studenti.polito.it,-69.0,22.0,579250768.0,131964183,AP-CIT-DET2-03,Student
4abb42092d88f0317b0fa5fc924755b052601f0b3fe32ac735eab56353e787f4,885587813fbb62d9e5623ef3d401633bbba7051cbd7b22bd733d83a4a860ab67,studenti.polito.it,-59.0,33.0,33228161.0,3219397,AP-AULA4N-03,Student
d89d3e490bfc42ce13fb02dfb72f51ead432a457a9cbea0981c0661aa0ace377,20710ddc6d181d4af27cfcd92e86f426ff69c33dce8dc45eaba4fd0bd140ad91,polito.it,-65.0,35.0,309092754.0,2728281154,AP-AULA1P-02,Staff
dec77ff60aa9d47dd291e6b5c8453b87479e204221cb768afd367aa9aa02c767,d08fbbcd3d9f156b095b57aa848b485a8fb3d1cac56369f25785890b06019aa7,studenti.polito.it,-60.0,37.0,81092981.0,21606187,AP-BCI-07,Student
a5b1af82127a99c37215c9bdaf94fbd56e66d678c8712a8ec4483f88ae1c57d3,dd74c46b7b9d1273cc105be2d974cd0c911e0c0d1ec3e53f71d4cc27d2cbc5ea,studenti.polito.it,-60.0,35.0,1856220196.0,1615840339,AP-VALE-BCA-ST-02,Student
3e0e8eda3eef2019f7e011bb6b730ce706437fd42a916ebd2858609d10a36d1d,7327b90c8ffe0733823be2270b6eb1b2b58a145214d8817643a334d74aebcfd5,studenti.polito.it,-57.0,34.0,465485431.0,9697002,AP-GESD1-03,Student
f3bca5900b779294543dd077cd061be6590b3ccfc8b7a020ca0c83ff4f6c110c,a290b5eff57daaa7af8c85880db351eb4d1442d6417b92aa8b79498fefcbd6e2,studenti.polito.it,-46.0,51.0,99978134.0,29370875,AP-BCI-ST-10,Student
5b9001750d3db72e4fb5e21e2b9b330b0b7f6ff0a9147273512de691ab7eadb3,2e346aaff23d1e459d11138cf902ba59e01971d75310c67c3d7ad7996bc95f22,studenti.polito.it,-48.0,44.0,12016550.0,1165167,AP-AULA12I-01,Student
278ea3c5954e12b771bf5e6151d0fadddf9caea11394c22e2af2389ddf96f79b,a48eac9796a9bbb847f2c1ef9ab224ae8bedaf501347acc72738aeb527ca84bf,studenti.polito.it,-47.0,48.0,77544325.0,12201486,AP-SETTE-SALASTUDIOE,Student
0d12bf663564fe9415ec6a7afe791c7a30d751dce2e874fa6d235ea9d885712b,db1684dd98617058b276f5d803428e0117ffbbed07e47bb0090134e8cbf05888,studenti.polito.it,-58.0,19.0,109870054.0,5601659,AP-CIT-LABINF-01,Student
2d5ef707c9a5343a19329119fee037505da3ac158846805b02f11351e0fd81f8,14f22b68defeee34db5fb0a89a0024b8920c9ed74ab890b69eb492ee013ff5c7,studenti.polito.it,-72.0,19.0,63676390.0,19841912,AP-LING-AULA212,Student
2e2ca1ce6d630a24ddc4cb9670311d0477aee8ee75120a8d50dbd53b426bd0f1,,,,38.0,6408.0,445,AP-AULA10I-02,Unknown
a3a2a024ed0c789ea15df891e53a1b0c8850134f807773970ec665164ec58f17,a168ce85e4fbe3f091e312c28d499bcc3da5a690eec3a90465c174263702fa28,studenti.polito.it,-55.0,38.0,17629289.0,2501273,AP-DET2-2H-2P-ACQUARIO,Student
eff124a56d97a098c0ec1b576130676da60ba9705da00312e8504e1051c66909,73da67b13ed725bb64427c90d4bdb8c88c9a7ad659f8fb278a4b4e491f987d4e,studenti.polito.it,-53.0,39.0,53391645.0,179994498,AP-MIXTO-03,Student
fc35c41ab1df6b6c5f6689d152a90497b4a821de81a01c8a04d7472eb3e298be,90b25a2790ecadc43a717374ce5f11438247420b7a6c5352c9629036b2af88da,studenti.polito.it,-47.0,25.0,32682716.0,1511820,AP-FRONTE-AULA12,Student
8013166b97acef7f02afbf2ff6dc2b37b28e91652e2e3f9222b2e2c1e223a216,f50f7dadf6b180dd4fddfa49a0a8930e5e95df19f3f6a31ae3d7cd046884bd06,studenti.polito.it,-54.0,42.0,25523517.0,1203719,AP-FRONTE-AULA12,Student
d843c391609ec55e06c2a40b90f44ed970674b849183b4047ae7a3e66c9b666c,2769cd96d9dcb68640f9c9941a219da52d85d4059cfd88c0cf577db551484911,studenti.polito.it,-57.0,38.0,2035306.0,991969,AP-AULA11-03,Student
042ef44e0673445c07e3fc9a8e37cd665d166bb732ebd7b91ecd764545c7e985,ec78679343c221c17fe13c17febf87596ad163849a84d2fb264eba8e78e9c876,studenti.polito.it,-55.0,38.0,135243672.0,4957436,AP-SETTE-AULA12AM,Student
e07bc7c4d1a60b00fa420353277f88d2b49ccce02519886a3482a5deb073d91d,c03a9f11babff56f0c2035046c964c527efd1e450c0868bdf0255ab1bcb223a8,studenti.polito.it,-74.0,20.0,0.0,0,AP-AULA2T-03,Student
de2daf2899d956977ae1bf3bbdc4ebfea4a0fea3aef16c5aeab10d3935e799b9,933064b9a1cabad2d94b34503db809a4d06aa4f3572d0e4c65128238e89b7909,studenti.polito.it,-45.0,45.0,10860785.0,17905607,AP-AULA12A-01,Student
04ba78a0bd1846749a942dc79d4e6ad39b0099c7b5857606f9adec75fb3220c7,f6b055a8d7c6552b57b9a5dbcb10f8eb40a6adc154f4bc64444372de2edab15c,studenti.polito.it,-41.0,39.0,207767.0,137823,AP-AULA13-03,Student
2faaac51fc47edaa031b7e98c2c6312d0de64ef25042f95f25952106d1784a2d,980d33f68065d3ef06e55bda95944840186fc580e8b719f9d7b5708443c0125a,studenti.polito.it,-55.0,42.0,2494319.0,584992,AP-AULA3P-04,Student
0955ed65ae1245a87ce4f51f32e971b58a5c52f481e59ff6f2d3b9e751a2ca3a,cc45e2441847335adb43563ae21ae0c055bd4ed0baaedcb24159e70a052ebe10,polito.it,-51.0,40.0,123919896.0,3913804,AP-AULAR1-03,Staff
40d39b57e898147c2cd66bea58f500a1a25c083fea87a67641a66dc566143e80,052423149e6555d7209c1d8bb1de72cfc2a5ed94d459b270566474bff1ff606d,ntnu.no,-63.0,31.0,122630519.0,6541009,AP-AULA12I-02,External
c1627a32abcc3b5573e3a8af14773626b1238771059238e75f3be6184e7a42e6,40de3332b050c19f2f7a8cc5a5de188d1b5e236d1e0c03a2f5dd9f8947188511,studenti.polito.it,-60.0,32.0,183238792.0,17041364,AP-CORTILE-04,Student
2b339d3ca81fbfa8dce515f6306524b597b8e2bbff8d298d6135a3d5d48fcf7a,141d9bde848beca7f8dabd6088cbb5fe0cad74029892feb81d3492432f1f085c,studenti.polito.it,-61.0,37.0,18322064.0,1955356,AP-AULA29B-02,Student
9069daaf0ea982d568046016a76ffdbbb4263aa199fd9e298b8d18e30c084d39,82c425ecd6e4d27015c2a36de40f7c7cbffa5b662c15e9a24c9579a1016ab5f9,studenti.polito.it,-57.0,39.0,59190453.0,5553173,AP-AULA4-02,Student
42185fe521289194b46c222980bf0502ef127e387b8737f317ad0a8795c7068e,8dc254c0369114ce2ae18a44b03054e563110ba77b122d45bf214383834e7109,polito.it,-72.0,23.0,1709607.0,390239,AP-DIASP07,Staff
f464e5147aa55f6639e9d6ecb2742ea0ca79d4c42d37c1c9ed28502f3314b995,e6e98f4c5710b99646c9c231490a971bae7f6d37848bd5a69d0cf4842a1a1dfb,studenti.polito.it,-58.0,35.0,50557135.0,3846950,AP-AULA8C-01,Student
510fd88de34a49dc534b01237264a59493f9bbdbc7e9b385155a9e8a3ed7fe8f,25691bc5859949058fff445980f455f27844210d8ef5ffe1d4c2cba063ac10dd,studenti.polito.it,-85.0,10.0,1026582.0,586254,AP-CIT-DET2-03,Student
1b4d863ac9928e7d896a72d936c21b4532b372673692f97da18553ec4ca1857a,7b3919613a0634db03b861935d1189946f9004f000467eecf21bbc52869c1adc,studenti.polito.it,-44.0,49.0,1350104.0,805941,AP-AULA12-02,Student
eae115f44f310122450f0bc73d06189c1334a7f9fbbc09535e0d6374ad3d1088,51f285d9dce316fa6b3292750f2a2d43e5ec7257c74e286049152f1401e735d2,studenti.polito.it,-50.0,43.0,1011168021.0,2983755,AP-EXREALEMUTUA-R2A-P0,Student
4978ca48d55ab135cb5be1e1219344390d3e44f9760d9e8d96d1af196b2c145f,d993e6abd7cdda62e8808a7b5eb2012a57da3889d7bc77d5125f7f35fe109022,studenti.polito.it,-52.0,43.0,153210.0,119443,AP-DET2-2H-2P-ACQUARIO,Student
09306d509beb27978db38bf2b4e60e96bd8dbe477528b011c8c3c538655bc4e2,,,,40.0,28868203.0,2748342,AP-AULA27-02,Unknown
b2235b5db02108f4150ce0d845572c9ab6aa87aa55190e70c907f0528016014e,2a06669c13abea9045ba5f5612e0914fe5aa63b141ff4e396dee108c2e83e6c1,studenti.polito.it,-69.0,20.0,1372874.0,787474,AP-DELEN05,Student
bbbffaaa104235e9425d452248ae4bed833391cb76cae010f1b15a74607f0800,f71c02f091b3c945ad78e854d76e3286c7bc6674a14858f400c204fe6dee054b,studenti.polito.it,-54.0,38.0,2184343.0,1323225,AP-COV-C3B-XP03-16,Student
7646b8f9b04bcbcff86d3ab04321fb509679a6dea42a646fd95a3decd5e79456,394aa4b9a4b0b0fc723f41a004a206713748204c6a8ed18546311c02cc1f3de9,polito.it,-57.0,33.0,79671809.0,10683454,AP-DELEN01,Staff
77efcbd3272fe1e8af6b2c19414638888fa7c4b8f47669f69c65c23cf5ab1392,23c34c1a13459c6f0ba72648a4b561c28bcfa097eb782496294d52a609f4af10,polito.it,-52.0,42.0,1438806466.0,51877688,AP-AULAR4B-04,Staff
09818cd5f49750e2d537f29ae2964092cbe23e908da5ae5b2e4a2b2d6be9ea46,262d613f0e4240be21d5bc313f66400d7adc98bccd72029d6aa28e68d496f9d5,studenti.polito.it,-54.0,39.0,718105690.0,11529809,AP-MIXTO-03,Student
e22b183374139f0555e79884fa9f786759c0e20b5c4ee41fc928c8b372ab941f,7f454f20c66e27e496bb92217e5705f3f9635517f0d534a0cc76dbb04762e9f9,studenti.polito.it,-43.0,50.0,7809752.0,873611,AP-AULA1S-03,Student
9f21d77f5ca3fd2dfae58b989d5c94745e6afdb173059c25f3443f7fa69f6a7b,4a79f9edf8a4ff7a600e8b8763bb9ba848bededb38ce95e0f7d5c30bd00f90a6,studenti.polito.it,-62.0,29.0,88286.0,52339,AP-DITAG01,Student
373cb9ff888a905845429286a5bc247c95c6dec6ade99f5889aff4402fcd60a6,e2713586b6bfef2272b69d3fe1280048e2da69dcb47f8b745ccb62c9d89e1cc1,polito.it,-54.0,36.0,913513.0,298667,AP-LAB-ANGLESIO-02,Staff
f6933416e02c055798e647c84c4983f8ebd339147a9e48b636d03e8d6f2423da,793555f8c930faf0c8a7549260abb53fc0506f814ef762813d93d27587c6ca09,studenti.polito.it,-45.0,40.0,417818186.0,533850447,AP-LING-AULA301-1,Student
4ca173b66e8538c05c19be7c91d6c874e547376e52e845fc46bebded7e175a99,f895754ed399ad2429ac78453c19b1478736a2e4cf7dc56e1f28e8133fb67cb6,studenti.polito.it,-72.0,20.0,570082801.0,18949847,AP-AULA10,Student
1dccce338b9dcfafd120056f9a106f3f6bad0719058e6dca224e82fb3212b128,a2282b72d2422e3a9f99008ee75e9ab2d3822216d7fb1f7102b2e0c70a2f55b9,studenti.polito.it,-54.0,42.0,433059121.0,493539276,AP-AULA01-04,Student
364abf8f1dc0f93a117baad63bcc4c7bc7910438bd55320c035ea59f4b6a167e,1abbc261a18b6faff5286404c11b7022c8d4e351c89be99fd51c353aeb52a3e0,polito.it,-59.0,40.0,8593843.0,5138820,AP-VALE-LOGI-1,Staff
e43aa48ef75a7b351ce8add456304c1c749b1bf3a6c6a7b5e08c12c7fc480d31,98b908e6c6f7e9bbb335bf0b24bbe083a70225e042a50e42404442c573a956bf,studenti.polito.it,-66.0,28.0,40634148.0,3592221,AP-AULA4C-01,Student
a783cbb5e95d6d663d8550a6cc14c845282de4c98b7657bf8de662a61def90ff,71f173b7f05f32f675dab6271afcc26f2d9b0519a995c3d9b59e3826fcc4c78b,studenti.polito.it,-46.0,45.0,419890021.0,21801779,AP-BCI-08,Student
11e4946d0470efe06352d45ec8768fd28cf3f08589bac3a1837d35ba48c1055c,5e97c18725dd22d2fab5a283c1a48d03541dd30fe5e7a8c3512c7d1be249419a,studenti.polito.it,-48.0,45.0,1623514867.0,54259136,AP-SETTE-AULA14AM,Student
97b1e5fd23826ee04efa75b6775f164d7050721487e11f2a626135bba4227282,a132d67d1c1765444660bfe9c7de8b07ba3ea6d5e823fd483a9a9625d822acf0,polito.it,-68.0,23.0,10647559.0,3335273,AP-DISMIC10,Staff
459d5d7afb76217fb2ba2859cdca1cdc65fdca1b6e44deb6ffad307abaed6a4f,3c68debe0416ddd7ed3733db6c9e0c640adb765f5f13514e1bbadb414a9171d6,studenti.polito.it,-59.0,31.0,89509250.0,3077410,AP-AULA9T-02,Student
ade1bd775f543bff34c1513675e1e5ff9268dc036c329dca4eeb26f5a4f3d4d5,62fdd30dc4d30f7972859265ccab468a1f17db2f4f0034c74fdf985b15449ad9,polito.it,-41.0,49.0,30069253.0,1543103,AP-OA,Staff
4aa6c5cb9fb2f5eca065a852a439f9594f2771b4302d3c23c8434e5d420876f9,5576def633e4342453bf5eb006ad57b67a532ebe294404978e44801f1c51e2d9,studenti.polito.it,-44.0,51.0,101122068.0,2956305,AP-AULA2M-01,Student
e556a626233dfd5cbb79f5c4a9960bc63b3112de7599ed7d11c4f5015dbbff46,78937f9e0a6553a8e60fc8583ba094051ef22fc11376faccf72149775cdff68d,tecnico.ulisboa.pt,-57.0,37.0,984391.0,44793676,AP-AULA8D-01,External
4683787eea725368652d48a64eef6cf1570e663d135da7e29f61e7eadf226455,6b981e000c6c5201aae7392c530a6228226fb47a83ad0f190e6613301ea0b2d4,studenti.polito.it,-52.0,41.0,126698781.0,17031318,AP-AULA5D-01,Student
14e64d5e98ebda47b1c0e412f1d562fde7ee26403e59e75484d4b3efc0edab5d,39e36270d766b990a07ee0b0a336a204219babe68bddeb7cb7ccbad708dcc216,polito.it,-61.0,32.0,67112414.0,3921614,AP-DICHI-3O-P3-04,Staff
6d65db8a6f7c2b4ec8fffea89f6cc945ab28b1f23c437b2f78eace0eff24fb62,a09f1a8ad1191916b8e645b583674591ed9731ceb3b8d7d83b76eee21c248102,studenti.polito.it,-52.0,15.0,8837.0,3234,AP-INGCINEMA-01,Student
d301fb648f6d19849c26e08c9fed3c0d8c543decef7fbc500f1d80d23b6dfc71,c5834e916b54f9c37159b2e346db66d3df9995b7d628d7b2f5254a3abf7f74c6,studenti.polito.it,-81.0,14.0,98625735.0,16891909,AP-LING-AULA201,Student
cdc80f615c65f8aa17baaf0639f1a275d1997024b7217309f22c7f87197a623f,4c9e24d4991f3b9b539893086a651d640621d53a7607e9da7e319630522db4b0,studenti.polito.it,-56.0,36.0,121475671.0,4260263809,AP-AULA10A-03,Student
f9dad0879e79adfde6372f63b1cd62e68ba680374d75ce2ad8e74fcf4dac1277,27aabe3ec93abdae9cf5a31757327724fadb4a32d1b341b7b09bd6c71213087f,studenti.polito.it,-61.0,31.0,721209768.0,42877056,AP-AULA10,Student
1d4e53b93d5c41240efca5688de193d51d86a0861bd84f73598a6353fc23d397,68cd8b168d715fb012e2e7cfeb1c464cfac01bccfae5751267bf8f778e875847,studenti.polito.it,-54.0,37.0,446284682.0,9629190,AP-BOGGIO-SALASTUDIO-0,Student
68122be17a6fcaab98d940589e21d6abfd04a4f984d8f098b51ecd47dcf83236,35c668aff56311feb2450512c3923b40cc32e3e565695640eaec6d5434311775,studenti.polito.it,-66.0,27.0,67788494.0,4085540,AP-LING-AULA302-1,Student
3fdc39d55afa40b3dd5201048b7e3912915c21bfd1066c56ee460e9c003be795,5d1cdbfe1a54739bff18ce98034800449bf7f02f33a68e6994d30cf8e714e04c,studenti.polito.it,-61.0,34.0,14095888.0,2093675,AP-AULA11-03,Student
2e8af5c951bc25056d1de906134aeb843ef55738fb7523ac5b5c1d3283fdce82,95c5f0e0216ff023df09af81db6d7dc3811a7268c36b744679f3be7312bddd5a,polito.it,-75.0,20.0,89209282.0,49353065,AP-AULA7B-03,Staff
a84f35c52d4c0c484e2448788b5bfa8c5df89948ab9b27d11e68d2166030f89b,72b63a8c29366ed9edc3016636d1d19297d724cf56869da1fdf7d184d7492ead,studenti.polito.it,-50.0,48.0,47835103.0,8766318,AP-AULA27-01,Student
5ca86f10458aab97df98b07d0d5776a47ef8802d99ea14fd96e6b56ed6722fbf,76d9106a52338d5ea86a8438463355efb5e818b423aa4a46b587a623708e9f4b,polito.it,-68.0,25.0,232424227.0,16050173,AP-VALE-CHEVA19,Staff
6ee519e4b622d7745a520c7d9d216b326d95cd1e6338447ac85a3abd4ed159b1,edfd77e433833e6226d3382413551ad6040d9a457f77be8470ef2e408b81389f,studenti.polito.it,-48.0,43.0,255764481.0,6763392,AP-LING-AULA203,Student
e0f5746dfd00a267c05362f4046581d675dada668a13ab079b5c865e09078128,b57ffc53e2520ee8f2ee98b7515b7000002404a4bc82ae0d9f89536236167a45,studenti.polito.it,-89.0,5.0,45630.0,41045,AP-DENERCT02,Student
0bf02507e89ca63f51218e6125b0524717080e374f9ec793f1d4404819cffd80,2e5ebc64e6c4716dc14ff2fad3ca10d66ac30524cae1ca95ee8e3d625784d11e,studenti.polito.it,-48.0,44.0,36791276.0,2585817,AP-AULASTUDIOR1-01,Student
1c70f736139669464aba2c7d16be417d309df163cf68e72afc7003b4e8f936e1,7e4c8b5393990fce61b0d46234b3084a6e3f5ed8a5c8b9ef96c24171798ca53d,studenti.polito.it,-74.0,18.0,1425904.0,577506,AP-CIT-DET2-01,Student
35073f122d45fb021adab8a122110ef45a4c3dfa05e41a448a9d47b81be09587,39856dd281a4cf8f016104da57f15351d97b9f6d0c028090ffc64e350e23d777,studenti.polito.it,-58.0,36.0,656178.0,180450,AP-AULA3I-03,Student
ed2971e7419e4dc06ff061692b4b51cdd48298f151a28760e1c8fe2e37fa5795,deeb6a1449f44f46f2821ae0f4a4fdd2248a13173d15c8d0092a3f6df2f84c99,studenti.polito.it,-58.0,39.0,5458274.0,29591121,AP-AULA2P-04,Student
a91dd52bd81dcf0538f5b0e03b649c5518c926e6a2b6b43eba8bb13a5ce6d95c,1c83a21b6d42e7a8bad8c5762432c1cae48b95c712ea5feac314adfc0f334031,studenti.polito.it,-58.0,34.0,391014.0,202043,AP-SETTE-LAIB1S,Student
41d5cb0adea8dc0fc654bb9faff68e67ab00446bd628d7a10c39e0c2400e829c,d4b1b3b4f628845c4c9bbcbb4cbe5ec47be2cce842ff713498f33e93b3b2aa81,polito.it,-56.0,38.0,7537009.0,15679442,AP-LING-RECEPTION,Staff
b64f4043ce8ba15fc16f2173805b64073c43ffebe3f028569912574566a7471b,ac8f27ea627160cb9d7d7d6f769c86b68da6785baf05b4b21f914108021a5294,studenti.polito.it,-52.0,40.0,27571443.0,1838697,AP-INGCINEMA-02,Student
181579648537bf72a2723cbb4099946b59579b6d426079ae988294959645a195,258844385b93557995d5b446f35539b6b0345c5e63758341754365bbbabcc587,studenti.polito.it,-57.0,35.0,50539614.0,2739171,AP-LING-AULA300-1,Student
e091ad2dbe896917ee17fc3c02f0ce8c4828a62dad17a8746ac5ac097cf2aad8,3e4dbcb7300b3252b3b6ede73aae0c2662ce3783ca4456378700937b055ed670,studenti.polito.it,-44.0,29.0,595192.0,525813,AP-BCI-07,Student
75eca8b71aa039ccc7e4e3486971ce98e27edf93bed9af46f8dd6f40021d12ab,6cdf4d93131ba82e98764091c0acfeb6e2eda00eeaf9ba9d6a7892a5cbac34db,studenti.polito.it,-52.0,41.0,19663134.0,5243976,AP-VALE-MOLLINO-01,Student
942491128beb2c85a83a6482af066aaaf6fdd0988dd72e78f02da888e4d40793,8a838c4f938e8bbc828af0058aeea017c904165ba5928f327578edfa5938b6f7,studenti.polito.it,-51.0,44.0,13037974.0,1474371,AP-BCI-ST-09,Student
283926dc9855374c30940da917171c78daf43084bb2ddc45d4eb3e9b8b094fcc,d258ba8eb4db8efd4ead29f260e48acae3f01252ac0e7aa00ebadd719fe15eda,studenti.polito.it,-54.0,40.0,6262374.0,7699555,AP-AULA4I-01,Student
36942c6420d22b4db70c4ecaadfc2a8494a3ed96510833547ee7b19e37633ed3,a48eac9796a9bbb847f2c1ef9ab224ae8bedaf501347acc72738aeb527ca84bf,studenti.polito.it,-43.0,51.0,3847764.0,2562254,AP-SETTE-SALASTUDIOE,Student
999339814c134d89f9f391ef65fcc302df0e1da1df767e7a96d44bec6ef3ee07,ce5b3f57ab045b34bd7efa3ee6008ac87ad5013fa06d8385c98b775677a7aa97,studenti.polito.it,-58.0,33.0,169661967.0,4265624,AP-BOGGIO-SALASTUDIO-0,Student
c29ee8ae6c5aaca96cf635ad7796d1168f50581026b9b4cb4492108cc165ea0e,0134edccc8822fd05856ec62bfcf09a34c9a8246e92ec905e732dca9b37fd336,polito.it,-43.0,47.0,38255857.0,8764898,AP-FISLAB3,Staff
7ff7b0ab495152d53c7a5d7787c200d9680f8e9ad849c5856105998a98039b79,640681a1847234c7536f59717f4351cda17e08385aaf234d81118f6b6991877b,studenti.polito.it,-58.0,34.0,9990129.0,3742826,AP-AULA10,Student
94e0a95ce49da9decec7165b403d7b3d2fb594fd17e881f4e47fc182862eb446,e66cb31dfcac92fc6486bb6fdf54f013091fcf0980d7ec0ed9498cee442ed48a,studenti.polito.it,-51.0,44.0,52959987.0,9174756,AP-AULA11-01,Student
e7670336d828db11e6bd550585143b3cbb134cf11513f16030e2fa3bc0d6cbe7,,,,32.0,38814895.0,9394455,AP-AULA12I-02,Unknown
81ffdaf28dae30940485cde103d395a5521db8159ef9d83e233ad37635ea2c32,cb739ac10188f24cf3597f5d73fde588f5d9698e6dc5582f61269c97018e7c63,studenti.polito.it,-65.0,30.0,3863976.0,1458863,AP-AULA01-01,Student
9444fe768ef30a788b57f1d9b5fa91c364e763308d651dc130ce86dbfb984a5b,1693aff91aad9d50aabd569ca777df6a7a83d2cd14b8df4fba998129f7585540,studenti.polito.it,-75.0,16.0,72544571.0,54551469,AP-AMM-1N-XP01-03,Student
a62cd22a8ac0e5983af7f58871371aafbec984cf9768f2b9965a0cd029ca903c,31a69e1e9958391b25d2e1213ed34c5140970675f6b1511c97a66cd1bc637930,edu.unito.it,-58.0,35.0,12185161.0,2346009,AP-ENERGY-EC1A-02,External
c788f50e994d4cc9f45e13c442695ff0d56d60e44b4360c99e3e3205da490bb6,1c21bcf6a81b00c6a38ea4a6b90e9af8884ae047814123268453427ed13ecc47,polito.it,-66.0,28.0,82407477.0,23120467,AP-AULA2-04,Staff
19938c4c3f92f6dc0f0a5bf4283a8d38f9cbc3d1e113004406e3ec4cb01c1fa8,3e4dbcb7300b3252b3b6ede73aae0c2662ce3783ca4456378700937b055ed670,studenti.polito.it,-48.0,43.0,34294009.0,2092522,AP-BCI-08,Student
8ad82b3200d181d80df2aee7a846759ebef4ecdacfe8fc2df3edd166b1c8b806,bc4060bd056ef1efa3967225f88fcb588a6f58b4f084a08bcea1357b748ab3b0,studenti.polito.it,-82.0,12.0,16118836.0,3666788,AP-RETTORATO-RETTORE,Student
28f31830f6ffcd4b90a56778c459b68d3a579d0ff12961de8e0161c030834526,481bbfde6d3bc65610062ca52ec2096a2f8adf4d888605770cf6a31999aa8b8d,polito.it,-66.0,23.0,12426744.0,5046707,AP-DISMIC25,Staff
f66bcb8893a4a7cc3b4078d55e6a10ef8add6a87e6ba02350cd0ce916b49400f,549e9760b236c438435a507899f18c6bc2deb02fd833e9e9310b56a79efbbc17,studenti.polito.it,-56.0,38.0,58394120.0,4635308,AP-INGCINEMA-03,Student
f9b1c78ab7f83f2f941adc32350855d9765f37ffe77a896c14f3c6bb19d1c11e,9b0bf1b53711db26eb7dbf0393e7db154aa7542ccab73023058f58912af3a105,studenti.polito.it,-46.0,48.0,94755316.0,6722891,AP-AULA08-04,Student
e6ce0ac4df87b1acf324e0cb486049ba088282502a9da5e6d84799a8c9491c42,82c0f55f27312c6a30fd192b619a78da0b502b3c358b1dd4a03bbe221cfed337,studenti.polito.it,-53.0,40.0,556661879.0,66536602,AP-EXREALEMUTUA-R2A-P0,Student
79be02f1ab4c2d42380d5cf4896ff34fb5ef7b52d11c7c265ea509433c70b56b,5681d43a73f06dc97185df17e2d00c8e8e7cee3b8f3da548718a0a671e93d6c6,studenti.polito.it,-51.0,41.0,318791.0,109107,AP-AULA4C-01,Student
b32c281a2b95ea18e0610ec9d888c4c95973930e5bc1adc835c8c9f45ae0699d,f58d1fa1b150c2e6169d781fb8e2dea258f432c24d58aac66ef9fcab4192428e,studenti.polito.it,-52.0,37.0,258380323.0,17191892,AP-AULASTUDIOR1-01,Student
5a854bf91fa50d6c24a914aae6586562077ece50090f5609eb8a493e01c2492c,be8448b655de31254eb49e3559e6ff659fa6f96010ca2eb9a78faa7a5a385a63,polito.it,-60.0,34.0,132907357.0,48048072,AP-DISMIC21,Staff
4818df310fa324754f7b97a4b5aeb9768328f2c0775ff9a9ef6c2365956be423,f87beb451d326dcdc05bf7a28c892e3f237a416367c54edcba157148688a8269,studenti.polito.it,-54.0,39.0,8973674.0,1488974,AP-AULA5M-01,Student
c2812d7cf3fcdf30972b6fd1a2629d2c541f8339493603adbaf1ae18cd0031db,3d5eec0cd18f713b76b4bae48078a7c44188ad79511c9636d1fa5d28c9df5df7,studenti.polito.it,-58.0,36.0,15183.0,9735,AP-AULA10C-01,Student
7f58ee25a92ae70f70e78e99bf5583eaa4a3a5ad459a9dd470e138799dfb171d,6050297ddd7aaa7394ce4ca87b2a966dafdab5ff42889502bba3ba8414060945,studenti.polito.it,-55.0,39.0,27436488.0,58472541,AP-EXREALEMUTUA-R2A-P0,Student
25746b38f118f67cedafee559a033a3432b20b1be74eb0f38a363b5e8e139ea1,78e649ede64b13a6625beff7ad10ace0dad6c0fcb419124c85bd59151d124218,studenti.polito.it,-61.0,29.0,3786813.0,615895,AP-AULA11S-01,Student
56fa1d72084e3650ac5916dc63a59605ca5621ef24a2bed1afd75fa5b4edd7f0,11cf5dceb06c6fde3fce8a6a48aff7c4d28e7fff9e52477aad841ea5de1f76d7,studenti.polito.it,-52.0,41.0,146599926.0,6429926,AP-EXREALEMUTUA-R2A-P0,Student
24abfb56ec29e005bcc68edbbb379796b647c4982c6e3c3b12fb03ad7031736b,60044635e90f6318d1489fe554e6dbf2ac66821d0aeb5275bda08a098c912cc6,polito.it,-67.0,24.0,1394277207.0,242611090,AP-DAUIN03,Staff
78e3e462e1640d313721df394459fb46c3243a6d475db725417a329d09dd2727,1738fb3b1c3957419cb159f9259744dd161ff5f39ad3aad0e5ba7fcbc00a4919,studenti.polito.it,-36.0,53.0,17451214.0,2126078,AP-LING-AULA301-2,Student
7446644b4e201a3ef54ef7aa825921a5523c6377a2990e6b7fb29a77398f7a0f,1d01be3ae87a030c5f46dd7e1d1a17f37e244458163eb5c27c855c6d6b63d689,studenti.polito.it,-57.0,37.0,82075985.0,24195555,AP-AULAR4-04,Student
60db8da25954f13c86a414e382cda008c54ad8b703d9567cb05aca37b6afafde,c8684f8a2e1cdcf7be0962bd426a0c02dff68bfcaf7f8a70cbe931b8a523aa51,studenti.polito.it,-46.0,47.0,170440681.0,11998196,AP-GESD2-05,Student
3e7e6c5f67245de7c8dccc504155280480bcabe206d579beb90fc8b9e5869ef5,a9475953631115e4dbdcec357aea643a8db6c4ed0e0edbc06f6cc15154760c47,studenti.polito.it,-58.0,39.0,33610073.0,6127310,AP-AULA05-02,Student
4f37fccc0423e5c0ff430917b01ecb21f297eed307e23b05de143e01979d74e9,3babcc38cafe0991d894371e223a18777c4e1384982afd2ac3cd294d6f7cd9e0,studenti.polito.it,-63.0,26.0,59375309.0,5684131,AP-AULA05-02,Student
51f3d8ca9cf007d8ff697e5b15343b8cd3786b40b371df7bac62e128e95c2367,7e8f0c939e07213d9657e6155eb27b906395691280ea512b9b7a1a36eeb9d491,studenti.polito.it,-45.0,53.0,56853394.0,321445862,AP-AULA6I-01,Student
95ff8321380cc6731d6495f1d9f73cd1412f6cf991c84610d998ddbe45dea1cc,3c76d0e9e9be1861cfcbe1b8b87f87b2a967fa04a22a8458a5d4ffc3ed64ad7c,studenti.polito.it,-71.0,20.0,28633015.0,11173309,AP-CIT-DET2-03,Student
f610c41f1767f1daa3673c7e3045f58cdbcbe8c13d662e9b8dcce5309e823e9a,d4aa571f7d1734bd64490cd4b07e645963fa64857e19ee18335e29afdc4a7acd,studenti.polito.it,-77.0,17.0,136368299.0,6316480,AP-AULA10,Student
45904ffc6d8f1b30fdddf66161f4f0a9fd900d6be876ab2c839742fe70377210,4eb01cf796ad699f24b09516c9a72eabeddb0848fa00f0bbdaa0475d00a1ba60,studenti.polito.it,-67.0,26.0,34641408.0,5385895,AP-CIT-EXCELID,Student
d650b586240d9409ed89a3bccc4da30dd32bf9b0255b4559a80a511fa9353b02,b1a08f4dda3ab3dfad5165e414dd9dd869c6ec093163e917c00dd51311bf4084,polito.guest,-34.0,55.0,3166789147.0,129017964,AP-ENERGY-EC1A-02,Guest
d880da94cec476d454cfd5a1b993c72dfd32667276b16545ab2ebe3724173d39,ece5682b6022e3e899142f5f680616a7fe8e157e65b2a5423c88444688ab7616,studenti.polito.it,-43.0,48.0,127284378.0,4002615,AP-COV-C3B-XP03-16,Student
2402544ee559eaa198bb306788550c93a481c0b8361b4a43cc69883faa7b30a8,2db353c7a995b935f73d4c633fd5e1f4958ff53fc23ef51e78676cb8ccab8efa,studenti.polito.it,-40.0,46.0,48402417.0,9135002,AP-CORRIDOIOAULER-07,Student
ca67181462bba7e2416b28951349894c1922eecf0fed2e63eddfdc928e441931,ee8872ba65bd1e6192e6bae944bbcde2ef4bea13107f494802d601ad84aa6d70,polito.it,-70.0,25.0,127546267.0,18515704,AP-DITAG12,Staff
d1cab8dc7d6431e17175d968e72267eb6d11ca0ffa85d2bef7768b0e55275e0b,251a2a92927c6dcfcf530ffeef5f3d93f2d80ad4fd4e4c3cebf5fc705c7f5430,studenti.polito.it,-46.0,45.0,107685844.0,10378563,AP-VALE-BCA-02,Student
45d4812ccf8cb886f5cdb23f6317a08a8a3cbd0856aabf67d544391f9564eafb,f374d99275a9533b9b5dbc739bb41aee52fcdbdb45b3ac6c6b7ec086ca0cee9c,studenti.polito.it,-62.0,32.0,52633864.0,8513854,AP-AULA3I-03,Student
375b7d0fd280bd542e01b43945f16e7bb8cb7decb9bf82646c7870b5f080e44d,bc760a59ecace9765b68bdaebdaa1cb72f698525a07d3ff803c6b504c7e916a4,studenti.polito.it,-53.0,40.0,47018660.0,15367210,AP-MIXTO-03,Student
7b8a3f96b4ff3bd3afcb94323dae1c0b224523e8577ba35b4ba9806d08171c3b,b9d27806da95d0b9fb9a5f2a7efdf231ba6be8757330e7b81d6bf2b3a4cb24fb,studenti.polito.it,-63.0,23.0,760431739.0,45273305,AP-LING-AULA300-2,Student
0d8e80cd72934b1431b067e474e8f96751443ed1feabaf5860fcc63dd7fed903,cad4d00dcf90980fdee8c4625fba7a93cf5e857c7aade42a117feaf98b0ea463,studenti.polito.it,-55.0,39.0,28675618.0,23651023,AP-BCI-ST-09,Student
545ea324b3e08559ea5ad4ecc4296ca8e473ea53a0be5d2a9f84958376dd60f5,840b59a1655cb00624a7947cb2ab494cfbab627bb64ded91c705b51f9fedf81f,studenti.polito.it,-53.0,38.0,6244984.0,3764038,AP-SETTE-SALASTUDIOE,Student
3c33d8b851c79b0d9c1354182eb72f0afba0877a1ec9b515703533b0b2516faa,e0a32323352c315fc3219ca7a8edc2f8f1fc9ae7ffbb0192822603ded3242c7a,studenti.polito.it,-51.0,43.0,420205560.0,99273323,AP-VALE-AULA9V-02,Student
e5f065fb73d0df2a0f84e6b26d2ebbc9f60e3035f240ac2336060ce61268a519,40255376d1486a4581f747cf5d7d1580bc2dd74e843891d29e47595b2164ede3,studenti.polito.it,-59.0,37.0,325466844.0,40028023,AP-LING-AULA204,Student
e364939cd5237c200ab94a83f18fcb35354d904b03273ba1f0670ec0aa4bae23,8e141b71159d0c2adb2535779b9fa26e439131371baaa0241cfca56df0e57d23,polito.it,-57.0,35.0,12633091.0,46220756,AP-AULA4C-02,Staff
d1945f9c09f0a4154c5dae3c205910291daf71a4bc974a690d1247551cb0ca38,0e4841d8fedbd4ba7132292d40ebbd3704ea3017985b43396a81b9832d38e110,polito.it,-45.0,48.0,860379940.0,78469753,AP-SETTE-AULA06AM-01,Staff
9dfa61de1b027dd6c41d7b1c9554dab14a1e2fa9c2f671177f59722bbeab3a42,4d1441ecb7c0225c820484e945460e696db5c324051ee85319fabebc772f0b4e,studenti.polito.it,-55.0,37.0,11582011.0,1890346,AP-SETTE-AULA11AM-2,Student
10ecdf333b4a8c6843e49b94b8cd6c81c7adddc66f9b7e44b90b5d5ac2ab93f1,766a9c5546aad11c025ae094a7a9af1de92d9a3f4d81d91ca578fd20fcb8447d,studenti.polito.it,-46.0,48.0,8367480.0,3638981,AP-AULA27-05-OFF,Student
10c51c40e660c27f8967700a06ae5b10a13e15372dd8a04a2746c6cadb5125dd,aee343a46744af7b3b7c0dd4c2da605f6b52be6d44b199566db2ade0a26f76a7,studenti.polito.it,-73.0,17.0,85125647.0,32514757,AP-CORRIDOIOAULER-02,Student
cf5e0162f1fa04297d92364a21f11898011db46a1624bffb54d6f5cc252ce311,6294f1f61632ec917ebc3d2b607b3836a06281adc1e36dba188e77da07d393b4,polito.it,-68.0,20.0,572906605.0,107015910,AP-DIATI0-01,Staff
83982a26b26eb6e57736e5d5724fabf11ad1d984c99c4ee0317c2bec7dfaea65,fb721653541b0d4d051690783a2d2e380910901b515947127cf73a0832f6a626,polito.it,-48.0,44.0,755314980.0,331460695,AP-DISMIC03,Staff
3a497471fbe0d90f418ab1a4f218a82d6325fc3ecef3f99da74fd8fc425bef5d,a278080781a37124b286fdd70ce15c780ec2cd9d326428d3629e9e6647e8954b,studenti.polito.it,-51.0,41.0,33418387.0,8489728,AP-LING-AULA308,Student
052615a5bf17105f43d49842ddecbaa505ebe5c8b0d569264329207e90159ba1,586cf53f30c6d91b2596d5d76bc5cc0a292a170c6b38751d57881492f0db4f94,studenti.polito.it,-55.0,38.0,31857169.0,19039516,AP-AULA16-01,Student
91dd57dd52be5c90855f201bd49b335e0dcb2cfe82eb70f9afad79ecba5135da,689451ea71f90acdca7498d9d97bc57f3238332d595f79ea6a0d6b32907938b4,studenti.polito.it,-70.0,24.0,807298610.0,15832646,AP-LING-AULA304,Student
18478d54f4fd6f6a70b01ebebc13051ba2a8f06c894c52606955374bba476677,f6e0293194a6bb23ff269370b13d172baf7e1dddc345ea9cf422e1f89bb7009d,polito.it,-57.0,37.0,423030988.0,455608429,AP-AULA2-01,Staff
7cf27b50141a54acff4f130c4287cca596ff93b7d4793c48869b63ea146ab7dd,06aac22350e77d60af5873aac87a693dc2a96ab00e1fc354adff38f6ce0b638d,studenti.polito.it,-69.0,22.0,86492370.0,1716828,AP-VALE-BCA-ST-02,Student
d99a57d591415fd9c32d5cf56f2b8a5474eb343893f1bbdaf6dc0de62b2a8e02,7ec10f767062afbab02b7255dbd0026ea37fbf6a58aa76956d8af44e25d2355c,studenti.polito.it,-57.0,36.0,177596535.0,7875143,AP-AULA13S-01,Student
773ee4ea28cd4c0e3583cbab2b6dc57fc756328186f511018b165f3ebae38b26,4edb9c29cdb02d3280310701ddac95f273752d997369e0741817932e087914f6,ntnu.no,-59.0,36.0,182926717.0,42000614,AP-AULA05-04,External
29bec7216493bcbc6e04e3e0cde5074b91d2e4756fb117f8e575de4651225c46,5ce073eeb24f51c6d59d986065af14189a2af6fa31261e73375cd96d3279298f,studenti.polito.it,-64.0,22.0,315080246.0,182542926,AP-SPECIAL-NEEDS-01,Student
081bc432e394df738451df67fc92a9c1156ea75da19728bb1268a15ccbe407bb,4146592e5967d4dd58e77906eafc470290dd9b4c42a58ff3eda2bde3e9930796,studenti.polito.it,-46.0,48.0,4039659411.0,57501289,AP-GESD2-04,Student
9bf04a95c24bf920ad5544c536e0d05d00f6677ce16fc3749d91b0721a83e4bb,37d66321cb3ef756b0da60935e6dbe559547e5054b5871535f24f88918ad26f8,studenti.polito.it,-63.0,29.0,64003.0,9835,AP-AULA5S-02,Student
2bb9bc81d214c5f1ba76091332cec1bc5be9e276589166311fac88656a676c93,d76502f7f1b2b8d808375db2917a03dadfa1ca4fe5e9272a8b40c961620e33fb,polito.it,-61.0,35.0,89983363.0,14999045,AP-DIFIS04,Staff
e30116e11779b4c9f580414e78e30c0e01fb0fff33b60ac909cd7d6ab5f650ea,66066da5fcee844eb2851f8ec8e506e42edf270eea708b3cdc0bbec997e81945,studenti.polito.it,-55.0,37.0,7373926.0,879661,AP-MIXTO-01,Student
423481c11e6e91dff86ef1f19b38a3b02d8d598f7ef2e9d46fc65a003cf7c463,dc845f8a4b7fc29ee69994edd0495e5eeacfae336dfa41dd2f063a14a1f6cd80,polito.it,-73.0,23.0,78407948.0,17692699,AP-VALE-DIST-09,Staff
94b8b7e6e4435d0fe50c8fa6e950729e2d89ec683c5d9b60102f4082cd877df5,9895c232e611cc2e07da88753c053d01479253050ff657f77b72f6cb1eb577f8,polito.it,-60.0,29.0,789699545.0,66780497,AP-INGCINEMA-03,Staff
d9e74f367fcc0f525820f12a998a56038295f60f604d60a1bd0f207b98cd011e,5e3a54de05f56ecaced9075671f81f3d685f7e50126d286f8145f8f852fb33d0,studenti.polito.it,-61.0,34.0,2200252132.0,78830564,AP-BCI-ST-08,Student
2215987cea4242b00f57e8769096e5bccb5389036b7c88c544ee9f60fa7e0802,7ebda7bcfe927c29da7aea39ffa246e7d02cc7a5bb16bc892fad6edfff6be627,edu.unito.it,-92.0,5.0,186601.0,127338,AP-RETTORATO-RETTORE,External
b83a6731d704cd9ce9066d6b789c6bb26128598edb4207b6570505245b199a2f,4081927f6a2b8ce1450ec9604bf2985c07d5e57853335f44749f1dd5ceb763e1,polito.it,-52.0,39.0,4026608.0,1889606,AP-AULA15-01,Staff
bfb41613d26115a87b545ded7e3615db7e3e58983429e4939fed7f631b014088,e683d8d40fab25a0e57826fd26dd497c7af9ba1b41b8d0df047d32c7b1eae055,polito.it,-66.0,24.0,12427601.0,2579365,AP-VALE-MN1-01,Staff
ec74d090a6549d13cfae7757041383061cc1574c4e36312a3e4333158b4ee3cd,224dd7081794832af4688b888f4fa747253eb37f44083cad878c9a39fa4da2a9,studenti.polito.it,-52.0,39.0,55321934.0,13212655,AP-AULA3P-03,Student
cc7a5109fbcdc72574d3164a4b8b5cce3e9eb101f513d93b12ef448916aeb62f,d8090e80fc565aad22dfd4c9f12fd4b7367f0e6c3c50768036cf0ab0f0c4dce4,polito.it,-73.0,16.0,6902178.0,7227612,AP-DELEN01,Staff
4e56cf6519163816dd77a9fb0561056cc62d771b2c21b0009d7d509ec6f8d52f,a1df747d7d489045e96e50483094beaa3cfc743095e3ef6df4199057e8824d99,polito.it,-72.0,23.0,1346397148.0,1992545853,AP-DIFIS07,Staff
21ed43a7dbe12523a8b40245b647681b720d65609100791c204daf46ec60474f,4f1865486a037535979f215c334a8c4e25204a0bbadcfddcec48ad0bb2bfe9cf,studenti.polito.it,-47.0,42.0,159133305.0,28703242,AP-CIT-DAUIN2-02,Student
58a0d104e0d44292687583b8f84a45248311b02df0274f05da23795572b32e2d,2ac2b322aa12a50f233e2ac4133f8edf7ba6298c68eaf376a039b5c7f83bab8a,studenti.polito.it,-68.0,26.0,59962817.0,9825336,AP-INGCINEMA-02,Student
5fcaa230b79018d0421deb62298e29295fb0c8fccf99be02304414edbe0e31df,e24e107b88fbf037860a68cfd5b911f5f169c4b60eeed335f87a3dd4729cc091,studenti.polito.it,-48.0,41.0,228523442.0,18645000,AP-VALE-BCA-01,Student
bc1817f9d44b60c1402f7bb8dd4c6e801823caad785cd69dcf47dec219cba567,ebfca27883fd43d7ea1b1d57c0cad5b640bbecfbb86024eeef8256101e8dd4f6,studenti.polito.it,-63.0,29.0,294107681.0,2583864955,AP-SETTE-AULA13AM,Student
da11530222af17b11539be3e0847a3d08e41d73b817922544c378f7e8c6df6f4,b481495523ef5256340afbe91f71fc695e8dda018cedef4246d9484c30a92bd6,polito.it,-82.0,12.0,228154.0,747829,AP-DIMEC07,Staff
744bfef2877a465cb470cbd622d4116f5dbd0c8c52886f329ca95ddaad5b0523,41747dc08d32d4fa3a6351a7053e938fafc743ba0c4145007589175678e9b296,studenti.polito.it,-84.0,13.0,75859267.0,19101256,AP-RETTORATO-RETTORE,Student
a37244cee92f9b61971f3baecbc8b09333c3fbbb17847a20cf50614b952437d6,3cc7609c8ff4aa47f8e0781a6b7fdecdb13f9f6885e5d8a0a4a551c47d7f240e,studenti.polito.it,-54.0,23.0,21323936.0,7534094,AP-CIT-LABINF-01,Student
0c33a11d23f9261fe22206e6fcc4411f3ab12d2036c8705bf8c2bac35c20b7f7,11d3825ab58d4c2e1cc5bb74eee00ca2e28d4151a7f88c8030a1d0f88c637abd,kth.se,-56.0,37.0,27737384.0,3757727,AP-VALE-BCA-ST-01,External
088ff8fce03e4a3d09e4117a7fe623bedb31286e1e55ffd92c69f3043d439407,5914528d56c003b008aae3c441dbd92f343c1514978a5eca46bf49ce8b4ed9ba,polito.it,-64.0,30.0,6472655261.0,110223695,AP-DIATI-1W-XP01-02,Staff
0b4f2d1aab5056820e7d9e10511ce94714dcff2931e0d0b050e89084a5765ee0,dcc28bfeb19b183712f5bf9a0082eb9ab21a3f4fda091b208a5f1686c3fcfe88,polito.it,-84.0,9.0,57678453.0,5667305,AP-CIT-DAUIN4-01,Staff
6f03a5b9922d9ef391cf28de974bcd20308d54fb2912461c9c14b6395a874e56,60cc2924c1818c8e6d6b6aeb44b85a3755e7814dc18404ca4b6855585800ec89,studenti.polito.it,-51.0,30.0,160478453.0,17958005,AP-VALE-BCA-ST-01,Student
2d3d37d74456216e7c2357cba13ec6567992c475c6a2f96a481e81088cd08128,4b0d287fc2ee117867b3e3fb9567f639aeb5f542d1d2434414dee833219bae4c,studenti.polito.it,-49.0,44.0,2996663.0,1244202,AP-LING-AULA300-1,Student
b46fb4591ebe0421a6c00e4b4aade4321597967190a41c7e7aa56b57062c5160,e8009dba392263abd49ca4fe0778b949e3efb6ec789f084054e0001ee440c87e,studenti.polito.it,-45.0,48.0,25317573.0,3123525,AP-BOGGIO-SALASTUDIO-0,Student
713779bffaeb3d2349d5853c58e9d52b2a87865159129c574ccc8752dfdce5d6,01616c7d6b06a9f2910a7fde8e564d1554b52de166063567fd4117ab32cb4bfd,polito.it,-67.0,27.0,55510927.0,15582476,AP-DISMIC09,Staff
9794f2cb8e47407dc572440f4c782be3974a2042c7a799256b58fbe9c15e4bc0,f1f91cab873767c3bc19e2c9178934f8170f8b2a85a89fc46a2f7ea8f9628ff5,studenti.polito.it,-61.0,32.0,180592932.0,20906773,AP-LING-AULA308,Student
a89c86d99995e3907ec40495b7d1d080e1c3b5721a156ba1085951d7267f2a6a,5e134d1f887f144b654b9cdc59d969a5ceac25bb07ead1bea091911816612776,studenti.polito.it,-51.0,42.0,2572375.0,1748118,AP-INGCINEMA-02,Student
38a9ffaa208a4e9dda45cde1906cadd90138f0d8e453d67b98f8600dde5cbb5f,451d12c8b4ccce96183db0dcc60301e69c4ae81bcde70266eb59cdb3b9f9b37b,studenti.polito.it,-69.0,26.0,39575967.0,20790762,AP-LING-RECEPTION,Student
e4dfad379946adf4539bc264c2a28be7779ed813da083873411672ffc26e258a,e59e9ab47377f8cdc0a9e7042af1e7ed7060a291c994645e96dd2fcbf57fff75,studenti.polito.it,-59.0,34.0,42931177.0,10882709,AP-AULA05-01,Student
b6e16cb2a7e7eebfc4bba752d596a6c64b5c6d96ce1702e74dbd9aaa1a5bcf11,3143fd55fa7b33fb1fba1d3993ab2a7ce78b9a8c8bb390ca28b2ef07378a3a66,studenti.polito.it,-60.0,33.0,113887426.0,5057140,AP-INGCINEMA-02,Student
20fda7297bd518449674f6c433d8013f3300c82cd2ce1e1f24d233bf9b75528b,805a030de1a442d502f5bc49593d0a8c2d076a4caa88c6761047091b75759d94,studenti.polito.it,-66.0,30.0,571811139.0,53456591,AP-BCI-ST-09,Student
6e687c41bc97b0c5bc46e2f7ab36246c2e0147710123570caa0104992bfedf65,8c632a13aa3ea46e8d42e5376fa58d74f13bfc05b1211a31dcd22c24e9298d33,studenti.polito.it,-59.0,35.0,70845147.0,20950415,AP-AULA3I-01,Student
6ffbff062f362520b6b2a1d5d575cb0c31ff7f7b49373d6360542d5a19d293f3,f736d7f28456d480081a5f58845635f01ec35302024601eef633720fa028ae83,studenti.polito.it,-61.0,35.0,32661910.0,3207371,AP-AULA01-05,Student
8d731be5530aa0fd23b8ab4551e874393daa3cf89c0407aa5b37b744dbc6edd6,526c0f1ef315da19fc3bcd0f50dd3457a9fb124be45c73cebd570c93e7929f57,studenti.polito.it,-49.0,39.0,483274001.0,39624936,AP-VALE-BCA-01,Student
4ab9c924e06f4b0e801c8a0382f6567adf1cc30fbfdb02d4d1d4a4ed162d7a38,d1f9a2365caaf3842bb63cc8cd7ef22c3aec9a21d214fcffa31fe9321ffa0a33,polito.it,-75.0,13.0,971184414.0,134228337,AP-LING-AULA208,Staff
fd9ff879669958cc6aa3139c47be5142f3642ca1c4b0bf89fff687b1cbd6bef7,46805e86372ab0f9d5255b5635f218706c725512076d20975dac8c939e7d782a,studenti.polito.it,-62.0,31.0,78032821.0,9334373,AP-INGCINEMA-02,Student
023245a96390d87ade612e2c911356b242357fdb2ee9e12fe5d9d1c106240e42,08d04f13a4981e727aee2a6595aa88820de198ccb6b19212532a5a4d86b5c338,studenti.polito.it,-46.0,19.0,90001120.0,12356809,AP-BCI-06,Student
8a5d80fa35e2d3004d8eafca80cce70e0479f8adb30d6fe17f5996dbf699410a,f6bf4da0b6d58bc0f0035876fe2ef113660c4e71e4d00524c25450c3cb55f8a5,studenti.polito.it,-51.0,44.0,438441205.0,13848474,AP-BCI-05,Student
2b1727f373188175d99896f411c1a8b339c9bcd702c870f0a30d92019244f892,07464945f823d3c49a089b8c802db6febab65b12163593f9d1444f36c6d2352f,studenti.polito.it,-61.0,32.0,95177983.0,6394644,AP-LING-AULA305,Student
3494498af6ad5f4055d56ad9bd682591be7310cf8550f77ac831ebdff122d51f,0d116230d281a9c3aa37e0c82c43ff801d20ae88bcf1901194b69a35d5cd5fe1,studenti.polito.it,-68.0,26.0,10194001.0,673491,AP-CIT-DET2-01,Student
10c5ce0801b0f97d0a7fe69a0972925cacf98463646d8dc917bc01dd64fe7e5e,d9159c144acf97cc465ff077fafa51081f4d948e2ac96566031024e55163be05,studenti.polito.it,-60.0,29.0,1343712.0,326603,AP-CIT-LABINF-01,Student
902b4db04c506547ed07e8e3f3c61a21c398e69e33bdd41f9678de62fc471457,2819c9773b43c4f27972b9110c2638b525e8b89d2c862cf2c8cf29b5b482807b,sissa.it,-50.0,44.0,1596966.0,467771,AP-DIMAT-SALA-OSPITI,External
c9c2b6c8c180a4807032c06202d526e1f6e6705da1f24ea9080e4bf214741c19,049d0333fb63c7bc05f46d05fa002a20ad4414f8576d7c8d6fb748d9fafe4535,studenti.polito.it,-50.0,45.0,385752514.0,44794543,AP-AULA08-02,Student
9a54d541e7c8a2fd5a67136735a33c24da1a0b4e32323a06c63e0d4d259ea285,a7a9b808054ab0043e1a436ac3d7382de63ed221e3aa92b3ec503c5a9a9b5661,studenti.polito.it,-65.0,27.0,139710.0,103710,AP-VALE-BCA-ST-02,Student
9ae03f2b58835c5099cb62268593a7296f6bdafc4b76c6d448fe707aca653183,f659ab6e1d096aab937b6c730e7b08b7f123d7b428baad0c94dc31787d64a965,studenti.polito.it,-52.0,41.0,40780448.0,4390073,AP-AULA6C-01,Student
05e4be0fea02cefa78764138bf43d707c3e172f65f2de725643af983a0e72837,7500150e0393bed44372b7291c9ed9aa93d9162b3f2856db4b84db987ee3f4bf,studenti.polito.it,-68.0,24.0,84266676.0,6815689,AP-CIT-DET2-03,Student
03f66203c0951c4189003629968018f92f28455efa2a931e076d919f4558d80b,e0f752398a75c76bc61a2e340631cdd49c3a71118c628aadaed9417d64bad57e,studenti.polito.it,-57.0,33.0,36370558.0,4028461,AP-CORRIDOIOAULER-02,Student
63e140b63c109055e08798ba53bbfeb390e9aa509420e63fc105af1508da796c,3211fb1256badee339f96ea6603553e859335d14bffd55065ab225b8a332e19e,studenti.polito.it,-47.0,45.0,28805302.0,6809052,AP-LAB-ANGLESIO-04,Student
6209fe4631ddf2fe301434d7fbb587631e1112f7265b0e595a068e7e67e433ce,90e7780b1eec1b809218e3232e7a8eb1c64db59a87eb2d97d0010a115ac085b1,studenti.polito.it,-83.0,13.0,3149142.0,7058359,AP-CORTILE-06,Student
43b7de3ef41b7ee4287cc5bdb3bfbed20e82c1f1429f492765ceb5883a4a12c9,169b4a535ad7f4d98c47a15d0888373aeae55f268cbeaa839f2a56373e8e1ab5,polito.it,-61.0,32.0,32646564.0,7018077,AP-AULA4-03,Staff
6ee37ac79e5dd09656c9fb6c63a3406580aa8e8fa57d6d1b0d42ff15425c60d8,66c45a7fdccf5aac1c33dd2bb35f8cc2020266a2dcc3290a2da5adbbeb8b8c60,studenti.polito.it,-59.0,34.0,1042287.0,367668,AP-SETTE-SALASTUDIOA,Student
3ec4cef32083deb1850936b4e76f04a4136b21479dd383e07fe67e93d54c2fb8,c679316577b9f766ecef258d8ae1163dbfaf1d4fe721d2c4c1f6709dde6768db,studenti.polito.it,-42.0,48.0,104172078.0,10127463,AP-AULAR2B-02,Student
d3e32775be8869c61da0535182ea475ae875d9b58e8f89094e1be20aefbdea19,b01bc8b8029ac680c8dcace1ce3031da6c3ba4ab99e23eb9205765d1fcaa5233,studenti.polito.it,-50.0,43.0,363177.0,125459,AP-AULASTUDIO3-2,Student
4647ee9ae8944eeb791fd7f92cf16d7e4035ed1db6613dcc230bf9c662989efd,b6ff458b1aeb51c1776d89775c8b264535851d8dc63cc65aa0e849eb450c45b5,polito.it,-81.0,12.0,5264727.0,1263514,AP-DISMIC-TB-XPTE-12,Staff
fc801ed144c798c8ee7470acb759f524795ead748c650b4158747bac38dbf90b,a3b6f2a2abd5e41c0ad7194663fe7b771cf8f5d59231d84f6e198292478429a4,studenti.polito.it,-75.0,20.0,150313344.0,9265176,AP-CORTILE-05,Student
19f158b47cabc2f7604518019573e6577060d18048a3098869bac9403cacc089,c13253d7c7deb2b988b6a9e4b96975296e39b9a2c551251009b94879d3472f16,polito.it,-66.0,28.0,2039055.0,621834,AP-CIT-DAUIN4-02,Staff
bbf7b8b44dc6b9b26962fbe967317251f17298c3448a57984863f3eb81d71116,d38d1e31c24d6dbae7805e726a652a5b31649debf6d707e9992bfeff3cc1250b,studenti.polito.it,-58.0,39.0,576954416.0,6327403,AP-AULA29B-03,Student
fc71f4d0af9f46f52e3102f853160085602f512ac536cbe7dd26ab3b27b7b471,1d7bf07440f1f7dde0c890d055cc11f4b8adf5fa4a2af55dac0edbd5cfac76a5,studenti.polito.it,-45.0,47.0,104055003.0,24211040,AP-AULA12-01,Student
c3cacb990bb5c5638ee2a2adf01e19e62db8196e15c1ac58ac35d6cc0f09712e,b5a7aa1ba736b0969a804bc107541a741a19bb2becf4e0e445beff1d459f0012,polito.it,-64.0,29.0,123812407.0,20131689,AP-CHIVASSO-01,Staff
5d8c0d1033b525f0ad725bf9bddd9b6a3b54cc55d41ed1038588204229100853,24362bd13f1acb318883a8fb07cf764b9d91c77b6810e27273aea5c1c4d1ad2a,studenti.polito.it,-60.0,32.0,170110666.0,15368347,AP-INGCINEMA-03,Student
c585fd1a63c4a36ed88316cbcbc6975c5d6b7e7067de3166a2901e4cfbca05ba,060ffefc32825634fc31e6e615cb66672d1510251878dc8a7fea19b707f7c56f,studenti.polito.it,-67.0,24.0,352585.0,213608,AP-AULA29B-03,Student
de5111265d1b2e9a7469264bc5b1f6ccd18f84a197dea83a3d9e7a3c6a112d84,15578efffa8e6ddd5179ef6f89c899418c8933c7b9a052c3f543b3d12ac3de5f,studenti.polito.it,-51.0,41.0,137522091.0,9419027,AP-AULA12-01,Student
63d1ff9c60865c814c3c94ddaf20a4871fc153d4095fa3a3e9d45d4e179994ef,dba64f2b8e2df205e31b646d6cd140e20c4de862f11ac5af62d470741bcaa206,studenti.polito.it,-50.0,45.0,14970320.0,3016229,AP-AULA4-02,Student
44e0b8620bbc06fc610e81fb024969563195cde9169a266fdbab51f6f23aa8a1,6924ca719105f3789ca2df9fd10691fe122409a96ca449807fc920fb4149afb5,studenti.polito.it,-73.0,19.0,156502.0,86119,AP-CIT-DET2-01,Student
051cc0fea4c91d67534d1b1fc987a39f000692c2f86c47cc1e0ac3d257322256,340a51347049887fc74255129e511223e312affd529b67c87c38edf7da3ffae2,polito.it,-56.0,34.0,62698854.0,1439869,AP-CIT-DAUIN2-02,Staff
ac5e3eb9d4be70dfdadce4dc1ea0d9bbe562c32cd12686c33bb04cc7d6b5b1d6,ae68705d0f91e264b094642dc6f2ac06bbd6eb7d59d5914d568a57adafbfaca1,polito.it,-54.0,44.0,499194.0,306738,AP-DICHI-3O-P3-02,Staff
195361027dae822126140c108d5e6e8d8bdbd1b24134fccb00cac2b03fadc31e,328660ee5ead0ddcb191d9b2e516565fc97fcfc60a58a2aac43fed366b793b21,studenti.polito.it,-51.0,41.0,119492516.0,8562449,AP-GESD2-05,Student
29130a22a90afa7be8ba4f1db8c8e90f6b35703799eb838cabc8402c2ae41825,19168b1db97d03569d1bbb5cca612bd87d109a322a61f7e4a18b0fdac963dbe2,studenti.polito.it,-66.0,27.0,3689568.0,60742668,AP-AULA4-03,Student
02912705d4a2f912a6d5badeef10e00cf1a75675112154231a621b0607bfe371,0c6d4583549c4b61a4e77f64f63804dfa47b0fc589f68fa33bfd6e334455e389,studenti.polito.it,-50.0,39.0,51628119.0,5535714,AP-AULA3D-02,Student
b7b98d0a5bdc2df18d6d76adf4866317d96ae306e5e35fca14f9a6ef7ec5e4b7,7e4a412639336f5c6e3f3cd6dfd4c5752fe0048468e409adfc3308b31c8d349e,studenti.polito.it,-55.0,35.0,41600965.0,1552520,AP-AULAR4-02,Student
e914bd0455981a3c80b1acc0c3b171631b14a1a8faee207e58368a3867c69a3e,4aa8e39eda916d25658115cc0c068356453a7cfdcbbba0b014d208ddb1916860,studenti.polito.it,-70.0,24.0,12306008.0,13176574,AP-DIMEC13,Student
2a115043ceb869f191a617e9697484fbe069228d08b9c0fa022c573893cfe69d,,,,16.0,20271.0,2616,AP-DIMAT-SALA-OSPITI,Unknown
7aa54a3f87f2bf65447b42f26372b11e1357df915e624c706259362a2de560f7,78937f9e0a6553a8e60fc8583ba094051ef22fc11376faccf72149775cdff68d,tecnico.ulisboa.pt,-51.0,42.0,2129538.0,986141,AP-AULA8D-01,External
7b7b6a788e27d831fedcfc44318d42a7540613e08ded84301ab6ab45f06c2511,1a96dc7b56795351dbd7e34028c52d1391ce996af2928e44f6842414d82cd226,studenti.polito.it,-58.0,37.0,912196.0,9743396,AP-AULA3I-01,Student
8cc70e966c6a14c502c1616160aa609de9b379fca24b451807a8d40798e9ae27,a7c883a8cbad05dab27d05d9359be7d804d4ec45e482949802c719cb52ca899f,polito.it,-53.0,45.0,6846759.0,5987158,AP-AULA2-04,Staff
6afab92e5cf7d41b6b9bb887d2b74f744327cfd246e17cbcc1eb767db2e9cfb2,ab8c02afcac4cf7623d662a0e706f8a1bd50e0e86715d8f9b9aedd6446f36845,studenti.polito.it,-51.0,42.0,10951439.0,1933632,AP-SETTE-AULA14AM,Student
943b935dfbb8906b9fdf7ae5b5fed24e73df39328ee83702cb7473810763ca9a,e76b44fa77f6273534b23e0ca1b610daccd78fe1983cbea7c4dfd76874bc03e5,studenti.polito.it,-58.0,37.0,151889590.0,10142504,AP-AULA4-02,Student
02a18341998c27d3d287d69abecfe4a209943c72e2af4c610e9d4c9184017b99,54c60110b0b45340dc1b07c87678b834d716a1b5e68c34fd2d7da313507bbd1d,studenti.polito.it,-47.0,48.0,110100661.0,17089769,AP-AULA1M-01,Student
1d8b29452b6ee231b60a09a342ca0f0ab7b94f9ab16441e9cf5c7580f0582c19,d67cae5ce169e5fa3ffc60c60e7144a2ab2d47f4cb7d2ff1a473937beed1aa01,polito.it,-71.0,22.0,483041.0,361172,AP-DIFIS04,Staff
caa104f31aab2a5eaeda5d941d390a241f392defa2d2c71e0c1ad9969bab922d,a700199d7311236f4f8dd4ec7e911ac346e0b15a68dde0ef3400ece63052480f,studenti.polito.it,-65.0,31.0,25097255.0,3842292,AP-CORTILE-04,Student
9122ebf1a9add3bbe43e7cb620e088af5215c48c533ef6bfabf17c47cb7f33f6,989766b90fd07944e9dd3b2e4048df758f3ba9da704b585bdc75976c359f9afe,studenti.polito.it,-60.0,36.0,461102670.0,8485798,AP-LING-RECEPTION,Student
42bde8edaaf783fecd1562fa7da4026e10a02329b4b593c24e6c44fd5c63c57b,20f6bdbc90d48f4668be2f9a50390584cddb5bb2556feee6194352e78984505c,studenti.polito.it,-57.0,37.0,37365735.0,5448318,AP-AULA3M-03,Student
afb3d8517b9b32b6865d4a922ccc1148602488cf315e74479cdc6c35004f1600,c656b105b07c1409468d95bceb2ffddbe8ff65d3eed612591723ecf3840dafb2,studenti.polito.it,-56.0,38.0,760953707.0,39806965,AP-AULA4-03,Student
81da41dbd17621f6b685800ef962e29f27249c81e208d36f9c0ffe7ff5176a7c,,,,36.0,8901.0,811,AP-DISPEA04,Unknown
9a05e92e084e24ca51b8cc239dc73ff3f7ab9aff82a188d8f68cf36b0b706576,6fef845ff69570af3e5e42169dd677ae2db8990385e899a88cb7f326377103d1,studenti.polito.it,-71.0,18.0,114459199.0,9092343,AP-AULA12-02,Student
74fad8a190868fd642717fac88f9ff7477b2a4974111e8a31a489789ca8a7c46,7d7286195ea535fbd94aee07b3f9047ac685a323c17b948252b805a8b295e97f,studenti.polito.it,-56.0,39.0,5499004.0,5763362,AP-AULA2-01,Student
95ea506953b5c16d0f3ca521d474abbb9d7dfd074f9a14f0ef248b8204a28e29,205619070b4be1d60b9998aa46c1f3ea656d9834990f28ac4744be45654bcadc,studenti.polito.it,-53.0,40.0,3238556.0,1008623,AP-GESD2-05,Student
77752fd7ae5da6f2badc7c8b1e347dce77995e93470b06bf0cded273f8d0f654,b65dd9f11d0143db4cd9df4192c89ec9090f0f5723a2a858a6fb374d6b2ca476,studenti.polito.it,-47.0,42.0,386757.0,80817,AP-AULA3D-02,Student
5f559961ea0600e22d0b64ef103126e14fa993b7c1d10d069c634e34698e116e,d7ba8f5b09d4d9bcb0eebb1e558f03bb8cd37be242e091476cb53debed92ea06,polito.it,-50.0,44.0,1267674.0,4337516,AP-VALE-AULA8V-01,Staff
7b6864054eb6e5018d0208eda5f75cd08a9cf085c6776e45fae7e81fb59eb7ce,b90d693d60e1b66d3ebf9d25c4db9c93358941b42d8614c40337d9f7b1462355,polito.it,-76.0,14.0,664105.0,224819,AP-AMM-1N-XP01-03,Staff
5157fc8ef65b4466de53ac2ee0f3b2865a25ee461e1c2d8ef88eb26121980a97,e8009dba392263abd49ca4fe0778b949e3efb6ec789f084054e0001ee440c87e,studenti.polito.it,-45.0,48.0,73838432.0,8564459,AP-BOGGIO-SALASTUDIO-0,Student
0fc7fd875aee7538411d384645aeeede6a19c4d9c85d680d7e28f8aecf8f80b7,d5bdfad95f10bcccf90a7bda2db5d5734125cbf49b8c8de9ef259dfbaf6d4d57,studenti.polito.it,-49.0,45.0,4170520.0,634553,AP-AULAR1-02,Student
4906296eb5857f758446ddfd0cc6323da3efe83c667c1e86dd6e4f2a9761507d,d7f78cef6b06b3e3f0e095a2693a905db8f33282aa46759f079bde3239df5276,studenti.polito.it,-43.0,52.0,35822243.0,27522176,AP-AULA03-02,Student
a08f71a63339cd7f755baf543ca74c61ddbaae9f2fe6ce71b97f19ab8a46ca72,7dc68f54a12b9c49e15c388a53561a3b2a0f3989f28cf2d055f9787addd28740,polito.it,-46.0,49.0,145947871.0,2588861,AP-BCI-ST-08,Staff
3efd4c06c9216a32118e61abf42f69da8d0d9189016f289bf80562462a269d0f,,,,38.0,0.0,0,AP-LING-AULA305,Unknown
d4eb6366c2ede2597607a855180db8c5957f94928cb769f2cf5811c428022c57,b3d7cf8964bc3c00789f96e183c53aa38b44c117e05cba555499bb892fa967e0,studenti.polito.it,-82.0,10.0,4935676.0,706184,AP-GRAPHENE,Student
6c7f0dd8a2751035da01b342bbad6e139c53c0f13da0122c7b3f4d182addab70,d3878001ea7d86cc23de0d912b9d9368de8f7f0c602cbd855e0b9b066d03b00e,studenti.polito.it,-44.0,48.0,3286518.0,669548,AP-ENERGY-EC3A-01,Student
d7fc8b501548e6c51293a87d30f144ca1f4cff039ed800ab2cf8ba826c053664,37fecb9f2d85568db931547f4dea496ae7efd294a53cb861ccfde30a13f7593f,studenti.polito.it,-51.0,41.0,80923857.0,6454086,AP-AULA4-04,Student
d161ce8eb2d6f6a390be9985750cabe7a6d064a73393eb4e6cead599f8c1d08a,b7834b2cbece01d8466a673336e6c304f74f6a5fec30edac0ad9a9c9beddd793,studenti.polito.it,-67.0,27.0,40846137.0,4277465,AP-AULA4I-01,Student
eaa4d69862e16ad17e9b7b110f45a271d58e9831cf4285e0be659fccb5585f43,71ce6a29bfafbd99c1e5b42733df9b3ccc8de29bd5af3e3de58ff4486d6e1019,studenti.polito.it,-87.0,5.0,1054574624.0,32369905,AP-ACQUARIO,Student
9354c5a167bceee4d518d5d1ca4ba73a40ea176e11f6a76fa6bd321bad734f10,f9c98ddb4fcd2d83059da205bccdab00767581155eb359c472ee1f823c4d69e1,studenti.polito.it,-49.0,44.0,196048188.0,7464036,AP-AULA12-01,Student
a95949d933ddb6126f9d4af8fb8ceed7a2896b73e1a3401f1748cd055fc85be7,7da15fb0447f6206ce2f9a79c639e176b4afc0417471be0fa027c79525eb1099,studenti.polito.it,-65.0,22.0,52923960.0,2305648,AP-ACQUARIO,Student
beb98b0d7e989855e729fc8a6c29ad3f8d23e00276e7e1993af2a24c7d9ead76,bda8c404683b8e77bd58a281064282c39564fe3a8c2aab0978bf4e6056e95c49,studenti.polito.it,-46.0,43.0,87131740.0,3437835,AP-CIT-LABINF-01,Student
30ff006eb59b9917c87fe9bbc9fa59e62637aade552492cd8b7b5b39487775be,cb97797faed3c1b8ea391e1332eec43cfed4e6b72777dd141714147efc2efe67,polito.it,-74.0,23.0,2456140.0,478393,AP-AULA13S-02,Staff
f1f10decf121e823763e0c9a2fd84978a902843e27af4462c79a3f0d4b976550,7a64b91ed5fb959d3cebb39a4c7a6fc3671ee82cf7895d2cf2f0a364a16a5cbf,studenti.polito.it,-67.0,27.0,310351283.0,28024612,AP-LING-AULA305,Student
1c6e72dd30a50d26fb821337af5fc96569ac108c5a243b6a0d00f0eeff03a780,bd95cc1c21d4147ced383c34f015161778303c2555434c1f1101874f7fd5b67f,studenti.polito.it,-49.0,44.0,3006465.0,2218609,AP-LING-AULA308,Student
f98f15f6dbbbbbbb8709669cdad77c911f0292b08228a9d6457476ebf386c8a4,903e6679a9d3b9448f8bac41d9fe2ed3fc1e04065d065f188e79daf4483f9c3d,studenti.polito.it,-55.0,37.0,765613826.0,40809398,AP-LING-AULA205,Student
6f0b619ff7a30df221eb9ddb977c76c486a52982539d76d1937def57ad271024,a0a4fa74ba410b1b0b826c23f178a2631a11a52ef52861b2269d49727afa78e0,studenti.polito.it,-65.0,26.0,11611952.0,979136,AP-AULA4N-03,Student
e71a8009012873ce6b8973399e6b207188f8bc2e3c9a0159646bb6961ead6ea0,c30b63253d42caf891d80c6b990b616555002676f4c5e5fba80bb105e92bc01a,studenti.polito.it,-82.0,10.0,85113810.0,2870478,AP-FRONTE-AULA12,Student
5e0d819d756e26d1cb195ccd699e4b623f64b47b64c69e852f798f464e5bf611,ecae27822c3cd5f5a04f2e0dff99ecb34b2d688d1cf1ee0b77c7067e327f2abf,studenti.polito.it,-48.0,48.0,60785364.0,4744842,AP-AULAR2-02,Student
953be41406bd383201445c8a804d9e420cba617a94e42f4facb3c2389eeacd35,9eb82fec654dccb404203984ac33882150a312c3c2bd9b69b49a7cb3f3908051,polito.it,-45.0,43.0,17824930.0,8022277,AP-AULA5D-02,Staff
45011fabcba3b82f8d5d58591f527b8c613418027f23e47c10a246b26929c9ff,7f071b07d2982aef951e89d6055483e0118fed98cc8f8c759e5e502fb698f108,studenti.polito.it,-59.0,35.0,56040.0,49945,AP-CORTILE-02,Student
48f6f024bf0cf8f0e2ce2dfe0bff664af3389e4a0e91614fb72755a35d91f079,b2940ad90d6ad836cbb389c1c2904af5ea3b782c6130b08d5c7f53d3a6afb269,studenti.polito.it,-48.0,43.0,360865675.0,23675504,AP-INGCINEMA-03,Student
d31cdf4c1f022909fdf336159b9c56c05f880038e297392de41fb3def8cd293f,2db13f39a6f4495d94195d2f9cfda5dd9d54079d0dbe12579ff0f25c80ab8776,studenti.polito.it,-49.0,45.0,366139.0,283953,AP-SETTE-AULA14AM,Student
c241c9a2664498ebdf88a5deea8cb080077494ffed983bdc9d68b56c359b3bef,2a213abac3ac7719ec7e24415313b70497ad60f919216cbb870c71a9e01ba0d2,studenti.polito.it,-57.0,39.0,35852884.0,7019583,AP-AULA03-01,Student
d356a01826bf033e3f7b1152c020465dec5d3117fcbca165f541b4627b9a4205,1f8be9d0def2f60bddfa03a699367fafed04e1b950ad882d01cb1bf852f31006,studenti.polito.it,-58.0,34.0,560496.0,119711,AP-AULA8N-01,Student
99101e2b6f595fa53baac61cf72cb5c1e31c172fe8efcd7ec235e528b7fe68aa,076606e84d1a778978ace5e2262b3b1fef636e47b66de48ba494064c320c3517,studenti.polito.it,-68.0,27.0,244153621.0,345865825,AP-AMM-1N-XP01-04,Student
e5952fff1a7b0c51a8022a0eae401eb2658f5549b7905f78805701b7744cae8a,053ab8831bac0e44cc9758e0b291a44c59f762ad7add26a0988a5f5b8c14db58,studenti.polito.it,-64.0,24.0,6145537.0,2059972,AP-VALE-BCA-04,Student
a53a85254ae4ec4788470a24bdc7449f1ffc93b8a6134380a6ca2b187795c9f7,20b3b2ad36545e0e35221a388dd7578039cedc0c41e7f7289aaa2aaf27d0a3f6,polito.it,-58.0,39.0,1684805.0,1236381,AP-RETTORATO-RETTORE,Staff
d2767d3d38e873f3d923d4e9b143dc00e10fe37a9971c214eee535df13718c0c,067f6bc4e7955edc1cf874a530ac80374a198b81b9b00b5c28e592058322d67e,studenti.polito.it,-57.0,36.0,33059995.0,2153906,AP-AULA8N-01,Student
95956b9dcd093ac7e9ba24f4c9c69477af978b5c380935a2cf6176352ac64313,8c632a13aa3ea46e8d42e5376fa58d74f13bfc05b1211a31dcd22c24e9298d33,studenti.polito.it,-58.0,35.0,888870937.0,26481948,AP-AULA3I-01,Student
1fac293be93cfcc6c51f974ac1744e3e05e5e2907e3996c6454e32f9c145342e,e099e3e511776af1251d55e837e95faef5a2704ccd335ec09a3472df39af3ed8,studenti.polito.it,-67.0,27.0,1898991.0,1093480,AP-AULA10,Student
6293d4a41578164ac79fd07125c12caa884fcc28ebb0d1e8191cd429edab0e29,406b322078179c7ac46b5dad2ee7f8910d8ca82ae210d912196cb6fcc81bbfcf,studenti.polito.it,-66.0,26.0,53591.0,80461,AP-LING-AULA212,Student
655683a23dad5ce9ef87c3666effae6a8d717660f5003fba754c56be332a8a78,f7902393b77d6f64f27bf0efe1e7987988228f32715a461e43218787fbeeed6b,studenti.polito.it,-53.0,28.0,3034642.0,589903,AP-CORRIDOIOAULER-02,Student
08f93eaa9fcec6a9edad835ab86f7ecdd976153a3819357b83cd5a8d12b2cb52,526ec1835edcffc983c8f006ed9d30de58bbac7ab257811ac32d284616d60281,studenti.polito.it,-82.0,11.0,48263463.0,2910756,AP-GESD1-03,Student
9181287a4d059ce8550a276aad4413709ad547a1c4c7b000a5b6e9c6aaf9f30e,8195d19955c13262e02e7005bd8fd0468ff8e1f07ccc31adcbf2e54ea4f13871,studenti.polito.it,-54.0,19.0,305526460.0,42257303,AP-MIXTO-04,Student
0cbfc56726dd151869bd5c551f15325989622bf1a9ab6bad655907ce31553281,11094a61b4a1959384837b1f7dd50dc63494ce4ce79143112577fb5d94bae92a,polito.it,-71.0,20.0,67241.0,43448,AP-AULA10,Staff
adf933fa596da60e909d645fe09a6c9ed1bd95d834527101b3bbcff996457b00,2921511f2b3fdc481b7b15b58beccdeb9668b3fe8894d6aaf99aef843222e3c0,studenti.polito.it,-41.0,50.0,2247359869.0,30577448,AP-BOGGIO-SALASTUDIO-0,Student
e4ee534d3afbdc5d17b8b86f075d6ea110e6674fe586964b70a0acaaea0b3241,fade655340adb221226c6685b3d570076bc7efb2907e3ea8465d6d636de15edd,studenti.polito.it,-78.0,11.0,5795972.0,2168454,AP-CIT-DAUIN2-02,Student
347c12d711994ae393c4c8d2eb49f7a162bbb8771891714ee738658b4a62746e,e8be3646738383e0abfe875bacdd796d8317fca22188fcd5313c81d925cc7c9e,polito.it,-44.0,45.0,78086103.0,17776973,AP-AULA5D-02,Staff
6968848bbc528b9848ec4ababa8d4d2a8b69d38e66c042c5cc33fa444871597e,0fa4fb926f4a483268d4b9ca7ad8c70ce64e2c84cf427fc3771d882970fbfdee,polito.it,-61.0,35.0,113612345.0,9895841,AP-AULA4-04,Staff
af87632bfee1190acda30989efaf66bc8c2224376b2dff619fcf4eb06d1bc81e,6b4f266d2a3ddf33248ffb2eca5f842557c372c01af416c33a3dff79b2e4094c,studenti.polito.it,-59.0,33.0,37756946.0,5316628,AP-AULA5I-03,Student
d5c0e4d946d712d54f3eba6746867d1213dd734664deb3ffcf04a3f3a8939f3f,6e805509683bc9b848f2b017cf139dad3368113734895968b517a774cee0a434,studenti.polito.it,-67.0,26.0,8857892.0,2354690,AP-AULA12-03,Student
5bed49d6510fbc4b22d496407c995c8595d2d1a95bc734d5d1c081a9d3191186,0142472def80af351af49f281dbc759543cc5fa61b1193a890bc3b3a3dbd7b77,studenti.polito.it,-62.0,32.0,120161429.0,2872047,AP-FRONTE-AULA12,Student
63832e90e5a48501f99fd1806ee0a040e53b2313f694212b4f46d8f0c4faba95,5b56ac0d929a28c1c2e66fd7b71c55b90d75b872f3f82557cc9d136769e5db9d,studenti.polito.it,-70.0,24.0,3773027.0,295108,AP-AULA10,Student
0e0e353af87e77c8a22019599029a62135bddd48c2507c700cab8cb8b400ef7c,690d931e05694574e3e564a3a2235133a92448ef404ff91cd619102544b7ad37,polito.it,-47.0,39.0,2368310201.0,1581390262,AP-AULA19A-01,Staff
36351457ccf627afaade52151d020db0a66bdb20a6050803227bd36b4871a162,262d613f0e4240be21d5bc313f66400d7adc98bccd72029d6aa28e68d496f9d5,studenti.polito.it,-50.0,41.0,2222404484.0,90163761,AP-MIXTO-03,Student
8468ab19579c21a988e62b7bcad1fc407290f78578f8a93c3cf336c50d672707,8f38e0d82cf693175bf1e5fc8cec4de7339c9129205afe41715777eb6c27f28d,polito.it,-84.0,9.0,177073624.0,5538329,AP-DISMIC24,Staff
5a8d3b6f31ee59e021ce97f8f9c7cdea68493587abf7f0e2263498f2264036f4,0c30727082ed36279dbe874b2cb247cbe0e28f1b40dbe64452c9ba0ed7391926,studenti.polito.it,-65.0,30.0,1999540.0,945549,AP-AULA4-04,Student
68fae6eeba6029d2a88ea6a84ded935719e494ca4e68ac62a45510ee05e96389,97d3afb964c359aa948d1cad1da362de5389084e1f88c46583d0e3eedf77dcbd,studenti.polito.it,-68.0,31.0,82731725.0,8176627,AP-AULA13S-01,Student
1979f9b319bab7442e0871472f9f83d7766bb1339bd50f05fc26d75383116a6b,14baf1f16375ee4ad0abb8fd2141799902b38798f2d610e7e854baeb361deae0,studenti.polito.it,-64.0,32.0,20066759.0,11080486,AP-AULA08-02,Student
05875bd27c298251efeb6f8bf389ed0a53cf5aaf36721020c40fd831340af51c,21aea931d615190da1521655800e293f713df503d5a3a4e3da455975d8650ef1,polito.it,-56.0,35.0,399326691.0,33062998,AP-DISMIC21,Staff
0fc967442d1a83044ac1db292d65d619dcb187bfbbf991dd795612504f0e173f,30253d1aa31e02a947d7417ece6be9f85a9969be820a51a18ed8fcaf61b922ae,studenti.polito.it,-56.0,36.0,68495474.0,23322283,AP-INGCINEMA-01,Student
9e391cf71127109ecc98766368203e3bdeb23fdb01f3f0a12eb87db81c5d7184,e3a936bc301ae55e1b1946aa08a42202ca00f09f85d5874386c923593e922bc5,studenti.polito.it,-60.0,27.0,220821453.0,15560247,AP-DISET-02,Student
afa062cd72501258facc1128458af7f58ab9100b4bd3588fca92dfcffde74c09,8dc254c0369114ce2ae18a44b03054e563110ba77b122d45bf214383834e7109,polito.it,-66.0,29.0,96464672.0,4381844,AP-DIASP07,Staff
c6c78a2312f3d5b49a4e2d7551956e1931d28bed70de441e65c158c1bec63024,925831e2224ec17d67f5a87393af2d09ce21d5d81f297c6ced387feb9c5e0be7,polito.it,-42.0,50.0,11535.0,5026,AP-CORPOZ-01,Staff
9ba5a749c941e42d113b2c0ad9ca1f79a96f73631bbda767ba189110e7f16264,d5de2ce860aac974c9f8f6ed0a35a926dd8e2188f7eea333ad079ddec48fa032,polito.it,-63.0,28.0,506866310.0,103656543,AP-DISPEA06,Staff
77180cb0d3c8fc367fe2bef7c67da0700c030b2af0643fd18378b68fb0294561,758686c3872dd9f99ccdd7c5823c556a213f9d247fd7c4e59077f4e4a5391edf,studenti.polito.it,-57.0,34.0,506822566.0,42325728,AP-VALE-AULA10V,Student
b4491adf90c50765c7d97fb71e42b4d57aeb80ea2737ae66f7bb60e55cdb48c4,b32975b3cbba34ddc32983505b05d602e2735cc57a7f0357039c734ca6341a94,studenti.polito.it,-42.0,38.0,210908305.0,14250569,AP-AULA08-05,Student
b76c10c5ced3d0ca77f4bf3d77fcf316eb6f876baf428b6dfeac0a3d27827c44,0a7772ffdd67620926620baeb5beb97ea97f4507b1f8ea25e6c33d491c6fc981,polito.it,-44.0,42.0,16029426.0,4018067,AP-SETTE-AULA14AM,Staff
3638b3361bf530fb0665ba5d0dc125727a43af4eed245c12b3b98e59def37566,395f6000697c9f8121acb21834e5bc7780dddf40e9f1a1acad82dbe03b59c68f,studenti.polito.it,-76.0,17.0,3011103.0,3353898,AP-AULA4I-01,Student
2dae5afc0069e6149049c90313151b6a5b41394517f3d74d5e43abf42ec3a613,1ee9a30ea1f39e2d52567c8b7a5908c536c90344055515b0031a115ce4b150f4,studenti.polito.it,-67.0,25.0,76105340.0,40354596,AP-LING-AULA300-1,Student
4910fe35ef89d5a71870e2f2479372839116065c6cca842dd146c5735c581d12,3ae57ad3c3646d393392b81e4b4d90cbdf1ba67be466e0d46756fc6caf4b568e,studenti.polito.it,-49.0,45.0,3987134766.0,42977430,AP-SPECIAL-NEEDS-02,Student
6a98bd671e5d03e619eacb39f293fde914358d02187a98f4aca89d8c09de85b1,4ba4d3a87e1268330939835b4c2891092f9bcf7153fdcd15b0e337c3cf865795,studenti.polito.it,-45.0,49.0,50167494.0,6999281,AP-AULA4-04,Student
cb2d534ee1b98bc833fd33208a937e1bab73370e1b1e83bb11970c07971bda6c,6dcba542d951d60fa2d4a8526ac2e96570907491091e4628832272fdfc4321ad,studenti.polito.it,-58.0,35.0,363610401.0,21983548,AP-VALE-AULA4V,Student
f9c6e2cc2d8ccd903df3e13e632e9097c8e47cd5ac1b8fcf2ce6b1b0c1b0fa50,7c2627298adb3f0396756fdd000ceb8f5a652f1509a858fc208d866c6c50e8a5,studenti.polito.it,-43.0,50.0,17892005.0,56408541,AP-AULA23-TM-01,Student
09fbe7b27b5b9d7358303b8245a885e57a82b418a59632fe0c7bfc705452666c,9c5bf9c169414eb45956b8e2f3956b5b62594d958057e253916b7c7c8650d03b,studenti.polito.it,-58.0,36.0,28761653.0,3589694,AP-AULA2C-01,Student
e49ace3f2a0c44b866065f5fbf4ce85928708d21b123a5fd618e82b2065c8702,,,,57.0,1700.0,2272,AP-CORRIDOIO-AULEP,Unknown
b6ff2b1e27039a072ecf48b9a24013f867c2be2ef1f787487c1e341e71ec9a29,,,,47.0,20341.0,26342,AP-CALOS-03,Unknown
163ed0377687551eb2b2ea1bc8f9b141d545356a4e8fbde500c2e7bb9d8b7507,,,,48.0,14717.0,20029,AP-CALOS-02,Unknown
30564520e0514315e1ad1eb5d5a497b09f8faaf1060a3d3317d71ec7a5f5052f,4bbd841b0630211bf591a24894512cab7f64bd6b7578eab9ce25f44c92b66ca1,studenti.polito.it,-57.0,35.0,108339480.0,24380220,AP-VALE-AULA4V,Student
567f5d781f5a7c7cc91ca5a86a76628035994e7670a5dea77c454d926ba76811,a67278f6955ee336a3484272e33f738e89ebb5fdb47f6dbd490fdf85d5efa5f7,studenti.polito.it,-65.0,29.0,9448304.0,3509237,AP-GESD2-05,Student
3d65d5f5b6096de66175adbacffb9710074d5d52f19ffaa4cea5123f92d57d78,3b28ba06b0979102405abbbcd4d719333aed494a9e14bc6566f398cb463f5d38,studenti.polito.it,-63.0,30.0,293109692.0,3951391,AP-AULA12-02,Student
567854844db3a4eeeb23a03389b36e18ed157ccf3be3553a04415b9b696d4215,97105dad8b0bb73182ddeb4032423efcf962998c426cb783b86e0d026cad6428,studenti.polito.it,-51.0,42.0,20628960.0,4484718,AP-LING-AULA203,Student
a16b1a2f853e83a2a5c7af13c0cbc101be7f6d9160e42a37e9a03259467840ec,870fb03843fc900f1e4abe8b5fcddec5b9918d54408501aad3dfa200771e0d0d,studenti.polito.it,-54.0,37.0,234293171.0,14832857,AP-AULASTUDIO3-1,Student
15d161629422cfb5fd29c8f242ed383b35c64d0067ffc25e5eafbe4f3385f35f,05572b37708ac727d8209b9173ca3e3b12dc4d8e3e23699618301b39313496c7,studenti.polito.it,-60.0,32.0,8357373.0,1934524,AP-AULA12I-02,Student
40a2908a0219f5a43ae865b6058e2bd71424ef0402c48a8fa50f6d8ffdc3ffd6,386abfff0f39afd51cbcf76c0afb2c6949e0c8936bc234fdaa2595c4eee828cb,studenti.polito.it,-59.0,38.0,159585819.0,3895598,AP-AULA05-04,Student
90c21c20532e74fa1befa218ac3ad6b2fcd2171ab2107d8ff88eb01f4b813407,769d1a4da50af3aa24ef71e0432dfe6f979e74ca50fc40420d2d33b2ec890446,studenti.polito.it,-36.0,57.0,231236657.0,117231403,AP-DITAG03,Student
7378ecd6dac3a8a8939f181cc06f91ca6a0c793fc2d46e2e63a0cc4d3819ce75,3e7b2a3e63af337881c4154db1d8574565847f4c2f36f6b01fb9ae1e0030ed3b,polito.it,-51.0,39.0,4180484246.0,86937615,AP-CORPOZ-15,Staff
8f4baddf04571c0bf3c34a3ecc622fc41a12d00abd6ee0292d14485f2159d4b9,a66a72213308647c57349e1e85a54a47936daac0e2c11edd8bc4d7d7dafb3e1c,studenti.polito.it,-54.0,39.0,9301184.0,2993590,AP-MIXTO-03,Student
025c2d2af1d6b1eab5bbb8bd21c4e26c98931d444b4ab5274b919c4fec129184,82ea945acb3a0504c3503c636cb44c34e51d5cc0e2fd2904d8047a10561fdb55,polito.it,-83.0,11.0,17997.0,13223,AP-AULA4T-03,Staff
1dcac9f9fcaf9e0c60cb7f5ed697106fa10bce06168eff63ab7cea314a99e653,aacd780aa1a21d1b3cb5f7ea21e1587c16f9eb07075adf047a140376cd5e5c0e,studenti.polito.it,-49.0,43.0,1387170238.0,11855650952,AP-SETTE-AULA04AM-2,Student
6694cf6ea87ddfb1ef86b8ece81a34d19a4d03af39a74957c00915a49766e36b,,,,9.0,0.0,0,AP-AULA7-02,Unknown
3e65645190a30ba5f45bd3a1950ad751eb0c8f6e5aefed5fa9294a4ae0fee99f,a170a10fa7d4ed032cd2cf814ee9608caac2012106c3c71cbb7c542ac32a205f,studenti.polito.it,-53.0,40.0,151608445.0,20513588,AP-CIT-DET2-01,Student
cdca532692349a1f2115089505b97f741d749f1777f1dc153e5b41f4586e5065,7e90e8829ba0a88c963ab952be48879cdc29ce796dc49cfd72a48f12c5c9f1d3,studenti.polito.it,-47.0,48.0,422801.0,2502417,AP-AULA6-01,Student
cf354c8d26642ae14df76dc0b38da7845b5730841e45e268714f02a7d90c33be,6cad8c13a966ebd23c2be794825bd62cdfda6e676e58074785a7d1c1116f5b90,studenti.polito.it,-45.0,43.0,3754554.0,3992299,AP-AULASTUDIO3-3,Student
f5c5d955633203df63ddcfaeb328312f5cea057e1698794a173454990631263c,528889c5d6ed6c4b71d87b0a34b48b3ddd95b9306cfc9b2631ebf9dd855c9a55,studenti.polito.it,-89.0,4.0,283936089.0,1185621198,AP-TRIN-02,Student
7cdaa8d653d9ea93373548394b3060a63acc05df6712abb1b716336506529ede,c10d77e1eeda789ca77823450f6261fb2cfd1a4052f1f97f5472547984c30b31,studenti.polito.it,-58.0,34.0,19810456.0,2257614,AP-AULA01-01,Student
e91684fe3eccabed0332958d7027b4b1e5e6449247c0078a4ce4c02d64fd47e8,2d03d9999a1cf1257b07cf3c3e1eb80a03d66f99702f903c178fe3fa7842c4c8,studenti.polito.it,-62.0,29.0,92298580.0,8581084,AP-SALASTUDIO4-02,Student
5ee907dda7f803952f56312e63e2f917c7039043572dbff3ea8020fdc18087dc,d03f18124bd1605a157c2b668e65e6ce5b10c9bd984945a1b2b3a04a08e07bab,studenti.polito.it,-48.0,46.0,24341775.0,1087272,AP-AULA2D-01,Student
86d5e5a550aa1ccfe25348131d515d4a99935a7d7b3a4ae6a539c943eb1ca790,89a93743b011b78beb45d738a8d567674ea512b0d55ec832852a8431d32adf17,studenti.polito.it,-46.0,43.0,56135.0,45930,AP-CIT-LABINF-01,Student
a34d5d634a3fa5657950f9c40ef40b62b214cc495531b2de436615f3e77e019c,56639736054fe3c6acdb37f1f13abf9fb0bba6c5dbd0ce0fe05ccbab203d1dec,studenti.polito.it,-75.0,19.0,7583343.0,3201763,AP-DISMIC03,Student
d52fa0196aa987fa93384b98af0f51efba7ec68f5c4c4bd5dd5ef6ee3327ed35,85959d87e6dc9df234858e6f943be240aa8d3762d9164a2ae7a6c21154d466b2,studenti.polito.it,-44.0,51.0,34796169.0,1431280,AP-AULA1T-02,Student
70a15867b0b423a0e6dbb212e2dd61f7fff39ee3fdcb386ef6d9a2a44bd11464,1f44dc07498ed3ce17f61c209b7e38f779807bb68c2697919ecf72450cd8ad8c,studenti.polito.it,-38.0,55.0,28629921.0,53566686,AP-BCI-TZ-01,Student
fee283ef5aa0c005dcc73f70bdb8fa2b64ba74ccd6751db59d3731baa8b2ab0b,f248413ee0ccdfa8ac9b41ff64677ec72f283e53979770fc4b8d7a5ca147b72a,studenti.polito.it,-64.0,31.0,483567.0,352602,AP-LIFE-01,Student
f1364a1fd41f6ca059b78be4c5d7c648f5d4b9c767e8da27b6e710c799c6db6d,f59ca79b43932165b9960ee09e08673f8a0844a5f1bf110c6c2811f6f0cd6b86,polito.it,-53.0,45.0,9906527.0,5113075,AP-AULA2C-01,Staff
35470805db091fc17f3ae6e33b85356087a36104e5b2396cefc4985d2fb5e51c,c7a43089ed28e38b0dee06b4fc271c0eba86dfe5574a11a5e7aa1771b07bb71c,studenti.polito.it,-63.0,31.0,222305015.0,7236275,AP-AULA4-03,Student
983a0322f3381990905c1dafae557609b6a81754c3115d428451db196e24d684,87fef72e0160973fdf8c76739775359271920528fa03d09b72753acda6843539,studenti.polito.it,-50.0,44.0,34048786.0,5129595,AP-AULASTUDIO3-3,Student
1b21ba0494a2fcdca32ee3344ab9df245df821cda0230d9bccada3cb896a4f37,4e8b4c66b7f2417125257d86f7ac846915b4f209b7874921f2ba6dce80c91606,polito.it,-48.0,39.0,1012562746.0,44512259,AP-ENERGY-EC1A-01,Staff
117435a03db2e65a1c7516705e8331a5b3bc8b319406a01ab7307751ea3aba46,65651885d1008ff0b8887482307af4c174c92d160a27844ce6abb52dbfe9173f,studenti.polito.it,-49.0,42.0,839951609.0,45769437,AP-VALE-AULA4V,Student
22f2c30052d2928e2d6e6809c154ba356104d93990de3a5455453dee5c0bd5b3,6239e36af5477b2e4d9782a9c8a888b8ac5b115b78293be106a26e9c613c4f3a,studenti.polito.it,-66.0,32.0,2264968.0,16598544,AP-CORTILE-04,Student
8f47bf92a2f3413fafaa428000b97857a5d6d4a575620deb426a4fd924de185d,,,,46.0,8901.0,0,AP-DELEN-2J-07,Unknown
9d369921cd304e45e9a14f71e45b672b4ce50c8a4e9689f7c1c5777b2afc7f96,ea2a03660cd488ec8cb489f59a4aad78bcbfe941c4f4f1e0826f770e482197fb,studenti.polito.it,-62.0,30.0,624109.0,1567818,AP-AULA4I-02,Student
46078db1d4d9649e39d875b724f4e1826fd9b50315271df174a933861ad329cc,47f6e38d327c384551d4ee1ad5dea12faec82b95d4cb31f0444f5e55f2f7e126,studenti.polito.it,-46.0,47.0,38191748.0,2905946,AP-MIXTO-03,Student
d5d48d916eb3b98556a85360ea57d083868210ce00dcb3d782f0d06e5ac7853a,3ec089d9e7ece48271d8644431c53296170df961b592f64876f87abe1ad5e21e,polito.it,-53.0,35.0,1841183.0,1303432,AP-COV-C3B-XP03-14,Staff
4967c62f5e291d1ab3285496ed8441be2ae208480243b67ed10aaf3c1402ecdc,f9c69c659a279cb7a9a2e63548c7564aea100ac3d9fd633a72b8df335c76f5df,studenti.polito.it,-78.0,16.0,198416199.0,205456137,AP-AULA2T-03,Student
01cc1d6c79db3a310d4054426530f627122ed4aa45c320c91390691d293376de,93a229dd008c3ceff48e5ff59e4ccc68a1234fe676cb0e84cf4e142dc9c9cdae,studenti.polito.it,-47.0,46.0,36309509.0,2565290,AP-AULA5S-03,Student
daf4c7012d70b4165576b6f3978583671cff6139df2b46423c2b95638347f958,7066aaddc917cdff916bbaf21be1ef33b2e6af8b113c01a00feaf2e411637e7f,studenti.polito.it,-61.0,31.0,116029248.0,10005811,AP-AULA4I-02,Student
12f3fd9fce427aa9f3a5abdec341f89802757a72a1d25c9ac26bdae424c9fb7f,7ca5a1aad59bf35da2bdeeebca3b49554b687d588d6c0eea1a78e576b8579360,studenti.polito.it,-86.0,6.0,34708961.0,9209126,AP-INTE01,Student
09bc30adcdbcae73291c6aaf3273d8381514c79c1f303385a79669aaa8915ccf,284fae8ac2119567b356a042d25accfe4427e15dc9d6c74f23a892b63058b754,polito.it,-57.0,34.0,5846336.0,1156023,AP-CIT-DAUIN3-02,Staff
9b7701e89f428743e41ea451e17e823c0da62259d9ade3be9eb1781571b25ecf,57ec7b6e4091bbfd4f4624632271f0a42ded9520efe64c71c6871626e9a7a6b5,studenti.polito.it,-45.0,42.0,99285353.0,11239416,AP-CIT-EXCELID,Student
a19ecb75516865844f83d58d0e35bda484a835ebf775b7ec02e6c80ec9e78a19,0552dd5fb84bb53a5e24a3c61cec4cbd418dbf982212dda4c6f5e56755f01d8c,studenti.polito.it,-77.0,15.0,54702.0,43486,AP-AULA2I-01,Student
66d638f026fa5222af4b5ff36a51fb17adfd8cc43c0dbfb093561ceed504f082,9a45f096b5b0961953fcfe8f5fdf70dd2d709376bc9ee3c71d50e83d7851fdb6,studenti.polito.it,-46.0,41.0,11971926.0,2851138,AP-GESD2-03,Student
ac5436e989df86d108b208bd739b3a06be69ff3db44916c512ae00b355cf24e1,c0ecd225aa1389c71c412ef20e5b5985b5ee8efad30a1f1de042c8107999fa63,studenti.polito.it,-54.0,39.0,107588690.0,5540495,AP-MIXTO-01,Student
78da935daaace177b4572fee47d969ce5e404a6992606e2571de8881ba9c0c45,767749ad363654697731d0808d0a1e66e839d4b826c63b7bdb5e927ef6ae2448,polito.it,-58.0,35.0,1533519.0,560149,AP-VALE-AULA4V,Staff
6e4f2c64691c6e0e56b642f91d64f647f0162e30d5979fb92576308cd0ea27b7,458e190b83fb582dbf4edcff3b739dce90c0602d820e6f3a102da77dea3ff6e7,studenti.polito.it,-61.0,33.0,5226339.0,871360,AP-AULA15-02,Student
8f7a4b6e2ea80d186446de8f13be4d1db126a2c7af485a0135447af46c4aa726,a4da7dcc2f4a6e19e5f5a08dac8ddf7c056ff208c1710a930c8762c8127cdafb,studenti.polito.it,-71.0,21.0,23302814.0,2714600,AP-CORTILE-01,Student
cc5db8e67620a5115a39e11c37bd66c78064962e3e024d61ff68d95409811935,ff4a664950083f3ed555694eb5b9d9ca16570cf05961f11636f980be44e89355,studenti.polito.it,-65.0,26.0,1850115231.0,41241586,AP-DIMEC10,Student
a552f45a04bff8591aa47b2061a3389e4478e5a19b06eddb2936b024eda20f88,8dd8e20c3b087aa9db6ca3474f23287424ee33df1f7fd7dee00de73a7bd49a6a,studenti.polito.it,-62.0,25.0,27505.0,17062,AP-OA,Student
1020501953707341e2ba0ff84e093ea4bbdfaa5574c1df699446f862a636a356,22c390a236aff6f02fc51ce0517097612e7bb59c82a369f35b60ae57dc3caca4,studenti.polito.it,-52.0,42.0,143444917.0,9398118,AP-AULAR1-01,Student
2ed788bfe6b69a8ca8dd030d4302b7885ef28530addf206eea46db284ee2a75f,6ca58275179950f5154dcd2f69f24649dab97bad575bfc542f19e93dc5f55c85,studenti.polito.it,-45.0,43.0,58380305.0,5419283,AP-GESD2-02,Student
331b817ff79d7eb316d4975ae84c1e48db038e17b6f3ddb961e1352edae9f377,,,,23.0,20136.0,5845,AP-LING-AULA309,Unknown
641ed08a1b71b4910b723f7df1d36318ae55e4bebd977080545e80e4185c59d3,ba6aecf34d6687e19c593106fde1ef8f62ccab95c2a1fb3d8e86c8c79b24755d,studenti.polito.it,-69.0,26.0,141991052.0,39161099,AP-CAPETTI-TD-XP01-01,Student
3bc3f98d325e43461af2632192b227816e2711753e17fb3ed554f65ad0a42566,fc02bb8d414e6aa2084223416dbd543fb464fc571802b1a4982bc48f7fc446e9,studenti.polito.it,-48.0,42.0,1874200.0,553438,AP-AULASTUDIO3-3,Student
7b6c5e4d6f2e5976c6ba79a636779b7464eccab0759866d775ea3b36ba11d7cb,df25be05a3b72c564b47d9494b7d306b34d7356db10daf44ab716fb4e3905a33,studenti.polito.it,-80.0,13.0,1417326.0,667502,AP-INTE03,Student
ce89239178352e43eafcee724c78db34d2f13861d8477ecca4934d8266e28b35,7f65ab1bf8300224319f110f3f72ad23b3d953e0f7a60de7204656e8bbecbbfc,studenti.polito.it,-55.0,39.0,383037.0,129126,AP-AULAR3-03,Student
6b7b5b8b73251c6662d371721e12a046e79c28cb3809b3f396cb59ebd489d175,d7289239c412875daa882b7ae4bb2705ea6adb2d6fcb3bcf153dd66dcb78f931,studenti.polito.it,-80.0,10.0,345874.0,170140,AP-OA,Student
fa205a2f836d7a8c96ef57fd70d7d9a8721012a455bea9201937f514da5f933c,e4e20d28846c626460df55edea25a77bcfcf3eca45583fd3f836c9800d3e0367,studenti.polito.it,-59.0,33.0,9358853.0,303517,AP-AULA05-02,Student
1f10bec3f6fd242111300b6d8fe8201a7270c6bd1c27a8efc1293b03279e2d7f,e1314830aa01f028a1d91184aa4bfc82fc0c6909e8fd7203be907e1fa220eb66,studenti.polito.it,-59.0,35.0,143133856.0,6666213,AP-SETTE-LAIB2S,Student
4cba2a339b887496c36b4fbca4c452e0461fc1c01501b16d34055f2b7a5cbbd3,66c7d18e0afeae20399e9ac19cc816f1bd5339ad2f1995f6e2782a3bdeacee05,studenti.polito.it,-51.0,33.0,98668030.0,8800747,AP-CIT-LABINF-01,Student
7d2f58f11b17a5090422b967a46b0cf6e9687e17d76e2ac408fd35f379174cf9,8195d19955c13262e02e7005bd8fd0468ff8e1f07ccc31adcbf2e54ea4f13871,studenti.polito.it,-50.0,42.0,3684602.0,1391906,AP-EXREALEMUTUA-R2A-P0,Student
856d8ef0863cbcbfc544f07311282831cb999d5160918ca883a0fe74f3646770,3b981af1cf4370a06e1b86b59910f3bc868c0c5a49856ed181df2335d47de56b,studenti.polito.it,-54.0,35.0,1045761.0,913005,AP-ENERGY-EC1A-01,Student
3e6352f498c2f4c975588d8cf9535de5926b6ee9aac1203d8d8c9d8e08d47747,e7400bdc3d919b019d05e8776fbe55473db9a0752195506fc5cbc3a7ffcdf08b,studenti.polito.it,-69.0,27.0,51096468.0,9043740,AP-CIT-DAUIN3-02,Student
532b63955fcc4e63ca9073c2afaa9d8de1d8f34af4a8ec484709c7e672be797f,f301d8249abd50563f659bc9431bdb555224ab5755a65a9e110615bf0914cc32,polito.it,-90.0,5.0,20489211.0,2044834,AP-RETTORATO-RETTORE,Staff
d2615cfd291211170b0ea308b057a849026525b928a5bdce1856b29ff36d9412,8d17572e65d85a86146477a258e50cb12a15bd21993f17223c5a601406052eac,studenti.polito.it,-60.0,32.0,2693400.0,573925,AP-CIT-LABINF-01,Student
aa25b84f64c5fd234cd5d6107457caf78b9898cccbad2570a1138f99859d75f6,a6c1ab78f1c457d6bdc7db76bde0279470336be514d3fab45b47d03eeabcabe3,studenti.polito.it,-77.0,18.0,453281.0,124012,AP-AULA10,Student
4184ddac2f8f4ba65c77f6449ef63383fb526c723bb0813ff5e7f00b612dce9a,623089f041fb7728124fc4adc0129de23b892c88571ad6b6edeaa79b38991535,studenti.polito.it,-59.0,36.0,1149929.0,408859,AP-AULA27-03,Student
76afecd5c5784103bb40fa955245e7c7c68cdfded375302e362212691ee239ef,c7ce22ac619561714a16c44f9facf1f39cb179ca7ce01afcc5ce499a71efbb89,studenti.polito.it,-53.0,43.0,35460812.0,2069677,AP-AULA01-03,Student
9d11ee3f59a92a77d3ec7f0b61214b73d95becb58350c48808331003d87cbb08,7eb53a110aeee958cd54bc7782d242678598f400bfca1a927873ba0e07dd2d5f,studenti.polito.it,-80.0,14.0,59550.0,47727,AP-VALE-MOLLINO-02,Student
0a03173266b608c6ac4117f565f444c954631e42948be3e537896595bc4862d1,255c8c4cb221974aeb460519cb6ff746eb21c28ddaac380747f6c16fe7099b48,polito.it,-59.0,38.0,296777736.0,9837193,AP-RETTORATO-05,Staff
a27f614346f7cdf69c92e79074880f68fec2946cc3314179d4582627d829c84b,87a529ae8f258ecc74fb20921fd7f37972c5d7d3a3db49bc5b36e9910d168dbb,studenti.polito.it,-59.0,32.0,175745775.0,7753366,AP-AULA4I-02,Student
988427d711589f5cdd16f484e528882b2424a39008beba933d62c22ce2a70715,c73f9c170c3471f2e1b9a6be80a63027a7112fabc2d24d0075894d93eee1b716,studenti.polito.it,-92.0,4.0,131752566.0,8736721,AP-DIATI-1W-XP01-02,Student
5b0350995da5e64d6decae83ac990fda93dd419fc51c2eda5e032561943c9ed7,6a59fb6dd030c607b85b8191cff960d3afd6c1c6266e999bc4b41b9872dfecbc,polito.it,-44.0,50.0,94359667.0,12469266,AP-BCI-08,Staff
31e768c1c07a8f1e6525a2c7c9967fabb723b556c8b9334f656973c011f8faad,8069493d06be6fbe01855d4a72460a0b2078955e1d9fea085c860bc6e6cf0296,polito.it,-83.0,6.0,67138038.0,4820060,AP-CIT-DAUIN2-02,Staff
20f9c8ca695cb0f5a4e1980051c3de5acd38951340caec34c55acc361eebe41c,c335ada627aa5e1afd299c139ecc59daeab525af4c6cc07ae09d3e1775787e4b,polito.it,-76.0,17.0,21726043.0,2759462,AP-INTE02,Staff
1646571c22bc2fdc8cd6723619e9ba063529366ccfdd9989e2a45311694abb5a,b5f2537a1db0dbeefbdfe9b898574258be5e67d8f1249ba021518cddde9efa61,studenti.polito.it,-79.0,16.0,2628489.0,218347,AP-BCI-ST-10,Student
63fabc45f9c864ba9918e93c6f2781576d3917eee387f7629c8addd35900cc46,c4d721fe3a4b6e47027e008a5042bbb87f7ab471cde77d4cd93f32176e8a4c91,studenti.polito.it,-41.0,55.0,11247388.0,1507332,AP-AULA16-01,Student
5eaba95c79f82fb2c45c0a5de3aad9e0e9e1266ea61dca25d407b64b9b59fe48,0eeddf5f6aa05a5b7c0e907f050617cf4eb29fe469b1a19df412fa455411b488,studenti.polito.it,-62.0,31.0,71601041.0,3232865,AP-BCI-TZ-01,Student
a2cb2989e5d9c52a8f90de3eb5aa51aec3f35a82a9dbde4064e141d30c16fb79,e2d48c276ef30a341bcca0179308dda53cf451a800bb793891aa8844d101ca8f,studenti.polito.it,-67.0,28.0,0.0,0,AP-DITIC03,Student
27ff9b4fa8cfd21c43a046d8f56e9ff839806c0d79d8fef01c9abdc4ac6b3df2,f3518629731fcb0d695ae56b9a831738c6822e5dd0fd5ea9ce391e507e454a30,studenti.polito.it,-48.0,43.0,711656187.0,10692257,AP-LING-AULA300-1,Student
fc4f9d8c001aa0794f7124e316a145d931f7b0453dbd1391bf1e231abaaf524b,7fb811f8d0a3b446cbfa00a95ffce59863d845df9bf60219c6410a38111f30ce,polito.it,-62.0,25.0,276547317.0,19657555,AP-CALOS-01,Staff
179611d96b0628b9b2b6a49341c5f487b2720d99afb2b1604751a713374bea3e,648b97932ef82aed8e6b15c304d0c865596aba118b3c0e938dfb160ce496d763,studenti.polito.it,-57.0,30.0,6782119.0,2326907,AP-AULA8D-02,Student
64a9a2e0619b26e7216da8a5bd893c64d19ac2f398ec4b8d48f58ba7a72122ff,b5105cec940e7654e2e50be1bdd04929966aa9461b1f7a6a29709f0baed88adf,studenti.polito.it,-48.0,49.0,218759483.0,12121630,AP-AULA03-05,Student
f963203389e72daa5234cff0c8b383d0b79cdfb5fae3e4a601d2f046e4f7e899,001cf0ec0b95c2cf9c1b72821b4026769457372d22dda4c34c0c27db334fa494,studenti.polito.it,-52.0,40.0,1422381.0,793105,AP-SALASTUDIO4-02,Student
0063c8f216c418a411ea1ad04c16fe08acab6d0f60816d796b6ee3ac3bc65e4e,44e314d5d05d344933f041609ed46804b3dc5ee8f617d9e49796e32c66d42bf5,studenti.polito.it,-53.0,39.0,8938944.0,6519388,AP-LAIB3D-02,Student
6e495de3da87ba51973b4de53f7a6bdb2a772f51c8aaee5789f353fd04e21a48,e90457b0707c1bc5aaeb9d27057fe1f7d913d3bac8c118b5e85363ad3f665ef0,studenti.polito.it,-63.0,30.0,390101328.0,78720681,AP-LING-AULA209,Student
d12451c968eb02ab2de7464641d70a27e4b04f19efebd680ccd3e7dcc0e4945e,750d4cfd8aefc056353fedcb97d6727bb6ae399dc53cd31e151d71fd7b94ce95,studenti.polito.it,-60.0,34.0,25090150.0,3541483,AP-CIT-EXCELID,Student
4b1c2f9fbdde41e23b766d590039399efe51abcd870b119d2aadfdbd9ab4081c,d44f63d4c1d24da85d09624da63105da2b031621ec46fbe2d6354c531e26bd52,studenti.polito.it,-54.0,39.0,22487363.0,25803341,AP-AULA12-01,Student
5805ca3e52905622b644800e1df49a4d3c8f22c7fed6f36e5aed1a3f04b3bf1a,f84059830ce7201ee252830741ab0690572f311f83261c06924ea62f84d946f1,studenti.polito.it,-48.0,45.0,32114943.0,23079846,AP-AULA4C-01,Student
b59c9a07d450a1e12dcc68e5a8408e1bd0a47ca7bc84a3a17880b0ced3d0b0e6,08546087349414b1ba9db6e8e0fd4d6b5decbea33df778cd281754f3720b6f18,studenti.polito.it,-48.0,45.0,240370062.0,27903457,AP-AULA08-04,Student
a492f6663261d96699b3d95a8a10b1eb2e24dcc253c771682e0fca1238f3c8a2,c9f54966a99c8678fe31c3457547071c36b16d735331fb7ddfce78e6666f0040,studenti.polito.it,-55.0,40.0,29896214.0,1593816,AP-AULASTUDIO3-3,Student
5b6f5e2883c0ecfeeb8b8549d1969ff6c44cfb59c494d4f32a95f20ea630f8ce,ff0661a9839d89739d96da457d6c033e7b0674949857d9e38da70d046d628428,studenti.polito.it,-55.0,42.0,56251105.0,6426077,AP-BCI-ST-08,Student
bb5d3ae4fa3b93cf5dd4edad14af6bc015462c9e3a808335d148e895646d3a76,0c22bea404ddb865456c653c8ebc698cbd0c8a618f8a242b9298b1c6b421e549,studenti.polito.it,-56.0,35.0,71840824.0,3485008,AP-AULA4-01,Student
7ce01021070c3972363a9cd2a120ed36e02d0b5e765d16064c455c5521934bfb,4bee5b3f743f9157965b6d23fa6a2557e8792159e452ce52a7d590cf9af5aaad,studenti.polito.it,-40.0,52.0,64721684.0,16033774,AP-AULAR3B-03,Student
86494c396a66847b9b9fca85882795f6e45bb6d8108e93f833e55f28b230b272,35994e8982aadc4b78b2312eced3c6cb04313d3f7d36dbd3dd4f8d7f81ebdadd,studenti.polito.it,-51.0,41.0,325441248.0,3080380,AP-AULASTUDIOR2-01,Student
82297b2d0cd71cf9d2c21ea2a050a2ea37d32c7f3c4d30bb58a994b39ae97514,9950848ede8086bba042d1dd9e865ee744461ea7e60a3e6ea6fbcebceb26c79e,studenti.polito.it,-49.0,41.0,226052823.0,5662512,AP-LAIB1B,Student
079dd48d7b562bac7faf3432399bf65aeb0c9f471de73110716de6ca0a2ca9d3,33c6ce99d2f2cbbe07b9d41607f0c9e396f77571012c0d83975534fbccb2ae0c,studenti.polito.it,-52.0,40.0,123836358.0,23974146,AP-VALE-BCA-03,Student
b65adc9f56ddd10406f33c902f70b98406567664cd39f45bb2f65e61ac7dd42f,d77ddc8b3bad4ffecb6417d801c8a861fd28477ce640ae8a8256bb64fcddd094,studenti.polito.it,-57.0,37.0,45454.0,44173,AP-AULA03-03,Student
e22cf55a755e64052f0358500ffc0d9c2f328f7419a0a668930ded9ea8c1193d,05186c0f6b7e33d57a0be9bd0b748e5066ab8d2e28baff46dcaa7a555b738dba,studenti.polito.it,-44.0,48.0,426644179.0,23883307,AP-BCI-08,Student
6423bba4cb8ab08ba0c257e9fb20638c52ca96f63786f6e0ba3388fa8145a947,6066ff3eb4a48027ce6c34e648b637b8c4e4a097feb0c49ba5d4428ddbf71b6d,studenti.polito.it,-47.0,46.0,1442382312.0,615907196,AP-VALE-BCA-02,Student
131e4e328b0a967ea31cd2318c3f721f0f8e1cb4184a67566170ff6e44e990c6,fcb4f9c5031e0607447ce296a2d93043ff78e178ecd5b43a2feabf761cb4526c,studenti.polito.it,-40.0,50.0,24522653.0,7034556,AP-BCI-TZ-01,Student
6203e2ca295e8ec58e74c990cb7cb718ba5ca16a6a3873bf35421c69b40f0ada,956382170adcabd01c754e9e7db570d486f46a6e3fe772c7d9ff3153dd30e212,polito.it,-62.0,30.0,462341483.0,41006551,AP-DIMAT07,Staff
67da9e55dc13f2ec2e9b77bac322115585502fb9b666d539040c6689f3ecfae0,9b090fd37ad29a35e992248f02d3065d6669e21de321a636dc84e248d44984ce,studenti.polito.it,-52.0,41.0,10276713.0,1706933,AP-AULA3S-01,Student
7015387e3ba7d28eaf7ef58f01fedd9ea8164f4cf5757e2f4b4f24f082c962c1,a58b79591451fde0cd9fd377e205d7613c70cca6201da0aba6c12ad76d2acaa8,studenti.polito.it,-63.0,29.0,44805083.0,7332803,AP-CIT-DET2-03,Student
37d7eb403fbc58006a314942103d8db45fc80058010cdb64d4755781f8aa713f,c3fe4ac0b59f9abc55270d5552615f7e957fd7d5199206acf25f0c490596b865,polito.it,-49.0,41.0,13229089.0,2317948,AP-CIT-DAUIN2-02,Staff
e012b9623d8ffa4b7fb5be75b1a721465d5e3441d037c2cfaad7b06e1cb52712,df708e207c9071350ceda19c4ec5bad0d6ae69f70c84510531e0b4ec4492d049,studenti.polito.it,-67.0,8.0,0.0,0,AP-LING-RECEPTION,Student
3cf5ece6bd71c367c14f93be1af55dbd7483a7152e802287e0000142654eafb6,0b675a6c01b50a6a16de3f09f2169a41b40414ea813e4632d7ba015d793a4683,studenti.polito.it,-53.0,40.0,182213238.0,644617553,AP-AULA2VM-01,Student
624634a19e214b5b946342292e08c5f98af66d0fa43b33284870bc54ab7b33ca,28688c244c0c2a3c4cee406467594a899498f08f33ca1f00aeaa4a4e95d54f97,polito.it,-70.0,22.0,370592296.0,375228622,AP-DITIC07,Staff
5fd3c63af4c07e239232c0ab43e116ebc0c1817e6ab301fcbadebf5976d52ad1,c5834e916b54f9c37159b2e346db66d3df9995b7d628d7b2f5254a3abf7f74c6,polito.it,-70.0,29.0,1210805872.0,40640753,AP-LING-AULA202,Staff
699e995fa8c0cc13938203bb588637febc7688fee1be68a7db17e59afcba3d93,6890e2005506da7a9f6e07f14178a56b53dbf332c1b0152f7063983d6e293523,polito.it,-63.0,32.0,12560984.0,3012077,AP-DIFIS03,Staff
6d5c88d43e3ae352f5b029aebd2b5e5b515edf66da220c783380795f9e3c7e5c,aa8951ee266861f1a8dc66c00166834a36979f64c749d1432c63b1a7203d8368,studenti.polito.it,-41.0,49.0,294879558.0,19501198,AP-AULA3D-01,Student
3f1bc8c866acc11660ed73e760529cfef41748cc3a0ccfcea80fa71d7f2d7cdd,71e8196a7eefe82db70d9b1fc9215f87bddb380b21b30de7325e17f2ee65d1fe,studenti.polito.it,-51.0,36.0,82168739.0,5383418,AP-AULA4C-02,Student
714a4a1dcbbe2667a3da0af1b6cbeb4fe1014279b4e8d1733c80eba88b2a102d,119d605425dc3fbc028a551eabf0bed5e0f0830f335d73003346b8d7fab267ab,studenti.polito.it,-75.0,17.0,37670546.0,10599438,AP-DIMEC07,Student
1aec79c9b2170f9d2258318c5c0d85da640d1aaba4307db88fcef3f582723821,ce69cf04f5ac840a48121311d60fdfb59eb91610f4a90b54a95d7a482d4d74fc,studenti.polito.it,-56.0,36.0,14477089.0,10087738,AP-AULA4C-01,Student
98c4bc3a83db2c44df0fdca244e7177edd086ecab43fc9bb03d49106c75b84ad,439b4f362dfe185f04f443588d46e7aabcdc7f4dec0844364a369fcbfc005743,studenti.polito.it,-84.0,8.0,164315.0,135593,AP-MIXTO-04,Student
d25da5a9c999cf43887a16342cabb0c4713e6ce2d272e5dca681b3028c0f64b2,b0e6bb3d950e15ba88c8edfdaa682c1009e0b04fbe81a09dd9ab3a600790f1dd,studenti.polito.it,-54.0,41.0,3719085.0,2053560,AP-AULA2T-01,Student
a43746bbe8a8d0514c272b8f688bed2f40b4783a3227bf4a88e9b582c2c15df7,4bd018bf02a9661481075734f3634d45fba55f61563d40ea254e667d1a00b9c0,studenti.polito.it,-50.0,33.0,913554.0,541906,AP-MIXTO-04,Student
0f0c0cda16f5f82b5c547f8b1e00ad5e80bd36e4784ace93a18876f76f9c53f9,be934cd5f1c16197222674c7a95739feacc3641e3cc3358da6e298e74c0a7617,studenti.polito.it,-64.0,30.0,50585965.0,3534817,AP-AULA10I-02,Student
f16310196c8aa452ce73ec08e03111182f3a43aba06d30ce8efc182291ffb032,4d3b1e13807064bdcd237f37bb4f2be593025135b2728537bbf6ed8c8611a7e4,studenti.polito.it,-72.0,20.0,52750652.0,1533559,AP-DIFIS05,Student
dc5561359f300a6a3b47b44ce8001932bff7e427c4d59564bf26ae2599ab277d,80b973c2d6c3b9dd5de13f7fe7afc1c28f2957ce341f9df34531b57588ef4fa0,studenti.polito.it,-54.0,40.0,585599.0,489462,AP-LING-AULA208,Student
bc9f7aa3f0ea4ea71d187ef495f44d1e71dc0ccd8e687eca4e9e9875e65b5baa,ddc04817dfcd33d43650e618286fda01c12420456cd2c7f5d64789a7dfc27398,studenti.polito.it,-60.0,34.0,920684743.0,292156456,AP-LING-AULA301-2,Student
19fa3556b2c1aaa2828e269119ab289b693afc30631df2a72c412ce806f03d2b,0cfa33e88a052ce4816975381062bdf0aadfa2d63903fb76b31cc62c22dd694a,studenti.polito.it,-52.0,43.0,103512745.0,9939270,AP-VALE-AULA4V,Student
28ec0c53c2b101e556778f640cf541256efb35078c325e7bfe91cd1f374a50d6,7eb72f71c90e68ce0eeedc1cef5ac5332568522bd4b4b3f08e1dbf44a39ab6d9,studenti.polito.it,-58.0,37.0,23079600.0,2580873,AP-LING-AULA208,Student
66fa39c4ba229b58b2528e5f139436edde0fa10ba76a6ba10039efb7ad4fda03,2a2f75584170fa0e89a796f47afb9e769d2a357e0c54c7ded9270dc4d9f3333d,polito.it,-59.0,35.0,1275063.0,983155,AP-BCI-06,Staff
e7568d7be4557b01e83b7185f35d9e889724dcdfd16bbd2a8eb07065d3e168a9,1c4af3b1fb4b8ba21578afba8c24d5806c4616449142982b5512bd2e222a2f1e,studenti.polito.it,-72.0,20.0,71399977.0,15037941,AP-DISMIC25,Student
916db055e90a59c5d1ccf941ec3e7f2a0fc27200a6aacadedd62ccbd948a4f00,94171789b2e9ff3bf6183bdb554569370a00ea5be47706609ed2fd98c2adf04c,studenti.polito.it,-68.0,25.0,30284533.0,14688326,AP-CIT-DET2-02,Student
5868db702cd0c3333f655bbab1a2e698e93af85f2cf2177966a9daeb7dbb3f38,883b1bf100f8568c02b780d8baa26ff85787dde4a619eb308a1e8d47f4c5c087,studenti.polito.it,-47.0,48.0,27807966.0,6760781,AP-AULAR4-03,Student
acf396497128d6fb169d3816c1fd5d8fb7a502853eedd450af16e2084aaec0fa,926a110c231a7e6ee95438f0b9acaddd843dcae0a677fb0cae018e001a9b8d84,studenti.polito.it,-59.0,35.0,34203568.0,9876323,AP-AULA4M-01,Student
9eb9b626654ffd200f9557414fe5bcd123f132e45acf708c3c7cdbcafafc17a1,7306d41e3bbdd03e589252004c90bc6e17cfc3c95d615d3046ee93e3bc188e53,studenti.polito.it,-49.0,40.0,1159600360.0,21996309,AP-VALE-BCA-04,Student
8be2f1a4491bbc773157b2f9d484e658e1c7c16cc2f8b33ae73c8a20d88cd3cf,1d4900c878b73de66acecc750987473d3a586eaeac110768a0a65a01aae5821c,studenti.polito.it,-49.0,48.0,776037137.0,34805922,AP-ASSTUD01,Student
35cbb595baebc0aeba06de7ea6ed8adea4a4fa86408d0015e085b3113ea0a64f,c7028418bbaf6d8806aeb6c061d43967fb420f8aeda583c845f7e17e83a7807f,studenti.polito.it,-41.0,50.0,264338868.0,50637789,AP-LING-AULA203,Student
d9b35eb105174de6b37b27851eb232a79f81121c1a45f9e6f2d103659c92c74a,09e1155eac7b514b093f469f28dd5dc4eceb8769331e243a57b116a215d50980,studenti.polito.it,-53.0,24.0,39176146.0,47892283,AP-CIT-LABINF-01,Student
726704932a1bbfb51fdcc959ee72c5e5231effd084c6c8bbc7487d43ff0e5111,21e8da1af94afa0762db50d440a762bf6e99a05491ac9e464509e0ad3fd5da0a,studenti.polito.it,-55.0,39.0,31805931.0,3781318,AP-AULA6I-01,Student
587a1c161552275b61e58cad70b3d2efd9461151967ebf11d9c599a131775fa1,692b73c0b7086ec8688d44627c9ad9ae02650583f3c6e22c371378f1ab695959,studenti.polito.it,-60.0,33.0,801386.0,358754,AP-BCI-TZ-01,Student
afc9e141e90ad0fc4ec3fe1fb0b6c299e38dde89d75d634c1959234a61ba4b06,32a217b90a4323921f37f4b1d5d3ebca033d5bed6e2b5c832ca93be5d211c57b,studenti.polito.it,-43.0,49.0,3738446.0,2057661,AP-AULA11B-02,Student
985c5526d5263462073cede26d6e8b5372c5e98ea3254abf4524680c37472a96,036b13dc57252e29266a7c853aeff1c18037af9723cbcc22a14dfccac0fcab9e,studenti.polito.it,-64.0,25.0,8065616.0,2607754,APa0e0,Student
80d81ca8eb1237406eca6494727527dfd55d9a035257e4a9be6b954fb5b84c08,b30e1cca8778f96a58023bfd3a286fb67dcf9c557eacca630844ca7ac7fb9e96,studenti.polito.it,-54.0,39.0,208594694.0,14421193,AP-SETTE-AULA12AM,Student
3b278884251eb5e972a49774b4144ac2fa190ea8bd61a85a3500e68df522c379,48da6de7aa81a16bc2dfecd27ec294246f0cfb697bcf6bf48e8a602fa712d7b0,polito.it,-56.0,40.0,140718357.0,33367990,AP-TRENTO-TR1A-01,Staff
cd8119d2f28b7695344511b1a2ac9b7eabc59cd91455d17e77fae87dee305959,123419e16b7fb5a1765aa08751e0b8b5ab910ae5096440cc9034da8bec4ff055,studenti.polito.it,-58.0,37.0,16660.0,5920,AP-AULA6-01,Student
771acc1e101f24bea5b04f60539c0c18d404e2260c51a468c451d53ac07376a8,3e96131135bc5ec0128245142c665cf1df151a792b53df16833a6310fcda771b,studenti.unipr.it,-58.0,34.0,16245475.0,2453286,AP-INGCINEMA-01,External
229311f8837ef7c7bdbd277fb9dc83e83e86f57e990632c0598e6e2b350d0401,cffd7f28cf2d9572c7616d4b2d7ed5f24fd2c141eaffd2ab8d9b86b3a9f235c5,studenti.polito.it,-55.0,42.0,949376.0,790691,AP-AULA05-03,Student
aa5f1673334bd0dbe87156fb43d7ed1c243ae890f2ee679501f2426f0d49d715,b8dcb199378ecfcf18803b4a88b6eedcf1ff9702ac7c5c60c9d9d17fdd2a26e1,studenti.polito.it,-46.0,50.0,51278349.0,7865815,AP-AULA2-01,Student
6b22e798e767c51de79f72a026bd2cea09aa8a768425c92adae30f16c322e614,63519a4c7c25cc0cd14f8bd686d68ea972ffe3eea9079e03ac4d5e6726fab1d8,studenti.polito.it,-56.0,36.0,198647021.0,14452217,AP-SETTE-AULA07AM,Student
b8e1c45bdd72e9bd3c08f7bf7268aa2b0ccb6a49c42a1d4c5a1681baa2a45715,8f4d1ba481974f78f3b25f88c792054ccc8979b302a7a11ac8a5b65dcd85c44d,studenti.polito.it,-70.0,21.0,13406391.0,4770235,AP-DIMAT09,Student
03c6e931a24d606d6ae90dbf17317d1510c4c81744419ab13ea32b492202c205,,,,46.0,15414.0,2596,AP-AULA3P-04,Unknown
0ee704fe781c3b8ee86a8c7cbae6eecddbb7b92c9b1c62904a890a7d641051d2,2f7e6fcbb9e55422792f79bb64e62bafa3c86c2e10eeb06632d137154444a0b1,studenti.polito.it,-64.0,28.0,420546.0,42663,AP-AULA11I-02,Student
cffaf8d308f167aa15fbb92bd162f40752cc341c3eebfd89af4fb160029f11f2,89da04c5b4d3cc22c5d152bfd4734eb8adb42f47653ce45e156f7e201c2d7ace,studenti.polito.it,-80.0,13.0,447474.0,239468,AP-LING-AULA207,Student
f0b9df3f20837940921022e013c7a3a778db462bbb3cba1cfa86aba6042d21c3,812ee4adb9d03544ce0c5dc630302537aaedcd2743b9a51348cf72dc013d42e0,studenti.polito.it,-74.0,22.0,288410899.0,15834445,AP-CORTILE-05,Student
3a426706c034a4947db21669e44442c8257f7be6794be8202c8bdc7be477cc09,f67a79857205b43a17e6f6b2e5aa11a5763e314a90d74cdcb15eb308e4e640ee,polito.it,-73.0,24.0,37198003.0,5202932,AP-RETTORATO-01,Staff
28ded67e5ae52144263d96e199fb3c91e9c6e29f8314b01cd97782c7a4a3e06f,89a09d3ff96d10b863ef10be47757e9fe7e02acf6f72a667e331c46ffab60b65,studenti.polito.it,-53.0,43.0,125600497.0,5175040,AP-AULA4-04,Student
90ddcc75c7beb2c73a77297bb82876c91a41ad1ca1c7028d8dfea872b50fc351,9a45f096b5b0961953fcfe8f5fdf70dd2d709376bc9ee3c71d50e83d7851fdb6,studenti.polito.it,-80.0,13.0,54578348.0,6842249,AP-GESD2-03,Student
fb6fa209c22acb24449e67d48cbab005d2eaf6f9ce7588cf1e9558f40865ecd7,d37bdcc890560524f4d88816e848c4bb860b52566a92f659ca09306f4e945f5c,studenti.polito.it,-58.0,36.0,3088165.0,1416199,AP-AULA2I-01,Student
2e3434a5e477cd2124e4e2bd25b070a1eb3e66052618231755860034668cd1f1,a1cdc662fff4e1d94283c7e90b4c4515af944d9b2510c54dc1e744ab79edf703,studenti.polito.it,-63.0,31.0,177480406.0,9345538,AP-DELET01,Student
d84e4c8a9904969570a2da8ca2b2c493344f1e4be2b8642830c1ad188d34cdf1,0fef31fe1c5732e651ab9e6220badaa571896b1b944af816b72e17c39e67b74b,polito.it,-77.0,6.0,14543452.0,1066679,AP-AREAIT-2D-XP02-SAG,Staff
88ca96c60daacfe24e430cb348106863ead623f3d76b894175b35e187c2e6119,cb8f8656dd9359a5ab30ea916ae498d5a8ea0ef293508b7a3d61564665b7357f,polito.it,-62.0,30.0,830649.0,96768,AP-DISPEA06,Staff
a414185d11797c99bb246cd9872894616dcc3b7d31a8f24dbf5fc3ecce3dd71b,e51a4c2d862e231c7d46508a0a62590084e718a09e8c4087acee241dd5696a09,studenti.polito.it,-81.0,15.0,155459921.0,39562425,AP-LING-RECEPTION,Student
234e8a38fda253271ae9db8356cefe883c4a761ad0e22f327926b760d25859e4,d42ac8ccdf5effc5341ba551af65db48c80653f8f23cbab758037fb7b46dc51f,studenti.polito.it,-53.0,38.0,4309494.0,2234419,AP-BCI-08,Student
b30f160214cc9101aa1f32fb319b531680fd33ae6c8e99547079264a50df1b61,c1d44896384773b5f1be5a2f580107b2f37fa8a39833283e15b39f58053ceb87,studenti.polito.it,-67.0,28.0,9654335.0,72721421,AP-LING-AULA212,Student
5b0187862452d15dc5442aef3c829fe152ef14121ec65b1affbfc4ae6afc6747,20326acdd234abc5a8226abb86045f5d2c0696cd02549cbe4b61da1f2b264f42,studenti.polito.it,-57.0,35.0,821587.0,452460,AP-AULA12D-02,Student
f460c2bd38309944b9af70573a75838a9ff450ce97f2355beab75f13d93e8160,1b857a2756179a320a6cabcac4fd2eb8416f9ce94b5de622becf30ed32686c00,studenti.polito.it,-76.0,18.0,119274807.0,12514019,AP-LING-RECEPTION,Student
63c55cb3c78d78bffcaea88388f7386c4aa541593781641e46a9945da53b19cb,a20a380a8e57d5d2fb293e76a1fdf595fd2e88fe0f65b3404bbd7f43f145624b,studenti.polito.it,-50.0,43.0,5251208.0,24995877,AP-AULA4C-01,Student
9d9905cdb1be1676dddb7218ae08e0aea31adf2ae9e715af13896a86ef79eee9,8da613d68cf85d5662345471e742e611f5f19f0bb6593ddfd0fc30d04afdee0a,polito.guest,-59.0,37.0,118091036.0,19835943,AP-DIASP06,Guest
61abbb7292ccc09819f51ca75653fcf54bdbf94ec2c0cdf1deb1a254276e0a59,3f050586dc11667cfd5f0ea8891d7c18202477a6a02baef14eb09364a25a763f,studenti.polito.it,-56.0,35.0,47921908.0,5919232,AP-AULA6N-01,Student
22312d4492f64e3461fccf5031063a8543d35dc57ef5467b2371cba2331830b6,99a2c9fc1268c0fb18ecae7cd94f663625a6bb5301b70e082d2264cc79e7b7e4,polito.it,-67.0,20.0,201375940.0,35519301,AP-DITIC03,Staff
1da3ff6b15a087da00e3392c529e540478ffcf4a466dba0d7fa633090f164752,6c76ac0476a1e055e90ea6bbef8bbbde5a0767f89a71790eefad3a9d3ae4f4b3,studenti.polito.it,-49.0,42.0,34234428.0,31513420,AP-GESD1-03,Student
286b85c2acfbd1bbc5cded89a59f0d687461614abe8c55858706c38cc4acadd3,ba53c5c80180a18e8ca07f63d9f6c025dc6f2dff18e3695919ebaf8eb29288e0,polito.it,-50.0,44.0,188365414.0,36071237,AP-AULA11-01,Staff
fbdd46226d71cbb2cc246685729d034f50f681412039a0ee043699ac1f6f0c06,023e93ab919b6c6420d6792e35f3124e09e5b319f4e79e435b90d3158a786f90,studenti.polito.it,-63.0,28.0,2705723.0,405643,AP-CIT-DET2-01,Student
ed11c4758dd81d36c4aa5faa0cb554a8346314160168202264c046c72c5dd8cb,485b0f805d65cbdcdebabeb4a489b1ace66903cf4878a2ef17c068922ef5f052,studenti.polito.it,-70.0,23.0,6961729.0,1019024,AP-AULA10,Student
cfde30bc25b47f4b95d0baf0a69b84e20f078e3db067ed5428a5d26d022b64f3,987b59e56dac69f69453077c8e4ab647fd1e699b1a99b372d8def4a370db4702,studenti.polito.it,-43.0,49.0,19016225.0,37617352,AP-AULA27-04,Student
97ea24eae2287381cd30400a771e5ef84a7d1ab27c794413eb7ae9142a1aa2c8,a843e396654c8acf5bd72dfb82b6d975fda8efb39fb34d3462e71ac4fa1de273,studenti.polito.it,-59.0,36.0,265930848.0,3820859,AP-LING-AULA206,Student
67c90075d3cf2120cbb26ae76bb48091e26a343332bc2aa81f28aef59e0ec068,bc4060bd056ef1efa3967225f88fcb588a6f58b4f084a08bcea1357b748ab3b0,polito.it,-82.0,6.0,95607510.0,8755841,AP-RETTORATO-CDA,Staff
195c41776d7a7422306e13a35357fbbe82412b0e1d3565965922543cfcdb1cab,960591b63acb28f582f7c7aef3cae1a551011a8aabde707d2f168c864b9c5b70,studenti.polito.it,-58.0,29.0,1667441.0,188398,AP-AULA23-TM-01,Student
083735f97086292264affb6b45cd6b61a3b348cf6a70215604b79b0998744d0b,c34c8d08d1d8c4abd16460478c6491207351dfe7d4b4a17cc559cbdcbfd3d3cf,studenti.polito.it,-61.0,32.0,1938672.0,878981,AP-AULA2-04,Student
4f99131320b8a6b085fe6510ef0efc5edeaa299b2bc7b6489b8b63cb49daa614,197e8ae1570026ec5d25e3e1ae1c10587a7f93171f89003010393ee2700d5230,studenti.polito.it,-55.0,37.0,831653893.0,5873135382,AP-SETTE-AULA04AM-1,Student
0da0a5115c84f64dc02616ca2bfdc484372b1dd8fe264c022bf476c0d92415c2,03bc5a7fbb7a8e6b95b78ea8c9c46582f61dd4ded8cbad5210b8c4d414813291,studenti.polito.it,-58.0,34.0,454126654.0,13177688,AP-INGCINEMA-03,Student
bea1223b26de47bcb3206a28a8b32a485c9792ca9159a5edba4a9fc8d3a39cef,baa8968cbb8e887e94717f69342bd381b2423ba2f3427f59fd4b1bf23a60dfb2,studenti.polito.it,-56.0,38.0,12292986.0,273244,AP-AULA3P-02,Student
04894c298610aad1c63e638d07c5d1ca489a1caa1dda783a43c8580afc980e40,095c74c14d1250768d7b1094c77841ad76f9781e8e0ff75166050ad63a6ba1a3,studenti.polito.it,-44.0,49.0,131742634.0,8145546,AP-BCI-TZ-01,Student
7eb52b19a5199df952ca50e2690c0eecafae82f88daf86fc0e77e5f9bf588cd1,870fb03843fc900f1e4abe8b5fcddec5b9918d54408501aad3dfa200771e0d0d,studenti.polito.it,-88.0,7.0,135108079.0,3794855,AP-AULA10,Student
8f83744ca79ea781dd2c4c5f9b9653a41980ad8f1dd8cee26143952659ee06cf,40d3d06ba67b3aa51404b5c57d13e2e5a5ed703e0a19640745596a4cf95ace5d,studenti.polito.it,-51.0,40.0,7519691.0,164708224,AP-AULA27B-02,Student
b72cbb5030cc9c0a5b3c514e752248f8a563894d94b5e1bf96401a60c0378a68,0c996cd23b74b50b142c885a8f64a9d34102a313e8284e78297e734a800a6465,studenti.polito.it,-61.0,34.0,19076045.0,786664,AP-CORTILE-04,Student
e09bca0fe1dcd8087909bdee04255c1ab729dc3588581465670308a979ae232a,afd3935a529b7b79a90102e01fee27581c3464cbf6cc49b893a9246b75be47da,studenti.polito.it,-50.0,45.0,22072555.0,20705085,AP-AULA6-01,Student
34156885f6077acad101a6d917c79aa4e5aa16e76533f468f7464dcc442556bb,df75f72bad79ab106ae528ee46ce3900d68e43bd9e4bf04303d678c2f161187f,polito.it,-47.0,48.0,12785718.0,1627114,AP-SETTE-AULA14AM,Staff
83746807b2d1e7a347df808651d61caa18e31cff08942930af0eeb82bf04568a,a8c9fa6b0d87343be73da335b02925f1ca2944c27ef0bd503b121ea704fb1c9a,tuhh.de,-51.0,43.0,474137699.0,181326101,AP-ENERGY-EC1A-02,External
ed5f6a6becafad5e06da2290dbd7084237b4f45658405813ec5e66be1a61315f,8e37f2c7244d22073916d60d135ceda2e92af6268af9242e92929fc6f172b0d9,polito.it,-57.0,36.0,2807406.0,703223,AP-RETTORATO-02,Staff
ec5a3b01e2ba1133fad2496bc5e3c1c2c27d3c126db9948aa1c18bae84837376,1f328c9f25a010ef60e9c86af66d4dbfe237490ab8368899007a6b7706ed9d15,studenti.polito.it,-69.0,19.0,781453.0,388587,AP-LAIB2B-01,Student
a6f1fc4710be16c31d4a3b411d1de463b3e4806c717fab1c0793acb320108d56,c8fca5717941ed9b5fac6b816e12f9eb000e2441cb2b44e119c16e21bc1b176a,studenti.polito.it,-52.0,39.0,71740683.0,34522620,AP-AULA6-03,Student
46d1f17e986a216d7808233bd9fb87d77998885ac8fa96149abf70e3657eebc4,d44238c463a71f6b8d0fc85e9889623d6ab796b9a8983acdbc801b7a55f4df29,studenti.polito.it,-71.0,23.0,15117.0,15501,AP-ATRIOSCF-02,Student
0aeff3b481660aca9ffad8c6f035eb3500bd5cdd61979d51be5955c30e1ba4dd,d41be6ab32fe1d0e7c0ca6fe089001433915e27c36e091b55ecd6c077fc3e61f,studenti.polito.it,-50.0,44.0,5959676.0,28985190,AP-AULA19A-01,Student
de85bd860c71f1730f4e9a7b3458ad99149eed9bb349b62cc9cc9f2a60214395,bcd0e772a40461322f90de6b1067e86837885249d9be7bc4e1ae159659a1f73c,polito.it,-70.0,24.0,2955150.0,850008,AP-AULA2I-01,Staff
3f5af9eeef48345a3119b934f9744fa9d690f8c19b1eeefb0f4636c8dd8ee1e1,ff3a7864baea8fb8753b64a04e1a17971df9b68a4c016283df00d1beb0b11e5c,studenti.polito.it,-52.0,43.0,76898771.0,8066139,AP-AULA2-01,Student
6a810327d0ce58d95898cd809a367835330139508201998546d19e94cffef0ff,2aa0f67a4e2b383a054cc0b3353e52923eda2f87cc6b9a956e2960bdb6e43f46,uma.es,-59.0,38.0,10538496.0,1956869,AP-AULA5I-02,External
e34d7d8726b1c6efa46e9b5a00a780ea048e63e9c9b7daf53b5f17634c1151b5,a0e49370e3997dd0b33b0f93a6494f55aa0268005f2411a0b65d27e1a425ac86,studenti.polito.it,-58.0,35.0,3557771681.0,172647162,AP-AULA03-03,Student
33e539037ecb1743ba565c91e8a92d22f4f4c6f08f562ddf18a2678277088fc0,1bcabc345078b34d81c6a5b1666c9b65a9816abd123daf6615ffa04304e85d83,studenti.polito.it,-55.0,38.0,25413208.0,2403239,AP-AULA01-02,Student
921dbc3dbb476d4a6999a859c881e979f08a66843ad5b7f0ae3a20be28bedf6e,b5b781e1640b91ebd7e84a09f298c3ce6036f6412000aafd57174080eea9e057,studenti.polito.it,-55.0,42.0,11221999.0,1258900,AP-AULA01-05,Student
4a3c602eeb82e145dd566eff5b9ba56fe4ad08ad117512574afd68bc43f3a4a9,e209965b5d6da4ed6838df32d32f632a4ade835151b548368704e23a2db9c7ad,studenti.polito.it,-69.0,20.0,306350.0,1321544,AP-AULA6I-01,Student
eb68537a6fc7d8de8ad2d1d6fe01f65a2579833bf93bac815388ebfb84d2e21e,588d04451169036339e1a6bd68bba640dcb3fd608771610915ead0ad0fe542de,studenti.polito.it,-50.0,43.0,177091.0,126769,AP-SETTE-AULA14AM,Student
e1499cc6fdf8c4e7a6f1b9234b5200802d92ca7d072b4a2d7144d169539433cf,fc0350bc898e834d42ca05662e0a9e9d42b198a1dc73186a45090bf2cc085bdc,studenti.polito.it,-46.0,49.0,58843.0,54860,AP-AULA5D-01,Student
c0d4b1b0a85ad9992904968d9aecaa7f9388496eff5fd4d2feb203c1c3db6ab1,790f6d95e1870567b0d2539f2ab0c85caed2c57375c72e2c939ba202b2d06a8a,studenti.polito.it,-82.0,7.0,815373.0,402624,AP-RETTORATO-CDA,Student
dae26e3bcd489c30af18705ff3f7a2b5fc2d1b5cffbf8dedcc10118aa8a4df43,e298834d9d013d191c3e6f966700e5a525ddbac9c4a98b70ad44fc488a2e5149,studenti.polito.it,-55.0,38.0,15723511.0,909199,AP-AULA01-05,Student
42bd785d66a54bf76b8c45241375d499cf7b89c9154cb12eec7e98a2d94c49e6,44898a4da567eb9e671f3124b361b75ba39796b880a5914d8bbce3913001aabb,inp-toulouse.fr,-64.0,30.0,3517426.0,1232434,AP-LADISPE-01,External
1afbd3aba4916a471fbd9f93f326e50fb6ab246be7a489d77fb8487b52e794db,7b9ac5b74e5adae758924ce8feef75dee02fd86a0cd62d52d6d9d2bf0e0d3f06,studenti.polito.it,-61.0,32.0,13113763.0,2648564,AP-CIT-DET3-03,Student
4b2ad78042ebadb48444c0f4aeb2a33cac118e2c7e7119194357ff0daf1a4a49,7d6c7f3aca548822ee583e2bc236778f792a84cdf12c3250ed85f1131d077061,polito.it,-84.0,10.0,47057774.0,6007181,AP-BARDENISE-1E-01,Staff
4112191b29db27c8bece49dcac29f96b7da3817c179b94f61aed3d2fe8b3c965,3c76d0e9e9be1861cfcbe1b8b87f87b2a967fa04a22a8458a5d4ffc3ed64ad7c,studenti.polito.it,-61.0,32.0,490818.0,237617,AP-CIT-DET2-03,Student
8175ad08070f6ae09833de331d0d828ae0a087fb8efcb2d28ebe1afb6e81ee9d,5c380645924df3bef28040bf10f805c3590b781ba9695a7f8c681257779919fe,studenti.polito.it,-62.0,32.0,394141021.0,17682703,AP-AULA12-01,Student
6bab29e9a6da6e72eb3729b2b05aba9f0e65e098731867a3479fcb9cf1a688dc,,,,27.0,8901.0,834,AP-DAUIN04,Unknown
3b0e7e2f98e7b13493a7a82b051a7966d49c8ba83d3e1d84ec9f7a794383b65f,fedba2457a18a99bf9ad8b4573e668ff68a73d42bd865c90d2d469ee01c3a4ad,studenti.polito.it,-52.0,41.0,58674545.0,13148807,AP-SALASTUDIO4-01,Student
026ef2cc1f88a58b3bf48f99868c673006178b3a7005509c908e47bf40967425,027b20d1552b6abf044393c3faebcd981b52755a6a0f41476e80b0ccf6504a57,studenti.polito.it,-61.0,34.0,2529764.0,4033421,AP-AULA3P-03,Student
e2b66baaa59aba5ed21d34d006b932a23c0dca6b82961f9df1c9983997080a49,2cb2520d92cb6e0fc076ca77e17f9dd8de6c6dd371c1dc9aabf8f89386170bac,studenti.polito.it,-53.0,41.0,1707568.0,13144185,AP-AULA3S-03,Student
e2f9ac8cb63bb91d5e0ba1b6e558ed3933e9be6ea3fbaddf1723886437270055,5a1fc3f452c86eeb1eda4de5de4a4268920cca24adcfeaa4040722dbb9bb3903,studenti.polito.it,-52.0,43.0,104519961.0,10176512,AP-AULA05-03,Student
f93c8ab5f53778bca33a36e16c81c357bc771bb80b6541762b257095666f6eb0,7f310e29e8992e8cc6c78bf9cc318ae4fb27616f3993d5a92e7b75b59cd36b23,studenti.polito.it,-44.0,49.0,93295427.0,4913961,AP-AULASTUDIO3-2,Student
adcecab5af27ad2fd513c327a892900a93e5cf30c12e192a38b08f9fd00d7b5d,8761bd9ae9fc2415bbb11e4592aa8ef87e23f34555c976ceefbdac1c7661d18b,studenti.polito.it,-57.0,34.0,1691177.0,504769,AP-AULA5S-01,Student
5d0016f9adf29e77f475cf299c0ce97eed69faa17f6bfdf037dd0ff0e4d68e93,da4d12a5b3f0b6ae78ab4e01ed28455da2895287bb4dd5afba39717dd99e981c,studenti.polito.it,-59.0,35.0,8835.0,2938,AP-SETTE-BAR,Student
c6a7dfddbcd93cf3a5f01311e32f9b122775db95c9cb492ec6b9a1f86e0b73f9,f0a0222d6df1be8fbae5233f20b201e4b5238c554fcb6d6f9bde111e5a24e439,studenti.polito.it,-50.0,45.0,20360328.0,2686294,AP-AULA05-03,Student
d2fde7e05bca926d722cc0989fd8e117e3049ed884d8ef9f96991ce1306e5786,c1afa03b56291c620d4198eff9b949ed27d02864567cd7411be4caf546397b6a,studenti.polito.it,-67.0,27.0,145909841.0,11793372,AP-ASSTUD01,Student
a72167cd46e3f646951ee4a2bf27b391ad6f8e5ca9c67e83deb51019d9be41a9,7b32edca8a5403ed8143acdbdb5661a1def0a87cf1f68e76ed8ea2220a460f00,studenti.polito.it,-61.0,29.0,20429762.0,3145445,AP-AULA9S-01,Student
883eb1e642e6893a940294ba5a2722624b8e9cf8198041ced448fee92b442265,9d2c4d4e9cfa427ec297b7d8fbee7c7f91d6c3172411b14667fa7dbc3f66ff3e,studenti.polito.it,-72.0,23.0,118129.0,86284,AP-CIT-DET2-03,Student
c131e2ae62e683497e888f64790423c27c5eef258740b285c064411b5842cc25,5b7e95d3bf389fb146b8a2950de75f0ecf2c6741d6a3c91161b4d13c2c929de2,studenti.polito.it,-56.0,39.0,446616.0,208046,AP-AULA27-03,Student
92f92d2674b86aec668e050550ac6de3c2f4645abb600032f5ed2f6d69da2d16,9b5c355fd656b4c6246565e3b55ece818dad6fc0e24ce1eac0495a2a741c51ad,studenti.polito.it,-49.0,44.0,976045127.0,22357785,AP-SETTE-SALASTUDIOA,Student
09101428b5bf6951d8ded95bd09ac2f25f19da9f4b72b775b0862a89dc8889b2,294fd8216642089f2d0820c599705c4409436d4008bb62dc0857036e01a6ed2c,unizar.es,-58.0,32.0,373543969.0,17062625,AP-SETTE-SALASTUDIOE,External
7ee6a1f367fe80f1db5745b919f060188bc2a90ae91322ed9bdff8e9a3f0a4c2,19cef6957159bafd91d18a05412c557ea0fa18b220fdad5cd8c390fad795a3d4,studenti.polito.it,-41.0,51.0,461225.0,409357,AP-BCI-TZ-01,Student
5e092fe9cd69c6aa05baecb62a0d3e965a376895d33c976f0f298b1319e02fb5,84d49e7a679b1d47515f84033df9318258344f25f12e496f184421812475a234,studenti.polito.it,-42.0,50.0,776798304.0,11259204,AP-GESD2-05,Student
0b2761c8dc87c7e21903f11f46c74f55453f6d8ded12a03e6b5b5ae3abc5f9a9,232c81d2f58c2bdddb1000c722782962ee28b6c49588028f950fd136fc01914c,studenti.polito.it,-51.0,43.0,656648.0,2998137,AP-AULA1I-03,Student
248efc837b250516ad6bc35b1ee9e143abcd44ef2b6e17574297a346be54ce5d,741e4f2bd73081ffdaa6076669a964fef05db05922d8b09a94db31abaab6ece7,studenti.polito.it,-63.0,33.0,1188449976.0,27707405,AP-BCI-ST-10,Student
54a2374a321f6e8b5547622f943ac463193e59a761cc828695efd7de95f4cf96,eee829894012c2261a17fe49baa986c819224bcdc1da9781b7c4d6f4933d8c15,studenti.polito.it,-71.0,16.0,7916458.0,598429,AP-DITAG01,Student
e983d2e5ca6215ec99a081b250624f361f690cd1de82cee82acd293dd8d8d426,d7718da1d994329a6ee3a4a175852f76e8fef6c4b95b282f854fc87dd787179b,edu.unito.it,-61.0,32.0,3354104539.0,185022621,AP-AULASTUDIO3-1,External
fd41d638d2d6cce6ef8718e320abd23da54a6a0b1a7635ca1b6b9083b81134b4,6df11f8837f3f146c63721b10204fa1f54cd53544c26c2ab0038ad46117c5476,studenti.polito.it,-71.0,19.0,274590193.0,90715020,AP-LING-AULA207,Student
d3ede708fde9f2d8a7a90398ff44531ce5cb61eace811860b03d941ce9fe52cd,8f604492368550ae86ed8895d492c11294c9058ffc811b4a30ab16953177b744,studenti.polito.it,-56.0,34.0,13968263.0,2451412,AP-AULA05-02,Student
68632fcdb540d19af5dd147eaf9d8e76c40e14b6a26904f4a59a19bbc132080f,cc61b92c47ef8740b6ae633c8d49686b5cccd335fb02509f203b668a37cb9438,studenti.polito.it,-53.0,24.0,10294528.0,3450872,AP-BCI-ST-10,Student
6b9629fea2d5a90f5ba8c2849d4ecbd67e0d0083e5d61259386d852f602a8716,3e1ab7168d1135354b3283b12ee9956acbed56c9efc601e1a304e43d90e1ea62,studenti.polito.it,-46.0,48.0,11813604.0,1416828,AP-BCI-ST-09,Student
20b7e2515e1c876f2d61720664deb54060771dbdba4a2e4c9715625e1bbb081b,9bc77fd7a89cc68c580b693fd3bb94452df63efb24ec69b264c8d4ff881f6787,studenti.polito.it,-69.0,21.0,310479394.0,23665580,AP-CIT-DET3-03,Student
d71cfcff402106b76e9b5c9b1ec2863565d9beb38c614d14b8e183f60836b29e,87c6cdd89a8b65e12e3d28b388a4c0e37af17dd36b19a7218ab9316795d9540a,studenti.polito.it,-54.0,37.0,579603681.0,17382232,AP-BCI-08,Student
de41363be8b38f4cbf775434909eb095d3ee421f5f8c11038e198fbb20d9049f,358457bc7d438c274f474a45f121ecbec9249549333f7a9055fc061bd349dcc6,studenti.polito.it,-65.0,27.0,11015621.0,1239659,AP-AULA5I-03,Student
0310a61ab01fb7cc671809e60a0cc65c5fdd7dbcbc76776750286d6e735b68ed,68cd8b168d715fb012e2e7cfeb1c464cfac01bccfae5751267bf8f778e875847,studenti.polito.it,-56.0,35.0,90999963.0,33379080,AP-BOGGIO-SALASTUDIO-0,Student
16dad0ce32f0f226cafc79b56bdde1d59cefae4f8394a44cbfc362713dcb7644,04914a71e5df6f361f9e197b308418683a3742a58473ef95224b8ad411b7f265,studenti.polito.it,-72.0,17.0,181654980.0,47112226,AP-LING-AULA207,Student
16244a22d11e5e11108d74c3e4614163f2a5b78f5397e8887d0fc9a71126be41,3927ad80a2c45153b2efe7a5d41eb75c14037dcfd39c9747958e67efe8ef5cd3,studenti.polito.it,-51.0,49.0,111312708.0,74586197,AP-BCI-ST-09,Student
2fc8fb7e95700823863e3f938a0aca3399a28126e8d0be90c4464803bca790c8,aeda66aeb770d0b980a2faca088b527fc8f336b2cb76c7e30b0f2d914ac7cc33,studenti.polito.it,-59.0,36.0,109164555.0,3535133,AP-BCI-ST-09,Student
c3c480a46e514fdb40981b3cb8eff6b12a8ed7a5e744b7f8cdf964953af5f1a3,46fc7a7dad172f6bf361142703d3a83b2e92fdde7ce8d25a5567e42564c695b2,polito.it,-64.0,32.0,23471987.0,6109121,AP-DISPEA08,Staff
1103ee0bc49d3652f5bd50c69519abdfce9937b9b05350a21d16a85f5039d21f,005365a15b1402114b444535b0750b21445eea89b0c6c33e2a1c362a993f6dc5,studenti.polito.it,-54.0,39.0,45445766.0,18738436,AP-LING-AULA206,Student
e853169fb45780a0ec3587c347ceb7a587a8e2f785992e7878d8f3dca0f52607,86e417395cb679fa5285eaa37b01840afbc07d9cff2393539bcb92563ee36d2a,studenti.polito.it,-52.0,44.0,353237837.0,15587907,AP-BCI-ST-09,Student
9eb7f1b41b76628e9754bc49635cb24b9d151e317af9dde2dafebe9249e8864d,99f3c7de98af93d2fdf8b7ad9a93cf925c8950f0de025a38efb67bb7d7a62e50,studenti.polito.it,-54.0,42.0,5145981.0,106805742,AP-LING-AULA205,Student
5659f55bbd0d9190c08b8c2742f83bdbdeb9b68f0daf3102fd1cd6b37c5a9622,1ab7edbbab3f36bf4039ac4ac34ffddb0261da8587677e5f7197b4b4b236665c,studenti.polito.it,-49.0,43.0,2339575117.0,9759501,AP-AULASTUDIO3-1,Student
dd47195f44df9bdf24541c839fdb662f3ff2318a5d5adae3c6969f064c2b2360,077816dbd606718913b2d1a4901f2b2e1d33bd2a8e38d50b98578a9fd0c51512,studenti.polito.it,-56.0,37.0,1239496.0,1131061,AP-LAIB3D-02,Student
937c047f1d5d47f93622796f1cdc950f97b29bd8ca4b2a46573273cfb889cb69,c1b9c89a593ead863e7e424baf2c37fdbac51a584723866732e3db6d5f204d29,polito.it,-46.0,48.0,1075492109.0,61924565,AP-AULASTUDIOR1-02,Staff
ecd82ab12919599d539739fe81b7984100fbc1377cd968a25ce303971a2670b8,c29b4812fac8b51c104a09667ee4cb3a473258614f7a335ee440e0ad8e249167,studenti.polito.it,-48.0,42.0,37227020.0,27443982,AP-BCI-TZ-01,Student
d22fea2325308a8ccdf60f62b482b6dc23ab8caad97f41c68756da68faa61fce,b6e42a00160b998bd1aaab89ef22d8a4ee5b0896fafb8c549c30316dc85625a1,studenti.polito.it,-56.0,37.0,107149048.0,13262601,AP-COV-C3A-XP03-13,Student
eee9c0a81a61390ef35d9641c3c96fe0e41fb0f76f526b1b73cb061221c299de,5b90ec461879265fe210959f493b3f8682b5b3b07b62d40c028faf92adac9fbf,polito.it,-63.0,29.0,14055851.0,2156845,AP-AULA2I-02,Staff
0192a6c24b7cb4e602ab865ecea03f7960747ad44bc8608dea4554662c646703,a6e84d953028ea31a058fc93e20e3f829cfa83ed5ed483382535e3ae6c782a76,polito.it,-67.0,26.0,2289837108.0,1258929554,AP-DISTR08,Staff
8301ac4b059f840756251082d593e43312d646ff372ed2efb429d055b2edff83,5ae656db32771532a7478ddd8a9db2ad1351f398cce89e9fdb8caab4659352c6,studenti.polito.it,-63.0,30.0,561754.0,413903,AP-CIT-DET2-02,Student
b5951fb51bf37c8f80ee8b6af43325725f997ce12d9c0a4b4c95710afdf9f18a,024997a9dab33644af05a0a1f2d33abf628bef20daedbab705e4d9e62630016a,studenti.polito.it,-55.0,36.0,334918730.0,32827457,AP-AULASTUDIO3-3,Student
9c9baecfeda203783905900289ebfe1020d4e049370092bbcad5605513386b84,a8c9fa6b0d87343be73da335b02925f1ca2944c27ef0bd503b121ea704fb1c9a,tuhh.de,-53.0,40.0,3878792440.0,638522550,AP-ENERGY-EC1A-02,External
c2758e37afe39badb01f29ad53af71517b17a33ce169b1514c722bddbc7881b5,67003d7845b08c22dfa5b2775099101f304f2e1985da795928f76c1766172e39,studenti.polito.it,-53.0,37.0,545343616.0,22005957,AP-VALE-BCA-04,Student
18445ebc440148b55017eaee00b5cf46ad1b97144a172332dcf08f22c63d4562,65a40dcc03d497aeec36dff2583d4165909198387222c0ea628cd060809dc5d7,studenti.polito.it,-49.0,43.0,110411942.0,3270732,AP-VALE-BCA-ST-02,Student
dfac519bece57e10cac67223274ee06e187c0c56c8015e5be8cbc56550f12128,1f67ab1455fdac48646044a3ed1912c149a4d28705b647b936790fe4f676d778,studenti.polito.it,-46.0,40.0,141707.0,88814,AP-CIT-DAUIN2-02,Student
ce165381417d274254194a2fdbe20385a6e538e32f4e6f7b13d8e26a21218f4d,d188c9be54fb244e44e27dfa214a8c11d8afc7c3310c64fa8d5ad2285fe28a6e,studenti.polito.it,-49.0,19.0,42387764.0,37973741,AP-AULA13-03,Student
b4602e62114cf7240f7cc3b009ab61847109e81775bd8ea50a731fb51ac4454b,91f85c6c9f215ead976108cffe1e2552a2bd885ac4f2adf28583629adde474ed,studenti.polito.it,-52.0,45.0,3053191.0,1756594,AP-AULA4-03,Student
2d22bdeb642decd62cbb28f05dcb2cc44377e7e0fda7d028f8472c165e89959f,78133ef177484f5c858a8a6b4559c56f917c34c330c391f8a5080173434bb457,studenti.polito.it,-56.0,28.0,13275954.0,3935913,AP-COV-C3B-XP03-07,Student
7e25a3b6376466fc55eec3d2861076298b28e86d0ba05898723ea59b0548d3e9,c749296972d83f4b2fb06124e9fc4198026cb95737868679e1efbb15103946da,studenti.polito.it,-52.0,25.0,1236008.0,736785,AP-CIT-LABINF-01,Student
343726b0d1d33edbfeb175f2e33cece7eb009dc124b75d27bdb60d2f3f6f93d9,ab524e1ec95e89b557729945defd47f89bfae8df0f66436330e7f7feb0b38657,studenti.polito.it,-40.0,54.0,371775900.0,10218932,AP-LING-AULA206,Student
1f7d01adc06f757346d5a07229073a321bc631b716eac99cfa4f1cbfd3fa6223,a028712e0f485f559e59f959b2a2830ab0398ba3a0f3a0bc9741dd9769bdfd9b,studenti.polito.it,-62.0,30.0,52408720.0,41563539,AP-INGCINEMA-03,Student
f50106bf6794ce42a91647c9abcce0e711c5da94a775f88f5ea1db7b9b0c0aab,073918f1dfaa9f70e8a731f9a36285dae1cd1c7027e22d305b484829149c4ba4,polito.it,-69.0,23.0,689255.0,401876,AP-DISMIC21,Staff
b8bdd41500d896cf4b6bcddd7ea84249cc6790fd5e544fe2f8147efcdde722b6,8eccb7c519a38116ac1ec01d1e001de92806a1a79347b509cd8e4df2194995c3,polito.it,-56.0,40.0,131429256.0,37469130,AP-DIMEC08,Staff
618c863733f5b5a8d5d0a8a8cca5abef6b0d0893f89af3aba81fa38398a1dd5b,c77e5d5326443b465278fcf517a2c77b2f09d1e5693dbae1f2e1d205dda8efff,polito.it,-56.0,40.0,1240252758.0,848691125,AP-VALE-DIST-06,Staff
5a9c0e457b2dd445eeb1eeb276f421c0e653770c2a18cc483cd1c13b306278ee,97701c583316b4265565ce768ad47cf126911b13c308e8c2f427015ba58446ff,studenti.polito.it,-77.0,16.0,279107091.0,9802588,AP-LING-AULA300-2,Student
468f88f106db3937abe9f5d83d19c2ce48215ae19234dc67419be9e2369cf2dd,47c61385c1d0a97d75de8c3697f003eedbba08db1f05346d0e71e15212371e88,studenti.polito.it,-48.0,45.0,447635201.0,30820969,AP-LING-AULA203,Student
819e0a11c391e96accbd1c0e43c9a78b925c528dcfead7ce5f4e534c34bb7e13,8a6f104d118a2c99e952d994840c92f0deae366e73eae3bb4500aceff732ed67,polito.it,-75.0,13.0,51932984.0,23663067,AP-DIATI0-01,Staff
9c2fc87c2afad7517a6cd01fe61ac6b9186a1c10898b903c8d45f8dce04de6b8,29835d1c7eb6506efcb0820d58e9f65f0742b78b9041fc376ac4b98de577db5b,studenti.polito.it,-47.0,45.0,555165741.0,5259294,AP-AULASTUDIOR2-02,Student
3e244bf9b67a3a619dd5d63f79968968903788f226e273c4f022d21f90716162,77128dc695092e68fa31995c3bca49bbd3a45a3c93d1c9ea827257522200b439,studenti.polito.it,-54.0,41.0,15210062.0,3405765,AP-AULAR3-04,Student
1fb2b7881949bd811676c079ae800ef28af36ab11649fe26c844cd654e13c86d,742e5d12e775f607f2fb7cc9935d1bdb0e9f382752775b2edf7d2a019f168784,studenti.polito.it,-54.0,37.0,774761796.0,9486997,AP-SALASTUDIO4-02,Student
03294b2156c75bba91a91df44be400b71a79d1ccd15f73b5e9cf822c28490086,a09f1a8ad1191916b8e645b583674591ed9731ceb3b8d7d83b76eee21c248102,studenti.polito.it,-59.0,34.0,16179564.0,3810357,AP-INGCINEMA-02,Student
de16253482a5ca68059d9a643557b063a2f304b9020e5daf4ca9e38c971265ef,4847e2af2dc15fff9fb7e8e5837342248830c888c8777e221144e000ef89f2bd,studenti.polito.it,-52.0,41.0,118577643.0,5536004,AP-AULASTUDIOR1-02,Student
a26497a2fdd1146603607fc670736b41a25f9a309365b18515113b4155f230e5,7b2d2b1fa79c1fb77f68aa1c91f07d34df7e8e3861f14c8b8ba66ece4ece94bc,studenti.polito.it,-76.0,16.0,73879884.0,16865033,AP-LING-AULA300-1,Student
ca61893545fa42d1a3d1f58f599d4b178448afd23b147d3fad341c3567e7881d,88053a84de938cf1e5d052675098245c0222576fd780c71f4fdd21215bda7843,studenti.polito.it,-54.0,39.0,88214427.0,12632846,AP-VALE-BCA-03,Student
9d78aed5933cfdc6313f0ca30123afb301fa112e666421312fa380536e78f3b5,e3f7d2aaa8695cd69b82a0296bf47cf05794466f680761414fcd4f6d0c26a715,studenti.polito.it,-59.0,33.0,275589976.0,14215407,AP-LING-AULA309,Student
aa7b7801ab2ced67b12f898e9a2aace6d47774c562785552e81feaf8ce3d9a97,55998b776d54eefd612fadeca0c316201467557bf29fd44f30aecf8133fbc393,studenti.polito.it,-61.0,32.0,133200852.0,931412,AP-INGCINEMA-02,Student
ac2e9c91ae5dc89494f3c0a7c59de07937db541b6390c6442e140e41e945a869,190a4f58733b93709f07e4dc85502de4046baad50d929daa1868569ba62e009b,studenti.polito.it,-50.0,44.0,3743528.0,988461,AP-LING-AULA205,Student
75f066ce8f8356535fb2e360b010f8ce2e4bfaa3040819ec93e6e198cfe991e0,de5bcb7d1b62fa5cb669cbf770f0d28b518438676751da281089f9b679ab243d,studenti.polito.it,-42.0,49.0,61556.0,52415,AP-MIXTO-02,Student
c9b76e12545d7783d454bfb857a41e0520846c7d6834c358a8615e92e126e122,12a81ff4250a67f01810348c0550552163f133e6c41ad1592d04847e6a861d3f,polito.it,-55.0,37.0,15950620.0,1633907,AP-CORPOZ-09,Staff
0fee4d3ed10e87fa637fc6155d6863b3987098801a9ae73dc219a05bd63fc76e,0cedaa41c1dba0a93ca15c6872639eba0a4329d031aae669f77f9d589c13e738,polito.it,-47.0,44.0,314832765.0,12694964,AP-GESD1-01,Staff
a0a86c05e61c52f4d9ecf4456df443b03a4cae30e7f4d14144a7d73148e12c56,465cc3b0f2732fe27f73eb0ef5dc758897e9d11d9d069c78daf638e6049d8dfa,studenti.polito.it,-47.0,45.0,4754410.0,1549914,AP-LAB-ANGLESIO-04,Student
82d507db36e7d98d2c689279a503d39c3e644f97946a43cc8e4d0adea655a2c0,57fc5584c948c1db28ee872c3569f0265652d09312a31d3e8793bea42393169f,studenti.polito.it,-53.0,37.0,59362793.0,12631221,AP-AULA11B-02,Student
bc694a83b48884a81e71f41efc06792929402b9d4972a793b9a7ce88261ce0cb,5a596aa3275844f6fa559ff29adc5399288b8a92063d074a2b339406f9c73a26,studenti.polito.it,-45.0,41.0,0.0,5541027,AP-AULA15A-02,Student
74e5ff1d52c1521b1b9803b67fd31fcb31884401812cdefc95f22ae9bf5570a9,88ee2fefcd6bf8e437fdc11b2bed0cd6e6aadfb5e62e5cc9e16302bc14b56caa,studenti.polito.it,-56.0,36.0,97230869.0,5452494,AP-AULA4I-01,Student
ed1da00a144fd6b9966b98b6a74254a6fbaa6d7f63bdbf6b960f98c7af1528ab,67f204c0a32cfb25958543b0330ace71bb4805fa38898fdfb13862ae8905bc3d,studenti.polito.it,-47.0,48.0,39187088.0,1438056,AP-AULAR1-03,Student
9c435b3aecfe781ce420dc20f9d0713a01c7baf6d429bf42d75cd5fc17f700fd,1305b37e6c590993ce9e52653d7f95addaca29e6a9e0a701512511059c3d26e7,studenti.polito.it,-47.0,46.0,6869594.0,9306099,AP-MIXTO-01,Student
03497dfac7e7bfa4d86f2efe79999b03456b6ef7935586d06568e029863bef8d,c8fca5717941ed9b5fac6b816e12f9eb000e2441cb2b44e119c16e21bc1b176a,studenti.polito.it,-47.0,44.0,100272548.0,23227800,AP-AULA6-03,Student
ba2e8ad6c324076eb596bcdc42a7e2181dbbc58bd4a6dfcb56846cbc53c469dc,cbd27c54fb0b793b907d29f18f871f7af9d5929358ed95606e62e6bff66d1fda,polito.it,-76.0,20.0,355192.0,349604,AP-DET2-2H-2P-ACQUARIO,Staff
b11801cd9f12db19344fa299d13822aa781c9eeeb819c83e25e747e85c795381,b145703c10843b2099fdc5e8d3add90eef528a67efa3d3abb1c66f6f28799bda,polito.it,-66.0,28.0,107363451.0,19264590,AP-AREAIT-2C-XP02-01,Staff
df0deabd189197d2ca5e11ca92415b5635a18cfad2f92f3c23b553254096bbe7,d111a08bd2bc7e8f72e63c624dd97280c939826d55a46ed4d671a52e1170041b,studenti.polito.it,-58.0,35.0,12340065.0,4991506,AP-CIT-DET3-02,Student
8f6fe08b8322b25b97a7dc849d3ac33658e39b96c1bf83ffa7a25400506b1a96,71e8196a7eefe82db70d9b1fc9215f87bddb380b21b30de7325e17f2ee65d1fe,studenti.polito.it,-51.0,41.0,2254734.0,3707063,AP-AULA4C-01,Student
fd6a4b8b5ee8c18ecde213145b89cd81f4c869bec67087629bf49c9fa160e5a9,e2d24422851b0bbffe243f38c5d66cc451dfeb6e31177cd2f1d71a7013c7cf25,studenti.polito.it,-46.0,43.0,9201161.0,2157036,AP-AULA19A-02,Student
3499170135a7efde66ad587c7eeef7d853815f467767f0464bb1a87a8fcbc3aa,34041ee85020483d8bc1159ed76db26d90038e16920cf1b1268b999b395a6632,studenti.polito.it,-48.0,44.0,625446250.0,17473852,AP-GESD2-03,Student
784fa7c060ce445408269c6d4ef4eac171bd3832044c00fba0488ba76c954034,dca7b2d5c8b654a4b06e4ea405e822059dd7e453d6d055ccaf962924b5b245be,studenti.polito.it,-49.0,44.0,320301375.0,10507477,AP-VALE-AULA8V-01,Student
88ae239b1660769ce02ebd1a02a6172fd1cd64824dd89c193a7a025a72852a96,6bbafc7ec452301e84e7e320a89574b76e28f3620885b505684c3f7d4e716f5f,studenti.polito.it,-75.0,14.0,202505639.0,10935399,AP-FRONTE-AULA12,Student
5283501f689928720deb2ef453cd573db0f194db5c0b225c8d63d9cd3fd45933,80a17be6e6ae5df28497ed7239c0009c7b0a8bf47883c51dd26cad461e4fa6f5,studenti.polito.it,-46.0,47.0,23891702.0,65389078,AP-AULA3M-03,Student
c4d9e1b815585d8a13e8f6d213ab57b24adaeefbac1cc2f7befb7854f8c3962b,2551430572f6ab376715be41212fcaf22a14d6f6e80f8cb8685dfe7a3bcd5ba5,studenti.unipd.it,-54.0,39.0,756831.0,96005,AP-AULASTUDIOR2-02,External
f0e140bcd764e3c840cad31f46dd51e8b0fb21aa3a19f0e3836021b8b9b59227,017d4733dfc715a89e6e53d18c34fc73f6162f6fded44b2dc26fd10772c8a405,studenti.polito.it,-44.0,46.0,67586.0,63666,AP-MIXTO-02,Student
81f311de6d3a442225e62a11f79a5a5710c3110038945da323db86d3764a7624,9d668195ec2ae1f48e59e8af0aa72d8af64c95a8d084e1fc747c4a1147306633,studenti.polito.it,-58.0,33.0,10527587.0,20921419,AP-AULA1T-02,Student
692de2981f67d9bfdd2a59910a82a045dff96183b11e5154bb58eafca58c4bce,03b071608d95dfb5be07392382e6b4acae6dd7bdca70c7dd1e8b3368dc56fcbd,studenti.polito.it,-52.0,43.0,65903622.0,3638383,AP-AULA1VM-01,Student
2e2d76d618e72fcf739bb848b5c60ee87db8c471137caaf9fdd0040e9ba9b492,023a308b27eca5c3068e04c11d3568fc153405244b274f4cbd91daaf38ade5d8,studenti.polito.it,-68.0,27.0,9879027.0,712275,AP-AULAR1-01,Student
dd673459a23e4c7163136bd66fc0b2e3f238a0d78d4f166d8a604dbcfdd28b4a,bfb4f3bdc9661972a2b9ba67a8ac94bfcd9c498452b7283bfa80665f82e6f001,studenti.polito.it,-45.0,46.0,7493272.0,906788,AP-LING-AULA309,Student
eb9aec2ecc3e1da6d811c28929d29b0cbd402085dcc6fe7f2c22db60714a79bf,6b6d5597dfc14a00d8632caa72687b64e211bf4ec1e320c9d0ba56e4e5555996,studenti.polito.it,-54.0,42.0,230746305.0,11405297,AP-AULA2P-04,Student
099ad8d8426197a719c0184997dd9231dcb65edeed987db73b6c8870485d9af7,a6e84d953028ea31a058fc93e20e3f829cfa83ed5ed483382535e3ae6c782a76,polito.it,-64.0,30.0,183790651.0,6362082,AP-DISTR08,Staff
cf03aa6cf84bf5da3d65b1eb4c4f88d8f76c9ba64c312fb5f854612ed49b44de,c6a4983226d796cfed973cf4a936865688ee69b4b5a19bbf4f065aa509b4c40b,studenti.polito.it,-53.0,40.0,19100727.0,1536797,AP-AULA4C-01,Student
5e9eedde64ad99be4c478c20a9c70993cba748bc472b9c17c12995162f5b4171,559f1cacf64b234082a347c4fbd2dc93dd96ac192a75b272f958c02ff94b0df4,studenti.polito.it,-61.0,31.0,7736007.0,3147653,AP-AULA4N-01,Student
a65903776cfd9db8132f243d75ac413698c03abf8ea6b9a3f24ae920b392e756,c5cea5cd330e4691e2b4fbf1aee713d65d5696c1db577e422a3f50c53679af16,studenti.polito.it,-83.0,12.0,40724559.0,1160229,AP-LING-AULA208,Student
70e0b52b9e6b378f69402ba12e157ad8722a2fbe36e9c49e8afaa4aafd57ea1c,ca2cd51bb5ead32dab93e35c369d8775f2101ba78b2239ac10d26249dc3e49de,studenti.polito.it,-46.0,47.0,41286819.0,1793936,AP-AULA01-02,Student
d72fc30a5f2464a51f8008cd0f62fddb9da60407ccdc798591d2cda235360324,3a68c3ecd6c552653dbc8c0ab63086a6f5b8cfc1cee8ecfd1f334f52b808a9b9,studenti.polito.it,-58.0,35.0,235011.0,172134,AP-SETTE-LAIB2S,Student
2871a221d725bd3a7c92a5aa0b80c08f070ca30105cf8e2925076e412bc005a1,8ff0c67846bd0ecfc548c674809313e7b7a894e0aa3a85594b0beeebe45d4902,studenti.polito.it,-62.0,32.0,12242815.0,14042665,AP-AULA3M-01,Student
c654732873f372afb9a424faf2a91bab7dd2be1e68496ca47f7716f5544567df,9b090fd37ad29a35e992248f02d3065d6669e21de321a636dc84e248d44984ce,studenti.polito.it,-53.0,39.0,72903181.0,9074806,AP-AULA3S-02,Student
e4e0645661ff8587fc8047aeef9212a4c370923b7502f529eb5d7b32972a0f95,3b8af2179aba8f0b27cfe913debeee505a24f4dbac0f9285f91addf85c616271,studenti.polito.it,-48.0,47.0,79412216.0,1791477,AP-AULA2-01,Student
56a630f49156ab44ef8454b09f85ac0a3830eb355c118d75f5caec1944306130,5b58489e8c145ffca2b1c700604d297ea1211aa0d65769b3e4108eba8126747a,studenti.polito.it,-70.0,23.0,868187.0,3467776,AP-CIT-DET2-01,Student
5032bd42b7f838598dbb08264553e01e210c248b3905a35cb8f4cf3fadf52cdb,8fcab59adeb4fb765b51bd900d873ea252304897c536080c3f1e7e076d58ac8d,studenti.polito.it,-56.0,38.0,7389762.0,2470175,AP-AULA11-01,Student
b0608745fe041dc309c2081d647de569f1919351c589400c82e8a0fdb4ef4c3b,96c23bc39779bdbb5e505c0b0b589d03bb86739b7a82cd96a7faa5b9edea3fc3,studenti.polito.it,-58.0,36.0,598532.0,199630,AP-AULASTUDIOR1-02,Student
2ef797647d2a9578f010edefa0e291214828039f2dc20a834dd01ad6d4dba924,e55ceee2193c287455447e212fc05515eeec7b9898b608ce87e286a46f89bc2f,studenti.polito.it,-48.0,42.0,483344229.0,18009714,AP-BOGGIO-SALASTUDIO-0,Student
3e816808610be7588d4c7a6b8792f3e119459fe6a854e40e661840c5c4e958e0,32f59192f980cfd74391bd75714bc898afb6b6b09db10069e25a38a9863d1228,studenti.polito.it,-51.0,45.0,2616260.0,274650,AP-AULA05-04,Student
9b6bd774ceaf8582df886125177b7106d42ca4409b432e24c5f63853336c20c4,aa8c10de6c9bde7825865b3e7d0afe88a627bf1458ae19a4427e359b748e163f,studenti.polito.it,-57.0,36.0,15920268.0,4960886,AP-AULA5M-01,Student
c2b9180c60ecb2b421ac13e2572cb38ad137d69f54f2af75f6545e61df8ace5b,09a5ab76b69078008b0dee67bcaacfcc9f0d506854542c1223eb51c543662cee,studenti.polito.it,-54.0,31.0,68619881.0,3345078,AP-AULAR1-04,Student
f960b04794adff0ce2f8b9e2ca6fc98b7eb698a396b267a207a4cc9c209746e3,bc8490ff79444bb3138bd59482142cad50f066f944891ef4f2d347b7ebb860a4,studenti.polito.it,-66.0,25.0,1618506.0,819922,AP-AULA7B-03,Student
e5d6fa6cacfb300e4c811ecb68c068e0ccabfc1896c26003141e81c48113471d,e79dd830be4d092b79df518683394713dc204ae5f81656cc13e56d64b15fd4e5,studenti.polito.it,-51.0,43.0,13782090.0,5742596,AP-AULA03-01,Student
fd33b404dfd4d220c9c4c89d128e3a9c1927d250fea763572276db0d8c5db9a1,f1fc2f5d1efaf42d1eb51aa8921900328393ad567f6eb78d057fe7a1996d52d8,studenti.polito.it,-55.0,42.0,57590673.0,6767197,AP-AULA03-01,Student
947e67b4841974e7621bfab9ae24e4ea5b28f53c71c85af92de36aa1b7d5b2a3,61d10f023f9a2e6b2427355672b51a1a86d3c54e83ae5191335965b92f26e5ae,studenti.polito.it,-48.0,44.0,100175.0,366947,AP-GESD1-03,Student
848454019603d8d5fa14e9f6554f048368c1b9c6d78be274e5acb331c0a3c46f,634424d0d9edfa2cf7b43351635901e7de42eb04667b8fb0b06524792d1f9f28,polito.it,-70.0,21.0,320318.0,136526,AP-DISMIC03,Staff
c7e2a64c9d6ce20471fc2d24316098f969342ce29b2bff2addf725beb815602a,64b94133fcd6d71791d28162e87ce2f5695cba3f24a3c55e6a3372b7bbd5a969,studenti.polito.it,-59.0,32.0,79410688.0,1583105506,AP-AULA8I-02,Student
b94e136ef51b78ffa643547c21251267f71eaa8b18bbe3b7965315664503034a,3ef583fd56032505af6cbd3e980a26cacc01ee00678c303336e0575ddfb4543c,studenti.polito.it,-45.0,44.0,185009325.0,12082637,AP-CIT-LABINF-01,Student
0f5444ae3d183e81499c4fe89d8a25e449f2403ca8b228cba233f41e5adde4c6,007a7734e3749ba38c835e758e8b19eb6f4191330e69a6052f808b0432b14d92,studenti.polito.it,-60.0,30.0,4003807.0,1081496,AP-AULA4P-01,Student
17097c085d6359725e1efc138552c60c5e3ae936efc86e235fe8db5fa93c35bf,b74176cd00fc87ebf07cca57f0261ab2a8bfcba81817db37b827964afff2e351,studenti.polito.it,-58.0,36.0,554204.0,297498,AP-CIT-EXCELID,Student
7f2818bf8736342b44de8eb3850c37887227ad6ec7fb4330336cd29708d2a3e2,b2efa3bff9ee2f0ec17ab8ced43186ae00b91a8fed51368ce851af89ff258f3f,studenti.polito.it,-66.0,27.0,143508.0,110803,AP-CIT-DET2-03,Student
7216f3d63c817cd1499060e3c18ce8f5fbe1e38812060cba8ab746564dd70289,206ae713602ea71c46bb858387c35d30112584dca0d92d947e52809ec542006b,polito.it,-75.0,14.0,9111747.0,3128078,AP-CIT-DAUIN4-05,Staff
e75dd7012108341eb5a2523182ae0fd3e308918412e4fabf03e0e09875d91c8e,1305b37e6c590993ce9e52653d7f95addaca29e6a9e0a701512511059c3d26e7,studenti.polito.it,-51.0,42.0,19771587.0,1230870,AP-MIXTO-01,Student
33476b208a17fc11f3cb4e14fa3abef6570c8cb7401829039b2fb46f2e64aec1,14bc794732e29d5ef71d9f34eec11f2118dc894764410470bb548e82a279698f,studenti.polito.it,-70.0,23.0,1528513.0,667173,AP-LAB-ANGLESIO-01,Student
247c22cc01ce3b62c36537e0547279b22a32b81d8c91eaa579d883c8942540c9,0d220e9b94ef160f571a0317b2f5c95c611c635155cc365f2e887a9d5528babe,studenti.polito.it,-51.0,42.0,1446089.0,350269,AP-VALE-MOLLINO-01,Student
b9db6b2800400d5e4493ee81fc3b06305ac506447dd40df80cde2417f4013c47,56f2f43cad34cbd4ca3d025c62348a6ebd12a0ea41c3ad786ace2c87db329e94,studenti.polito.it,-58.0,34.0,187612.0,222846,AP-DISMIC21,Student
75c0a816adeda52f1b88b2a69e22ea671830ebf7811f9eec3f5945c31ec0ecb1,aac0eb6efebb7b41d8bc7fe53f93224d7ed08be484d2587a37bbecba324d2aaf,studenti.polito.it,-50.0,44.0,59534053.0,8062229,AP-AULASTUDIO3-1,Student
611e7630e9a1d2815f3912f54f53696f100c9fc7b90b47a4ce8e069187236330,caeae2723b8a440ca6305fab58539b0f2ad26f9bcdfe93bc8c3f14eab0134168,studenti.polito.it,-53.0,41.0,761328241.0,24748615,AP-BCI-ST-10,Student
b0c512e00a2713d02ed50cce531873fc91e00901e7bca6d58ec293ae5e346d2e,d777162c9e546d83b2cc457b299d213c964281671a4b9ad9959f0a37e5f0f57c,studenti.polito.it,-60.0,28.0,2430340.0,912934,AP-CIT-DAUIN2-02,Student
40dc4f5d2d6f097b53afe1a078f88e17b3fba263c9201114f4e08357a8cad048,66343b24cc42d5c1847f56d9a8373b7229f9637d01b6f9baacd6e32b257032aa,studenti.polito.it,-52.0,40.0,48844090.0,2423158,AP-AULA3P-02,Student
0997af303e4afbf4477f0833ecd31abf6d9420eaa3ddf9b77c5a1de79701828a,0daed030219aa48fef6051b33172ed1281dc22e2282552c76be44c0bd0b1175c,studenti.polito.it,-54.0,39.0,6443023.0,3845846,AP-AULAR3B-02,Student
f4cc76356bc53bd356021afd9891a21cb27675f7b761454060af46d3e31f068a,5e79d3914c79f137cb3eaca761142ad1cc4d4cf014a5157f982d8cae63c17bf5,studenti.polito.it,-57.0,39.0,56797852.0,10176480,AP-AULA01-04,Student
f5669a8327e18c9d95061cdc9ac03dca2706e615b68aa6fdea520cdcbd398d4d,29835d1c7eb6506efcb0820d58e9f65f0742b78b9041fc376ac4b98de577db5b,studenti.polito.it,-49.0,44.0,25127070.0,730921,AP-AULASTUDIOR2-02,Student
f6d1f22b2c628766cb39e77698329d26e3ddef50caa5f1cd6bb909089c642946,,,,26.0,39502.0,5692,AP-DISMIC04,Unknown
19bb2029c95478401251700815ff62a80a56389c266c3a57a19f45dc070e7b2f,ee1803c76713851ce026fecdb965405fb1d093763c5a348359f7c8c018d79e7f,polito.it,-54.0,38.0,339292576.0,130615387,AP-DELET01,Staff
230d93452dd031da2173cc72b2eaf05ca7373f86185f0b5c6069e6ebef4b7ae8,d111aabb4dbce97289d8079997ae310e30b04d021185bb1436b93532f98a0ea2,studenti.polito.it,-58.0,35.0,5947508443.0,31731048,AP-INGCINEMA-01,Student
ec1580eea7edda4dfda8fdc7ba1293786024f7c02c62dc81b51885c2d2d12044,f378fe953484d8fac49cbcaa8531b029e6c9d99d5dbaf63f43b87eb4db16fefc,studenti.polito.it,-75.0,18.0,24774873.0,2962750,AP-AULA2-04,Student
d2681622162d65e4f1cd62f3b259f38060f0aa02bb5d9808b2e9334f1eb991bf,4395b9a22c4a63944eaa2714be9b3bd6c8b4fe013e7f98faaee8447060ab5924,studenti.polito.it,-64.0,28.0,243162718.0,14119302,AP-LING-AULA309,Student
08805ac46b7781e292876b839e4f6c3aa1cf998d17283467c44a563316397a07,a41e2634edeef16721ea563604e009390ec9f9dd3c09b38cd267d97db7a4ebd6,studenti.polito.it,-48.0,41.0,37337.0,18972,AP-AULA3D-01,Student
90b63b660f3069d53bb7aea74701a98adbe4a44a74b094889045e3bc7848851c,e63660802ea564ff9e2b1f60b5776b294c74f18a4f30f3b6ed80e453fc6cf3f8,polito.it,-68.0,25.0,6648217.0,848650,AP-DISMIC23,Staff
9d463f5cadc76e51fe5d0ffb60582aad3baf9478195a0c7d18c234dc698bef12,0ae88de595bdddd9c6f1d5788919a99d90463c25531221b8dc62b87015aff637,studenti.polito.it,-60.0,29.0,5824313.0,1411569,AP-AULA13A-01,Student
e35bc679d4706483aecda6b8defdfb9b75a143e3cd0f7f27ec0c9bf7187ee7bc,ff17278cb76fc28791e4040b9d65cf10b74ee5167b0b01f18cd63096198e5bda,studenti.polito.it,-61.0,32.0,93289137.0,2991444,AP-AULA05-01,Student
7575e59d9d20a73495848fabd26867c26ad0cbd97e8b44d8b428602ba5f4354f,5b6f0fc4b280beace6fee888689b1d5884728885a5a4e18f4391cd1b9ee9993b,studenti.polito.it,-58.0,34.0,1090771.0,721428,AP-DIFIS05,Student
62f0f17be10d5eef787e8157fc5eba72241b7364e3b7c1c9079e5af52f7a01d4,9352367490034368798605052015099ff09567af9ee3ba6daa75ca5e2b7a9077,studenti.polito.it,-75.0,16.0,2271890.0,2657857,AP-CIT-DET2-01,Student
661de232f68a55f0d778d1ece4ac8e5a68822e7ffec0cba272db45e314ad4bf0,406c89d88b1bf3ae941a1926c4ae9fc1abbf20439ce6299bafcb1f722ca2997c,studenti.polito.it,-69.0,20.0,82202289.0,4012345,AP-AULA8I-01,Student
d0191c765d5168c1a97e8b02da1a86536943c7027f15715bbe4b35d950895cb5,13741c06b3fdefe2311c51519a0e42af13682cc5384491f0aeb538e6d469ce0f,studenti.polito.it,-56.0,24.0,8152.0,4489,AP-LAIB3D-02,Student
c9a8d87da1ef45f7ad264d9013daae7a557c38442eeef03f8f452d5f390680de,7e7180e76b4b635511e86b72bbd34f89ec4e92142b86ac08cd6468d2d0e03d70,studenti.polito.it,-47.0,41.0,2334672.0,2113347,AP-AULA4N-02,Student
f7bc70bfdfee8fd5c0e1cdce15c5f7df3bf66a46d75199b23f7df4de3511277c,eebfd2453b9c72f63ea64a2c95de5a44eacc1ff394e223a47637be71ad9d2ce9,studenti.polito.it,-52.0,42.0,41930292.0,8349332,AP-BCI-ST-09,Student
c84f05efa9b8d6c207b98b96646ff88cf13847172a9fec216de1cab3acdb9235,027b20d1552b6abf044393c3faebcd981b52755a6a0f41476e80b0ccf6504a57,studenti.polito.it,-58.0,40.0,37789.0,36841,AP-AULA3P-01,Student
1a4610b19a0ec9bbdeeb4b1067fab7556b1718a950ad1179f83a17aac73d8ae9,8d77c82def1f0e225f603d45a6ee35cd55685a77f6f3dff8ed85bb246b89a1cd,studenti.polito.it,-56.0,38.0,729928305.0,26697291,AP-BCI-ST-08,Student
2126f951a130270c14edbbf9953067592d5942418d65df9387cc68be4c2a1ff9,6bf5fa8305a4adcd0c6cad517663ab9598e4efb1ca34091ee9b39aaf72183b55,studenti.polito.it,-39.0,49.0,41317722.0,3611352,AP-LISIN01,Student
6eacdd2f195d78ed1142df381dc02dc12da0a92a495100bbc08bb38a214eacdd,59d87a054f68604e83f5273dd44d8b240153a2fa70036ecac01f281a0a97d0ad,studenti.polito.it,-69.0,25.0,1418329.0,560859,AP-FRONTE-AULA12,Student
6ae7fe6ed713f199c60191bfcad3b97978e0f56104d422309d64812b6d0760a3,d0e504a39b929ca8ce9936078d33daf52e3a591d7659463c228a63a21f461658,studenti.polito.it,-50.0,41.0,21054056.0,7091854,AP-AULA03-01,Student
a1e0713cd98f7ebabcf8d8dc4b8331b3ae198e97ed9d3064d2c8722ca75b0eb0,fb53fe9882c150bd91e91f57bdc2abe2d198f26b8713098dd80ae748a9f3766c,studenti.polito.it,-46.0,43.0,328999005.0,7076912,AP-LAIB1B,Student
ca887924d88acd31d0e9cb29421c41889c770771624c44ce90539a0bfb2cc090,04588595bce732bdaaa2efe1502254780e1d9f6fba85d9f7648a9ac7a7e5c56f,studenti.polito.it,-58.0,33.0,6898021.0,592471,AP-ENERGY-LAB01,Student
a0dff85e8a1088806d8163c015097baf9b8b3e77583349d91c67b035c6d0908c,d8f1a64fd94cc916fb902131ab89ad1e84cdc5b9c593a9996032e575fb310244,studenti.polito.it,-46.0,44.0,529367378.0,17435701,AP-BCI-TZ-01,Student
ae51011db9f33a20226f7bd39f71770366cc60ce034142f1d4ca0bbcbe764e34,74b9ea398da041296e097f3f13750b601b452f1631757adee706e7bf23b7db54,studenti.polito.it,-50.0,44.0,105688797.0,59928839,AP-AULA9I-01,Student
2c2e4d5ce4292536cceb647e37503439aa69b7baf8ee70b695e81da4715f1a0e,3ba006352ed29cb29c8078dba275a9db8107c89b662c9fe359515cf7d5e465c5,studenti.polito.it,-50.0,44.0,5164851.0,2532854,AP-AULA4C-01,Student
3cbbec9be4ff0beefec4cd3c8df978032265633c4314c5abcfaf1bc76865801a,090384006e549fc016425a79e8cdd7e8a56192c01cf247f53282b0f76583591a,studenti.polito.it,-61.0,31.0,98791007.0,8341307,AP-LING-AULA300-1,Student
80aa94efab302cac1a855dcfa00cce36cbdb5d8b72b03a8994e951f33e0570c2,4862d75ceb41bebb8f145620c1f5477c01cea98ad2606fbe2272376c147dfd5f,studenti.polito.it,-47.0,44.0,48818501.0,2114938,AP-BOGGIO-SALASTUDIO-0,Student
d968ad911002ddd1b703af857109c087a81351c610484953dcb8bf2c7cb7ab7e,8047e3bde7ccb8726467c54ca098733e0168ffe9eb2e260ac17ff30006b8a629,studenti.polito.it,-54.0,41.0,1513493.0,434807,AP-AULA2-03,Student
748db37ffb1cd7b42edb3771da4b154170e800459b485886e8109f85cd90efb1,124ddff4e57b4fb572bfb63826ac0f0173b9f6c9cf38fd2bb1c76b5745d9d35b,polito.it,-67.0,27.0,224720278.0,88941780,AP-RETTORATO-02,Staff
a1aa74bf0ca64c0c7a9d5c1543e13c0f6df38b6420e3a57ce2e557db48577133,,,,8.0,286.0,63,AP-LIV-LITA-01,Unknown
10b35267032cc9f36ad1ef436dd361766d5507f16a7682f21a1dac29ff06d2aa,f14ffa1ba06d6ef55660389c959ac2e2baf11215480e337c74dd1529e1be5a4e,studenti.polito.it,-53.0,40.0,123310049.0,5722969,AP-LAIB01,Student
6e242c7d3d218d9593dd1d02538c1ada2f347460472a340bca439d9d3d8846f7,47486ac95569894771bc9c14dd45051d3a2606c28b347160cbae1f97f428d9bc,alumnos.upm.es,-50.0,36.0,55948077.0,31739646,AP-SETTE-AULA14AM,External
b5ff609192cd4bb42b5d52bed07bd2512e9ac215813d62fac14752cb425fe649,337386444b66c63889a74cd111b7db0046548e5845326ffb9e2b6c88bca0c272,studenti.polito.it,-64.0,29.0,13949563.0,6446936,AP-AULA4VM-01,Student
89b23467fbf3e1270b8437cd6197a39d227b74ecd7d9daa15c69c194a860d179,65acd861d807df138dcc8fa5799dd3e29a7d436e0db97fe6021371b6d690903e,studenti.polito.it,-78.0,12.0,976674.0,367495,AP-LING-AULA207,Student
933931f8bc5a015a7ff0be541fe373fa17a1cf32b5fab31701ce1a4bbc18eb21,d111aabb4dbce97289d8079997ae310e30b04d021185bb1436b93532f98a0ea2,studenti.polito.it,-51.0,41.0,279417728.0,6790808,AP-INGCINEMA-02,Student
5c18ef7a90b21ba8b6d415e4bf25abf9d0f6519c0754565e5e20d41c08d73903,91becede1e262e8da99cff0112bba40c6d16061fca41fed16ceff41abaf5872b,studenti.polito.it,-68.0,24.0,44897491.0,6308276,AP-DISMIC-1A-XPTE-13,Student
f9ba03842715e5756b4d791865de936fe77958271ec52471a5bffb88d839eaa9,195092fda1cf926a0f7346ab193b8226c9f806e739d773d04ed744c793acebfd,studenti.polito.it,-60.0,31.0,10565640.0,8733027,AP-BOGGIO-SALASTUDIO-0,Student
9110f0ea4f729986d16c99b5f9c38f741801bab85874540a06a4dfd54e03c382,6500754a01f90784989a95b726a3c3356bb1a74f6a7593103031bad9aa82119e,polito.it,-72.0,11.0,4909500.0,1448109,AP-DELET01,Staff
52aa419f1c1a04e1a6f5853a545eb8a2b84c2a7350e977514c607b5e31b30c47,1746a49ac16ba6a29dff6618f29a1494aa9a21ca2b307f7c54b957e11b0f12af,polito.it,-66.0,20.0,121081354.0,8154135,AP-AREAIT-2D-XP02-SAG,Staff
7a73753bac3cf6c44c39e5db12725e4b218a34f9a38b931f94cf09299cdab076,efe807faadd3efc42031814cab0b02bba2f620be0803baf2ba4ae7d93277a257,studenti.polito.it,-65.0,20.0,116880596.0,8752050,AP-LAIB3D-02,Student
96db5d0800516271ab4f341949fbf2940ee010c75ffdd8cffda7947accdb3ee4,e1aca56b432cf372d42d889430d9e7647fabebaa30025d38ecc0c7676eee30ac,polito.it,-70.0,24.0,335301785.0,118327364,AP-DIASP03,Staff
5c52a1125a9d2983b4c3bb504704f72f29e5ca8b38e25bfcab7e91f01bc89977,6ac96b9f714fa84dd51e93c9cd885b5ad749222f8d145b04a78c1720be1b1b0c,polito.it,-40.0,52.0,566235843.0,136868395,AP-AULA3S-03,Staff
c765fe98f5c65b17051ae85a17fa39865f2268dbe90c05b5c75197c55a1adb41,3a2c4b0bc5b63c57ad1ecef4e53ffe3201438cbe1f5d8cba2a5a9fb59684c88d,polito.it,-47.0,44.0,18816851.0,3690039,AP-CORPOZ-03,Staff
ff7258904ea368cfb8926b102bd1df882d9262a18c79b5b6a357fce52c512638,5054d07caec3e41564eaf83125363081a8a0bed05569e72aefdc26a64b89cd5a,studenti.polito.it,-58.0,33.0,37551950.0,7078309,AP-CIT-LABINF-02,Student
75d53db2872a8a107e912415daa9275d001379064d53a5bc82a5439a96ed3cce,748bc1b5a7111b3f4ed2660768f7487d674a5b8f65018b4c244bb78e050ff89f,studenti.polito.it,-44.0,44.0,2783961450.0,53733951,AP-INGCINEMA-03,Student
7084b1298c698ca7ebb44b242fc831055a8400a19a8bae7bdb50a41f8f83bbf9,ada9b47f7d68f6705a941d9173d4e683901c09a4c659ae081a8902f5507afbe2,polito.guest,-57.0,34.0,16467125803.0,3369968756,AP-AULAMAGNA05,Guest
36f63b9632e4902fd676aa596d70303e306ee632d86157327df45c65ace9ca5a,505152bd547c74c7e9a022679209a322fbb13e685176e65143485ac7bb62bfa6,polito.it,-65.0,29.0,47633077.0,14336908,AP-DIMEC08,Staff
18dabb900b94b1719f79da8cb787255d5e3b59cd1c8409df73ff236779aa6b58,5a607c577bd511abcdfc5179b5a924e202e17b2fb916957cb1ab442dab5c5d32,polito.it,-53.0,42.0,633308558.0,128525239,AP-DIMEC08,Staff
7b0590cd01ce6782581fbf2bdd1a390dd5d7d390d6161549dc0c5071b1a85664,ce96710053a040699461bb98d330d459588f968f71186f00099bfaa468e6e859,student.dtu.dk,-59.0,19.0,80274575.0,64024451,AP-MIXTO-02,External
0c97c5db0fc3d444a7524d25f1623c5a0e20591bc1a611bd6154caaad27bc509,05fa26e0f5590a5b29273804059a5c2baa7be5b6a5285231062971e134938072,studenti.polito.it,-48.0,39.0,20854791.0,1405603,AP-AULA27-02,Student
b66412e233515bd5ec3d41a5b94c69937ae645239635c58c47b1f9f53b0ab3ff,7e83463492ad1a0ffdf36ee7dcb0f2a581fff0ee5598ecfd3f89a83881c4e001,studenti.polito.it,-47.0,41.0,14843125.0,3730995,AP-CIT-DAUIN2-02,Student
7d19c13ce4970f7abe6a806e7709d1fc17f749ea486a20b8b7ca520a6930cdb9,c2176291e6fcc826267ca9840bc4249e7a117dffaf60a381299c7bb1a3622e88,studenti.polito.it,-57.0,39.0,41217021.0,37172023,AP-BCI-ST-10,Student
c5d133d529722715b8a4c0e1cd6f54f769ac64a4365d9a035c8384d197101541,0bc295282e0abeb111669e138449c4724c3ecb642115782b596b0b9747517097,studenti.polito.it,-59.0,34.0,22092454.0,5558056,AP-VALE-AULA7V-01,Student
90ffc648550ee1aa50a97306fc801c20caa50ad6bcbd2c631ac18db8d73afcf5,17bffa851755b66e0cb4f7453740d75ff361e51b43fa9ae339ad24dd637e56da,studenti.polito.it,-43.0,48.0,28071795.0,13483397,AP-MIXTO-04,Student
1354452f4aa11b4e77d425094a0b6d2249e9dc86b609193da5f2f4b784605ddf,9dc987d51ef52bf11cac960596efce87c58d9de48655a0be4129205c9b97d82a,studenti.polito.it,-55.0,38.0,3640354664.0,325806245,AP-AULA12I-01,Student
bf300478d2e37dc045f52db61b56bde4ed7a70ed39297ca04e7644b6be745809,cbc3d94ea63f7e8f03f6dca334e490e748cf3622ad1238231d53b5a824df0530,polito.it,-65.0,29.0,126136986.0,47235172,AP-DIMEAS04,Staff
7e412ab798945b63c0e4ef1623c330eff0382636874a0488d7a0ac18c3fcb0b4,da2f34ca9736ca66353836e4b65c135edae883a33a653ad5bff25b85e6fb1c32,studenti.polito.it,-41.0,49.0,8387.0,4709,AP-AULA3D-02,Student
8ad45cebd09f5b9b1df93e768e82be8c9ec4130ce3965793016f2a1d37fd6771,2b850d79af2cb94e40619ca4a13d159e565b63561173f49f90b3a6f7e2290b13,polito.it,-71.0,21.0,1491826.0,1148216,AP-CIT-DAUIN2-01,Staff
eae2e5a9d6d6e2e62c1363672d973c428b08436af445cb974e2475f38aa56296,6d629ac7eab669111e646c580b230837ea257234fc9b10dbb5c5d92c7ea95b6d,studenti.polito.it,-62.0,30.0,598070957.0,14149681,AP-AULA15-01,Student
f5527ad6ee0b79dc6ede0885f061a6ef8c1868ff4089f22d70a3afb14a90aa71,0f032ba31622fcbf3f4439f4e7ba70859362c2f41a4eeffff19379fdb0fe0657,studenti.polito.it,-53.0,39.0,41042439.0,7049893,AP-AULA6-03,Student
4d8019f9dbc5f493d8ef997f864173f46174f4c71354d94df98a7baa39c3bedb,95ff8132021e3f4094411bfd233423ed61b728b23c69f74082eb6c8e8b890e46,studenti.polito.it,-66.0,25.0,79211003.0,2022421,AP-AULA3M-02,Student
d8f7841c0710bb31801a2d21e6dd5e89c39d3706c99093a0301552f7b415c2be,bbb9a4e815a72cb26c815ad3e09d7a9d4b7635e1aa881cf364ef07a3e9ad96cf,studenti.polito.it,-54.0,42.0,125372991.0,3867860,AP-LING-AULA207,Student
8dcee1b0733babd3e0d58a85784ff447291efe0720bcd2b9df5c42a6e5949437,56823d0cb8faeb7710c01c039bc65ee2cef8a810b0d38892aade43de78ae4c7f,studenti.polito.it,-52.0,39.0,69853615.0,3166793,AP-AULA16-02,Student
8c11904e7829e54450220a9fee651a049e49ec106eb08bd154690ed3fa98f2fa,a6462898eb42f20bf72170dcd52a7723fec5bb6c4aa46727ae9095fd667df820,studenti.polito.it,-79.0,10.0,12283937.0,5294705,AP-QUARTO-NODO-01,Student
5353587998508e619417d924843fe8b1a8a8eacb58ef8a3a5bd3c8cc09c771a4,19ad73415d50755a1802ee2cd8e9554b5a95ac08b43733f104358b5da1f49834,studenti.polito.it,-54.0,45.0,222778947.0,4376678,AP-AULA03-04,Student
4623fdae2bc8140ad83837d1e5a67b05aed60881ede43fed63bd85700751184c,60869b27626a71c51bd3ce42596d1e3865038b4f197e759bfe07171fc9239223,studenti.polito.it,-50.0,43.0,315797011.0,27157270,AP-SALASTUDIO4-01,Student
d635167ac7d697b5ed6b1ebae8481bbd804a98e29569eca1132680ca9ee74982,71fdfc5d2bba59d83068a2c752a2258fd14046927e5e16f6a6966963fd1ac550,studenti.polito.it,-44.0,48.0,31795154.0,38621326,AP-AULA05-03,Student
2ae3566691a98d73b454ab9447f630ffb35f1af683ac98bb3527c7439bbacafd,dc62676dd7077f822f9f11da05f38183505e05ca5206077d6228809d101d8880,studenti.polito.it,-34.0,34.0,253123787.0,7421414,AP-AULASTUDIO3-3,Student
b813ddf2e1764dc86a6b916c0ab83a0fffb6c6f0e06855f0657a26e7966ad430,39517950f093ae2d984f74c7a59a42429ee8d0c5f50e811fd91579539d37be23,polito.it,-56.0,39.0,222783209.0,48561359,AP-DICHI-3O-P3-01,Staff
b66585d7fa3badb7cd239e7726f9d4b6ad6e6c6f32ec820a6b13b3450ffcd5ba,aa5e9b5fbe6070d91170d2eaae54baf785f03696984d12c5968cbfb189ca19fc,studenti.polito.it,-55.0,16.0,2054840573.0,89382181,AP-INGCINEMA-03,Student
0dca77c6062afa16ed8bfcbcbb2ae720971f3f26731afd1c4dd2d6bd0a2b5358,8874819d697c983cb7ed438c230676fdf5b589c2ed0f76489e1b916e91256ce3,studenti.polito.it,-58.0,37.0,6108354.0,4161789,AP-LING-AULA201,Student
a5a2f4979f029e8d2b759dc5f3341737ff1d515fd8d08b25e620f36e1cc48d8e,ff17278cb76fc28791e4040b9d65cf10b74ee5167b0b01f18cd63096198e5bda,studenti.polito.it,-50.0,35.0,224384053.0,72804305,AP-AULA05-02,Student
6db582f9fb32cdcae4e0a1ff4f4c27299fa75f7aa29d7e05d285b282f72aff12,9981a136c66e6a519bccdcbf1e1dbc1bce7f7cb576a4ff08cfa6fcf7aa3382f9,studenti.polito.it,-49.0,41.0,21648675.0,3529949,AP-VALE-BCA-ST-01,Student
d2789e01dcdc461f36a7e3b3dca2c9e4ab51104550a78a6901e28bd127fe48bc,5c12e8650cad983b5e9a9c32780f56737d6da35c3b4897f605ccc7627b4a8be4,studenti.polito.it,-48.0,46.0,52280120.0,4937338,AP-AULA29-05-OFF,Student
f40773970daf113555d87c86e4c78b4dbc93f757d18ba2204998dd2b253ef6e3,ef28de14c72959db48734c05cb5995947fe92b5a29d5fe5ef4036fa463374296,studenti.polito.it,-66.0,27.0,562435914.0,110274067,AP-DENERCT02,Student
3d015c1d118fff374b20dc66df632ca3015c649555be52199ecca59db09ad3a1,fdd7607b7b720baf2dfbb347d8594ea51948dea6531b59b570d4245685f5d568,studenti.polito.it,-52.0,39.0,165628211.0,28035767,AP-AULA6I-01,Student
c521ff16c00f8b172f182c0d298d46aa15d780805b95f7f633c9e16a856eeda7,af1ed0e7ffc05a3a69b78f9a51511f2c8fbd6972f12e20ef4cb9ce638227be5c,studenti.polito.it,-74.0,17.0,13347841.0,3245310,AP-LAIB5D-01,Student
4f021fd9a4203e4245db70b38844155e4929d377be2e489ae529d97eb292058e,febca13dc302fea96dbf4b0171cd4075c3786e543540f54f9f6411878c11ada3,studenti.polito.it,-52.0,39.0,321112569.0,16913815,AP-AULA6C-01,Student
222231323c126ed6d18398452f602d9174875ba17eb7a13b7767bf534004a9aa,60eb8b31a5aa245a17528ba6862bb5c0fbbba2d78d00e2739cf098ecd1ea648e,studenti.polito.it,-64.0,32.0,288277769.0,251059612,AP-AULAR3B-04,Student
efc01c423388a2c9e0a1f0a4a7d082829f2b27ec81166b80c4e471e3d595ac7b,069bb999495dc22bdb61a22af377d6adf1426e047c0610fc93d4bc50829f46dd,studenti.polito.it,-48.0,44.0,24888430.0,3355241,AP-AULA23-TM-01,Student
9d910f6aca2520799cef3d42df89edf72bacd932b690057d267034971effaec4,2885c062952bc7afa3971cf26f207cda6af651474836b6980372f68567463bb3,studenti.polito.it,-53.0,39.0,107752713.0,3988873,AP-INGCINEMA-02,Student
9889e7acbfc1f59b89bf2632324d4aeef7b122da76187cf9cb9ca2a229a3fefb,159a648f5bae52f08b644fc3fe2c14554de0b17b5de4d253950b50bb9c253c6b,studenti.polito.it,-44.0,32.0,2032355.0,592332,AP-CIT-EXCELID,Student
da4dfa6e06b809dd692b5282f111011bcfdea8fe71b47fe169be5989aec85b58,8d1a2b6e4825f33a60437a3dee6e89e57dbe429e724010fca697f8fe57dfd538,studenti.polito.it,-54.0,39.0,73605223.0,7947816,AP-AULA4T-03,Student
b76e6e5dcaf724dfd1e164cee6410d2f740d40402cbf966e000405c93bbfe99c,f0e74a496d47ce98e7a425b2f27972c1d944fc3cd250fa6fb7199b45aab8aba2,studenti.polito.it,-61.0,31.0,395033.0,284923,AP-DAUIN01,Student
27e389a0ee37e88a1985f04a5c5bb686930a5c784532c2498a57dc8696576c0c,e50b11ff605ceed257efe633146e7f6ce68add8c19e5dbbf8ce377485fcb6762,studenti.polito.it,-71.0,20.0,18366.0,20201,AP-ENERGY-LAB01,Student
e6e79207d67f03e201f08f72b707edebe3437b7042f3b0e142fc814274c17dc9,5b7f34adfee49828eaa007c505fe008f5c6f85307d31f0860d9a1e73befc25db,polito.it,-73.0,22.0,224863397.0,9695164,AP-ALESSANDRIA06,Staff
848a505b65bc0aedaee1db8dd9a77deafe53226fc06c6afbded0ba043b1587fd,ccac9b9e83edb0f46248d71b68030bf388b8e98d67576d9030e46b5e2c82ab4d,polito.it,-58.0,30.0,307016395.0,80832322,AP-CIT-DAUIN2-02,Staff
7f2366f8d14bce809ca38a7dac2fd3c79fb5466a04375f0d5f02bb2bf4037b56,c57df40a2febbcbb83c8fe86e9f2bc9e2c3ab2964a4b3c99a99ed7a9c9f77e5b,studenti.polito.it,-53.0,30.0,187785443.0,10258674,AP-AULAR4-01,Student
cb93bf45f139d14e06905dbcd2017a48004aa33919e4e233ec5c6d6f0d03ec06,000f823b05e47224fbd3e01295456ba10cf57a25dddfe16144a098487d9e04d5,polito.it,-61.0,34.0,55356078.0,49288499,AP-AULA2VM-01,Staff
7e9e6cb4754831e169cbfdfb00a524cf0a2bc293800bc71a7bcce0eb81da9270,4c42f9fa19fe864c2262214a1fd2eb9680b828da180adc06ab18c64c83e8262f,stud.ntnu.no,-58.0,33.0,19470684.0,5788536,AP-AULA05-01,External
69373c06c5de677ad07aa94c170115ad1954c6a09a26dda5190f11f30d5fae7e,16f5212cc326706f0686a84775e1dd820c7a4ddc9eac501dea004606ec366f2c,studenti.polito.it,-87.0,12.0,52289096.0,279569026,AP-DITAG01,Student
1b58d5223821ca107d28079ec545b29f514772c26ee20f7738f03f405c36de86,f3518629731fcb0d695ae56b9a831738c6822e5dd0fd5ea9ce391e507e454a30,studenti.polito.it,-49.0,44.0,855333977.0,41899386,AP-LING-AULA300-1,Student
6389e42a46f8d687b867d7cd1029237c365da674d21f9d0ecd0de587f38e22b1,94d0714034d8e818b66c93dcf69403342a09a0e78d3c00e78f99d1fa9141a7fd,studenti.polito.it,-55.0,36.0,97846540.0,4688824,AP-CIT-LABINF-01,Student
f9b75f2aaa1c59f4743b946e2bfcb5b939f3e198cc3bd1004bd5678c17075e23,2eeee3f1116843b3eaf41446dad1cddd8ee44e1e12ea0de24f1b98a89b0d83d7,studenti.polito.it,-59.0,32.0,6962452.0,20438541,AP-CIT-LABINF-02,Student
0f1bb3940d7c86dbfb3a9386881780971a801c939ec1dd6ce5f8cc7e99507d79,baa8968cbb8e887e94717f69342bd381b2423ba2f3427f59fd4b1bf23a60dfb2,studenti.polito.it,-55.0,38.0,15107854.0,646549,AP-CORRIDOIO-AULEP,Student
bff77195f4f4658a90373827ceaae72a8a269cae455f5a326e1276e9f0f2c29b,85693391e07d6124e282ddaff792d1a7f4b2e7647de51078c538f7a1821a64e3,studenti.polito.it,-55.0,36.0,96988.0,32386,AP-SETTE-AULA13AM,Student
9f84cea28d946819e1f91f7db995b541ce11dfb059c85887e0f0370dfe289aa0,1117c32380d594e0995bfc07c976a212fda10d447364a575c9b28d2ff420511a,studenti.polito.it,-51.0,41.0,2422405.0,6273412,AP-FRONTE-AULA12,Student
b961bc1aa2dac64a35e01b6e29dd48a96e21d009cf8b3314b5d58568d3b39538,7405f4acaaf4fbbc6a5ae1277223826dddfd991ed87ddeccbf93a38f570d70c4,studenti.polito.it,-50.0,45.0,75878672.0,8069920,AP-AULA1T-01,Student
ee80097f5fa4c96ab25689e9f1bff48e0f34d17f60ef4174ef2aebcd36d9a7dd,6aa3cd09ddae8256c162f8f7059b110dbfe06c9ecd9320e2a377b80833606c11,studenti.polito.it,-55.0,35.0,439949.0,254134,AP-AULA10I-02,Student
8957880e6c01f612117cd87a46a8dce8fe71d780cb1c230adc830962478419d4,41a9bdcb674ad25fdb4b11e76b8552e1e3b116cb7f3fb2a7bdcaf6c03b58eef8,studenti.polito.it,-60.0,33.0,1346431128.0,38841233,AP-SETTE-AULA06AM-01,Student
68b934b29fb253fb387f1530d5e9542b29adf2142636de17936cb95cb552aa72,38cb1ff7149cae05fe57c5509d3d47ad968af140364f320051cf346612d9d159,studenti.polito.it,-58.0,35.0,1843830.0,986032,AP-LING-RECEPTION,Student
c32d74fa1340956f132e965c8ff2b58cb7cc1f4fb52937bfbaf5fc8f74069caa,ae5820c44809e65813258a1add9495dc98be564c35b29bf827c5fbb607f3a428,studenti.polito.it,-45.0,50.0,134810107.0,195993511,AP-PERUCCA-01,Student
0e5642605e94fa6bdb75e741e8cf41125138c2aaf495ff93926984af3fee4870,431d6eff70b5d9567f1e1840fa899168d520faa5499f56c53f0d8cf89fc8968b,studenti.polito.it,-85.0,4.0,525762216.0,21147570,AP-AMM-1N-XP01-03,Student
a61dcb4b742b37444ad2dbfa43e645e04131979271d1cb9e59eaaedf2e712c2a,87c79a2a885506ca813c30c6585982b6ef3e600dd204286ef9022efa582871ad,studenti.polito.it,-58.0,34.0,141684789.0,14411911,AP-VALE-AULA9V-02,Student
667ac4c3c7dfd9a0e2b760458aa00fe3af539ba6959438c6b818bf1ba06b50ff,23fd430501a096f2a5a2a95cab6397d37dda41612b2bfb1adc7dcc9b43088b35,studenti.polito.it,-53.0,40.0,1097119.0,450358,AP-LAIB3D-02,Student
7489ecbd0c3959baaa36f2f05d726a9ebe5dbdeb689908256518b1876f7ab7f7,90ac9f30f5154fabc2549ebb0220c9b36ab0a207e2c0a760623284be11f8b97f,studenti.polito.it,-46.0,48.0,23450.0,181013,AP-AULA08-03,Student
fee317b1c94b4f9a19db87c1bc69ed7815a0ee8df7f37b7cd287ea796d196511,70d9258a3d8b13afc51c4a0e4797c9a6cad812cb903b7125778ced26f439abb8,studenti.polito.it,-70.0,20.0,788851486.0,27224912,AP-VALE-BCA-04,Student
0f4f12d554453f44532d22b75f47f7fabb0ad86dcb2dad88d9d2f3741187b6a0,b9dea065e8969b77e79f3844b2487e6f6f9f1a7dbb789ac5f8113d256c38cf11,studenti.polito.it,-42.0,46.0,3992755.0,1500784,AP-LAIB1B,Student
9cc7f8ed8460abf352d0ccb0cddf6aa695ef9030f943acc6f17e31faa19abf18,814678cf7b770c100b4bd6a52f5f6e54d9a1bc00b44b6646d79910c2b461fbca,studenti.polito.it,-49.0,42.0,172796875.0,9764370,AP-CORPOZ-11,Student
efcb1055a084f142bf5567b330aee84a78a81e9a819801cd307c00a651df0a4a,aa0e1e5ef0b39e8c08c09f29d72960737dfa1f7f4fcbe1f7d116fa48949d10ae,studenti.polito.it,-63.0,33.0,25050599.0,1389814,AP-AULA4-04,Student
698d28deea447654211ee9f7bf301528f7ebc3fbc3b25010a59d14b5fa16e280,e769a451d827d4077302272a591ce90cdb613d30271d2e4ef8b1798d12afc1c3,studenti.polito.it,-56.0,36.0,71671414.0,43151311,AP-SETTE-LAIB1S,Student
81064c0d6fe9a5a88a908f71ddcd2c6a05bcfc9fa2cf46cdfaaee521897fc102,bff3c205972c1c6479134a522e9019cd89963027742c937e5ab661be7f6b9124,studenti.polito.it,-41.0,41.0,364264160.0,11898593,AP-AULA12A-03,Student
d49475d449bd9497cb2061d3e070658c9947406d6f29626c52db56ad4963da60,1b9374512ae2915b186edb287fc8b8556c6cdb8adcfd69e44a15a99f1fac9d95,studenti.polito.it,-51.0,42.0,7167429.0,933972,AP-CIT-LABINF-01,Student
cdcf7eb008d7f39b2f90a00ebc2c93b81649413009e6d1c8b1289442d402ed4c,23f576fae97998d1c61dcf518508ab07b719787b3dd16f7893ceea13d0826a57,studenti.polito.it,-68.0,26.0,388387.0,200425,AP-INGCINEMA-02,Student
170bf95680aa5090d134ec8abdef2118ba62e92dbed90b130f27c6e5a924e593,2d1d128c5f4ddffd3da021da0bc3b72ffbce42aae256d751229a2dea0e456922,studenti.polito.it,-60.0,32.0,8311940.0,643066,AP-SETTE-SALASTUDIOE,Student
11339681f74c18f3223419e8fdb523962685275628f1454b81acdd052dc028c6,4af4c6d40d377911d2074f2b9878c77c891710067cdc3a8eb530ac6190cc8898,studenti.polito.it,-68.0,18.0,714240.0,345971,AP-OA,Student
fbfa12d869b75ef4e864e75760da1b6f5cf75df4ac3f697649a1f99d25bb51f2,1874cfa1c1bd42b8efa9a2d5a07d95ec4798bd826dd3c728557e18abbc9fb3aa,studenti.polito.it,-59.0,36.0,395301.0,119033,AP-AULA8N-01,Student
215c676bf408ab8a62ee84c181d310a8b192bea658ae900324f5885a798ed8ba,f3ca6d9c5bf752b69679f76aabf59bd596fe03eb61976c61bf6bce9ae6d8740a,studenti.polito.it,-47.0,46.0,270648893.0,25471505,AP-AULASTUDIO3-2,Student
be87ca16c250c6d8af90861cd66cb8676672cb0931bb9040b1c893bb2441057e,0a561720b9f133458b49e3f00dc1d90747bd930c9e95c420017d8d719d0a631a,tudelft.nl,-70.0,21.0,135626408.0,6384514,AP-AULA29-01,External
cf05fabde9ed298cdee16f8f7a5ddb2d22746d9cbf4693c5d14b2910da945939,441f0cee07e48685f905ff82a10045c8ccf469e760adc1e0d17a2fa0919c7f5f,studenti.polito.it,-59.0,37.0,14219404.0,5659364,AP-AULA05-03,Student
3a8636169bd2415e405892eb89c476577dd49b1175288626beaae5e6a29ac92b,c7081530c7de7a32e2cd22fbf887fb44bb7b159c8520756f2c7fc48c83e4a4e1,studenti.polito.it,-59.0,32.0,4949206.0,4157694,AP-SETTE-LAIB1S,Student
e8d3eebc368cd901861e1878a8f195af6bc0a22cd17dee4cd86f310d4f72bc3b,e55c2581c856f39f2f25b9fd446968cdfedd95daa13ac7134dd0f009f5b2a86c,studenti.polito.it,-58.0,36.0,122696329.0,665991510,AP-AULA6-02,Student
e6095c83b06f0699c5023e013c07e68b0d5f85f0e4ef99c1063b3d0dd41104ec,8404375f78a41e3c8919b537ea4f88d1b00daa91e3a687364a6123d27778d4b3,polito.it,-67.0,26.0,118946.0,14417,AP-DITAG03,Staff
cf945374b4d843065cb9271d2538ca45ec9b91ab4ea6bd7820b979f6eea2edcb,6ce53006d45bcd6f1bbade65d48015d45564a9aace4db7d907694a0b025fc111,studenti.polito.it,-54.0,40.0,79635133.0,4371584,AP-CIT-EXCELID,Student
273c39e93ac2ad2c179212c294fdbaf6555612565235618995573514a02881fc,87ea99d9d16ca55b46a7957d4e9e098f290adba6d94f4bc9828f1a4af3717e9c,polito.it,-43.0,49.0,235794257.0,9803028,AP-PORTINERIA,Staff
a8e8ab682f3a6ecae45eab1b3c014cdac2ca71263a90139a5668ec839c392ef2,93ef1819cd4d706ae583307325ce68a07c530950d5b3033b740fe09946208644,studenti.polito.it,-54.0,41.0,172291932.0,21755000,AP-AULA08-03,Student
225f57d5830cb3926a304c635e89fb22d6b01ad28a6582076e7b8e7c7bf73fbe,756a8257106385c071a185d5cb67e71a4f40e73dff65b7efaa2f514734980663,polito.it,-68.0,24.0,6102573.0,868318,AP-LABDTTF,Staff
6b8f24b5d15031d0558dd2ba9f8c23bee61eff43e01663b00cd39d88427b04a2,f060d1f6c847f1b822923675cd34b9bd459a7bbc916266db6f1b61266c42e288,studenti.polito.it,-67.0,31.0,119943370.0,8790637,AP-DISMIC10,Student
e88cd526b239bc478059860fdba5db9a6739b34a6c2191950fb31b12cafae900,a0354d597c261203e8f074fa5f7549ef65387ff11db08797452ad2d6054826a1,studenti.polito.it,-50.0,43.0,178327445.0,5676017,AP-AULA4C-01,Student
4bb1c642fcc78a14c15692ab7d7f8c3313ff20dafc9c03e667b58ec1af467466,,,,20.0,6618.0,674,AP-COV-C3A-XP03-04,Unknown
b62bb69b598d0a28d6d53d12c003384ccd7d8694d1767ed2e4a97dad57b5e727,db85ca8bf8ca6ccc4e9414963ad10210d312a2c76956ec8366a4d2fc68e60b5e,studenti.polito.it,-60.0,35.0,79414.0,34742,AP-AULA11-01,Student
3c14ca1e0d5c1dd55242de84e09e809a74ea232f8302ee199735663ab742aec5,35fffe3589933527e8c384d71bd0103c2a73ad2410f17ed7f151417af64e836e,studenti.polito.it,-57.0,34.0,1512474.0,1490810,AP-AULA12-02,Student
9049b07b28808dc455caff971ed41271d5af361740fa1964e0fac408bffa4fc5,9b27ca4cfd74ee72975024e10d717e6361621b3c45be7b4cb829afa552200da3,studenti.polito.it,-63.0,31.0,44321634.0,33304722,AP-AULA11I-02,Student
d065d3631e4e01cb42e36e7a58dff2875608cc2141836c4315534bfe6517e551,b10ac2920c31e419bb3c4b3db25763d7932a20c96f1fc313353f8289db0e27c2,studenti.polito.it,-58.0,35.0,125737375.0,7684656,AP-AULA8I-02,Student
2c86d7a5fe9bd0d6825333fe2eb7d93748483965249a7f5007b1df39ff099e14,062ec590cace59172b203efcbff2ac7018136aa7a6b7bc9d15c0feb268f1b51d,studenti.polito.it,-70.0,26.0,1109312.0,9409681,AP-CAPETTI-TD-XP01-01,Student
0bf519bd2597046e90d628e0603e8b986d3e84e5ecfd6fd03d527eae5d63dad8,339c907152e115230f9fa768f1a90665ea2a3f6eb0d7c5b4679beabb80b8cafc,studenti.polito.it,-66.0,24.0,52128816.0,1671477,AP-INGCINEMA-01,Student
3b811ea535a04a41a61a3789bd7bf1511852f9fbbb738255223c15c360b25d71,922ed375666a4238c59a1ed1743104dd1c3ada3bb704fcc2139ff207af81943c,polito.it,-72.0,24.0,8629317.0,94089333,AP-DISMIC15,Staff
baf3ede19fd08af3527500961848294858f916edeb11ac201339d774874c0705,323ac036e8c845e35cc3f5bcc790310670185de7f062c25177811ce257fb79bb,studenti.polito.it,-69.0,24.0,43456776.0,3830686,AP-AULA10,Student
53eda78caf3bbfa0c7aeac1794dde5aecbb1eb9779ab0c672521c6152970fea3,457eb808342dbd561df239820e1ae0c7eb728d6946c0674a2fd603699f5639ea,studenti.polito.it,-54.0,38.0,1136947262.0,21605233,AP-AULA7T-02,Student
8d992d90a7d71d73cf27f972a08c0fc041bd802512e666eaac20e777963e2aa3,c761b6fee1634f07203f74b0f037ae82a83e212e6869b80a3566a0ace4d62ef6,polito.it,-55.0,36.0,15724028.0,2431722,AP-CIT-DET4-01,Staff
ad573a5a75f0486fe7f9150649973f45ffeb441bccec8cd7b8ad5dd25b507acd,d68ef0b848181abe16a5aefbbc94e4800c62d99e7a5359f3871c4c736cf6ed82,studenti.polito.it,-50.0,41.0,30073595.0,1960816,AP-GESD2-02,Student
f5157762055844a39e689a26183cc73e9937dbf2c08018b43ccc905b753009b7,793555f8c930faf0c8a7549260abb53fc0506f814ef762813d93d27587c6ca09,studenti.polito.it,-59.0,34.0,6457711.0,232773703,AP-LING-AULA301-2,Student
b100c03a399f90697633f3c33f844012849b13646e28d89d2c386198cd3869d6,6adb559cd1d1a3c56aff9eff07b9c668638f67b9c9eefcfb14b2ca1c779274d4,studenti.polito.it,-54.0,39.0,856444620.0,30662446,AP-LISIN01,Student
f6ac30dcbba3d6bbab722b6e5a1e1b2d0b03d15a8a13397567d01f648942ff88,ba89a1f3dd76a10d6ac502da6823912e9e5c75401a066185e59ce182846b88d1,studenti.polito.it,-88.0,5.0,9793271.0,94589963,AP-SETTE-AULA11AM-1,Student
bc80b00255c931445c63cc9007523622a4172b13dcce3bf61148278ccf5b7677,d9ae87989971ad468a98b0edd44c3fd1cd55e78d1ec246b31d479edc56819cb7,polito.it,-52.0,41.0,623499367.0,29048028,AP-DIMAT-SALA-OSPITI,Staff
d2259c60783913180c6c6a42a5972e9ad78a85bbb9223dd903bd00b40534059c,864d4d2196522f60244c78b10388faca279147e089b36adaf55ca77463371589,polito.it,-59.0,30.0,456026976.0,34459406,AP-FISLAB3,Staff
72b34a8f7a5ef03c924f6e1363aac52ac9fd78395281ad3ff0c0d57e4c18d1d2,1ddc83a5e576a6f188b21a8d1f82b0b4cb1fd0caf92e716dfaeb607c473f4b1c,studenti.polito.it,-52.0,33.0,1057621.0,543379,AP-CORPOZ-12,Student
cf88bf699ed5ee8d3953dd837f5117ed34aa64ac448a80c021c04c4f53a98eac,f7fbae14222f712ff4455b49e586b4c75f96eb5d51ed537b8c26a8c4a65c45b5,studenti.polito.it,-54.0,40.0,143310730.0,11917250,AP-AULA01-02,Student
fd9677e1025b358860a974031e5e5ec5e5c0632939b27e8d06364aa48e48abad,911a1776d94211d9d2b4d7e0f6a37bcb5727832fb97547100934c22823b1465b,polito.it,-71.0,22.0,35440641.0,4314239,AP-SETTE-DAD-02,Staff
9b379bf6ee119f104b6c2ba21089cccac9cdaf16213efcc9407a0e1c0c110ca0,b219bec2c9bdffe1e482aad77c88c90de8e6a237bb2a8080fa4a3fac36e3ed3b,polito.it,-65.0,20.0,86557634.0,19083317,AP-AULA7N-02,Staff
065384f12e85f827fd9549f047f6dfd46aafe6bceba41a7f219adf5df5498137,eaf39afaf7bafceda9dffb2eb0ec6c8281835be3ce1c7c044d51365768c0639b,polito.it,-71.0,21.0,30894259.0,5475222,AP-DITAG02,Staff
f3adca59c6b0f16a80027bb80a98ff7d35d9e567c6d245a647e3be96c1749afa,5bfb474d8372197ac4134d36cf9654801cccbea4fcab854da0d32f16b08f4b18,studenti.polito.it,-53.0,39.0,293359433.0,26740262,AP-VALE-BCA-ST-02,Student
a2c22e5f03900462f823b24c016f13a1d8c4d317fd77d8597f1e16da9ed7f85b,e8cb2ffeb06f799e9039f622185652783987d85e6a743aecc80499a8da125bc4,vki.ac.be,-54.0,40.0,198018699.0,31946698,AP-ENERGY-EC1A-02,External
f3de72b9f2caf8c1f53b576f091ebd8dbc4f17ba6aea4de26f2b4918eab35a99,fea4a7685120c9c0cf609426b53efaeab78cb07bdb379a633a63158bee4f3bda,studenti.polito.it,-57.0,36.0,301325999.0,103008240,AP-VALE-BCA-ST-01,Student
971a9502ca4a392dd9103750861ccbb678533279e5ceb406a36bcd55987e22f5,ff6046395e1b5d4fbb823d40db0dfc6d200e2bc438b69da64a9af094f0c7121d,studenti.polito.it,-45.0,45.0,194627.0,306163,AP-MIXTO-03,Student
cfa390388f215086e2ef47d8e2a61d9821e20a9ac45e233e75597e1c521edb20,1bff9c7abca762d1ef5fdcde82095b6082eee0ddf99f54e21650ea9f9a46e328,studenti.polito.it,-55.0,40.0,22779151.0,2744041,AP-AULA11-01,Student
cfef9b2370289cccec7bd9f99019554cb76112ab5fed1d55732c5444f17b9278,4400d93468d62e667fcf0f53e57fa2bcdec36a5533d2b8f4e0d7fcff978ff0dd,studenti.polito.it,-85.0,9.0,1582943.0,456676,AP-UFFTEC01,Student
5f55f71fe3997babd2cda54fcab0e506a54534c2ce1e0d89ade7b95877afea83,6c2f7c12306f6e9c811984c920aa84ef777bae41c2cad09f6079b1e2c6fb9742,studenti.polito.it,-55.0,37.0,62341.0,70908,AP-AULA4N-02,Student
2109ca63ca0c872c06f8f2c374263450f392619143802ba40b28b1701d9dcad8,a6e2b76c8c33ac5e74667f5323b4dd44d17f35db1233dab9c75165acf900adce,studenti.polito.it,-49.0,48.0,1063501.0,414681,AP-AULA8D-01,Student
b6d26d7c08914d204cf33cc34a6873c558c99ddac4559ef399f0b980cc5d9a8c,17d5031fe000b4064d8fb1b756cb3ec9bb13d94ea5e226ec61fb4e5db75c36f0,studenti.polito.it,-56.0,39.0,21630087.0,2329316,AP-AULAR3-01,Student
14fb11b726a7e7751aab8bbc64b5bd039b25ce3660e35e0f353a389a52a0d423,6c589cba2c2ad3c286028155b058d7a16cd2616b0672a4b355d53dee67aeb59e,studenti.polito.it,-66.0,25.0,2099842.0,9543921,AP-AULA3I-02,Student
ce472aa3fcd2fe219497a8f38b7e2fc260cd3c44feae8c65d0816f92ece1ce0f,0fbaee932e26d9f93103aae01e5d551e25bbcbc36ac65f04338ab885fa895718,studenti.polito.it,-48.0,45.0,16807598.0,254680304,AP-ENERGY-AU04,Student
7bd25bd30610a6712f33a4d598f282d3b9fb2d49190cccb881ed43b2abf1446a,db512f5d1c5df2c3f3c94cccd08943ea25f2d549de985dcd81c7e9fb34f2b5b2,studenti.polito.it,-49.0,50.0,1083709.0,216689,AP-CORTILE-04,Student
5cd7d174ae5d08c33ced372b0fb1651ffe87e5b530ebe6c441a4df8979338821,da64323419badee0f666460d9946643a12601223f07040d779d9c884ab04f76a,studenti.polito.it,-73.0,4.0,1188575.0,62258,AP-GESD1-02,Student
bd94c7f9befb185ff3d203862eae1cf71c1e04c784fe4f8de3aaa431dcebc7ce,a45066c87a8f87ad4fd227ad821436802c9e2b555356ebf2000089958bebfc7f,polito.it,-84.0,7.0,57387591.0,7264286,AP-AULA1B,Staff
11f6e5002aca9db7a0ad1592aaf42f0f0a3023595e7d33ad8f784fe1d3639b41,92ea05ef5c26be6f6c7d5f196954304a51038b935bec384739cc39ab105b487b,polito.it,-59.0,35.0,166056317.0,25198020,AP-AREAIT-2C-XP02-01,Staff
b2e91e92724e97b78971373fe73f90f59ef984d0dcdc0b332881469aa539fcba,84282c6250d3c43b354b7f45fa9401ab759452779b49be14b3bace26e2efe44b,studenti.polito.it,-49.0,44.0,3417535.0,1594916,AP-CORRIDOIOAULER-11,Student
9e98fe958564d839e559e79035e3b3f489d4f1d7c02347b3c9a817854882d64b,3eb64b5cbd987497e687e26a29cfd46e29dbf6e91ea245181c40efaab10310c0,studenti.polito.it,-75.0,19.0,252206.0,137437,AP-CIT-DET2-03,Student
ed6739ce14c78098f1ee5d7c962a0fa90f6eb5c2d2f446379a83e41367c19963,cffc976866ffd395ee92d3f949592ef4bf3238b0d13b452ccec37871be956b09,studenti.polito.it,-60.0,29.0,216412872.0,9080713,AP-AULA7T-02,Student
d5a675a383d9349f23e33b43ea0acd6b148c638cf548f328f50f86eddbf5c1b9,b457dd5dfe430bd9792bb5f4191f8fedbacccc288a6a10a713d91d8195f0a965,studenti.polito.it,-39.0,54.0,165363.0,140576,AP-LING-AULA305,Student
7d360f9a9aafeb51cb7dae80680bb072ffba99b7f101b145b50febdd0a5bf46b,e986b106e0f3ea4f500441f5425aea8676fb4adeb986a57e6e8901906ce518d3,studenti.polito.it,-53.0,44.0,6811012.0,782119,AP-AULAR3-01,Student
a6fda14e4d68913c151363966a4494298bb8270592b8b6ab2c8bbe12a3802997,d476ea746322f18dfc25aff445cfb051255e66063a40ff9d971e15bd48ac3d96,studenti.polito.it,-57.0,31.0,1384359.0,992412,AP-AULA10,Student
2981130fc8cdd53af282710f52c29c0faf5b3b9b1ff9a296e7df8b18c3e927b1,0d171dcdeccde0f57d96f7022d4a6a73b138d741f52ae38c5187ac887734ef78,studenti.polito.it,-79.0,12.0,29925727.0,12197949,AP-LAIB5,Student
3c021de0cab044d8819625c88e958eb6d6743272c688370d36603ef73de775f4,d591d1d819506f84e64d5c884636943739da98a1d41666043c57e84229768d06,studenti.polito.it,-64.0,25.0,1081316145.0,271185213,AP-DISEG03,Student
f5d5ccf7e5837a6b5b1734e88148fc59c5854684f67edcc2966d319fc8ba0e21,1e54b402e7226aa80b1898bc5d5afb150e03926d88556c3e9afce8f0591dc7ae,grenoble-inp.fr,-45.0,50.0,68721527.0,6035718,AP-MIXTO-01,External
14069b31385cc010cdaa1a4b6b8290c941d9e49bcfac6d8c1125682bc17797f2,6f53d30b33ebec11ef4a8c91ecb23c59687cf03dc3d972e76d1ae8325d355880,studenti.polito.it,-65.0,30.0,386222516.0,8379682,AP-AULA2T-02,Student
91358a1ecae705ce226df670d3a58a8c4589de4f90a4f0c426b4a3a7b453da2f,fb5dc6e7eec14a383a2853aa9fae44893fa32a6fa7f4f065be5b6618db44192e,studenti.polito.it,-41.0,51.0,146871956.0,232886411,AP-BCI-08,Student
eb8ce30be3007d3be2ca346243d1c9731cdafb6bf0dcc36cc7309dae21df9dbb,2e10fe4b8d150f4c5b6ff3144903b0c379eeb334c18165c3b3b3ab892c87fcdc,studenti.polito.it,-50.0,42.0,643599757.0,126489811,AP-AULA4VM-01,Student
6ac58ebf8b24b144ee026daacb8bfef282c8c1c3d8d207ee14dbf81f02ef4e31,24b3b87bd12ce3d74767ba0bd7cfa39e94d160a4192a61b3612112986f0aea1e,studenti.polito.it,-50.0,43.0,233813946.0,16105033,AP-AULASTUDIO3-2,Student
b8dcd441bcbee0ec0e4eaab8ab50251745fa9a9b2151527c2a0d895db4d57a7a,65897cb959430d98db7c75871b72fa48ee6491416ca1694f2d54d1e410964ef1,polito.it,-67.0,21.0,579910946.0,465448590,AP-CIT-DET4-04,Staff
a50b8d73aa3f13d08c63bd4ef36f693868b8bb7fb8056c734479d62bd130db00,b7bfe663a92c6844a36229c10e3e6e28906394079774d3f10da6a086416f5d6c,polito.it,-36.0,55.0,50649139.0,44925390,AP-AULA11S-01,Staff
68a17c6b3e6e9012969f9b3a55ab4a670f0251e03f13806d54e93910eb79f36d,6fbe78d532ab57a2025f737dc16eb7d30c13df65789a3a1ef6ace33577e7a852,polito.it,-77.0,16.0,1398240.0,726209,AP-DELET03,Staff
22ab0aa0effdcdcae6d65db46e53df73d003643b3d93544a298158814dd2fa88,70f1e6bad1ee95fc9923cbbd0611ad0217786dc52774c7ad89f7fdbd78b2d3c2,grenoble-inp.fr,-81.0,41.0,2593017418.0,23862434,AP-LAIB2B-01,External
d54c58fecd4c78972504ffa3b7210255db28c960f9cd05cd3cdd26bf3ec26476,e9b1ae9cf0f72d9e70986d5c4cd426eb6b672ec50533dc3ea3f01bdd6cb7bf3f,polito.it,-55.0,38.0,352548.0,221020,AP-DELEN02,Staff
a40fa995e20549071b791c8e352b1431d60e519354908b9e9702b9a6ac61bed7,51ba50d9840b41439c84ae383bae32d63f109d9118a77bf5670c38da6870d23c,polito.it,-48.0,44.0,86514074.0,49741635,AP-CIT-DET3-03,Staff
93eab06c419dc397b1bbb09d9cf3b28244a3fec9ba9786abfd2fa29be52457cf,6ed4c9b7ee7ee176c2952c003642393414d85430731d57c41dfe859609b82d4b,polito.it,-47.0,45.0,1252212640.0,160465085,AP-CIT-DET3-03,Staff
f0829932b8b7820babb718592d19c83a7ba3d82a77f8fc67e40cdb2889db4eec,29702296349fe12d3977da500ed969b7ffa6ae1c09344a31a6f0e09260766c01,polito.it,-64.0,24.0,914136986.0,53943081,AP-CIT-DET3-01,Staff
6e949a590e0b31d8a297bb613b77efe6c2ef10afb1922cf3c2aadd0834844c17,c7e9b1b29c57b06f0d9651345d28a3c2674f3fd6219002148f38615d99ec2b3f,polito.it,-53.0,39.0,546503739.0,198616354,AP-CIT-DET3-03,Staff
9fb7f94f441806a6e980a38201016323f43ec92f713ab938a813786806947371,f60a9873b82796746cda627ffd4cd0fb5c5b75c7b245c5aa28ecde691aa59f2d,studenti.polito.it,-61.0,30.0,32474.0,26422,AP-AULA2-02,Student
2c7b4b8813f946a4dec88557a6cd8b1e105491908c0c4b3519db1425df24b688,e45d14cae54cc314dde9c35d08bcd5ee0733d425ad1e2246218759c32cd2871a,studenti.polito.it,-56.0,35.0,19876683.0,5215280,AP-AULA11B-02,Student
db57ab1169db75a62b79ab385e79cb986f1d849b491e0989e848b8978054e60d,1070a6d6f3d99e64d69be6b1a7dba5b846b7b4dadc8942754184e84d22ed0654,studenti.polito.it,-57.0,37.0,275889871.0,7460239,AP-AULA10I-01,Student
b1131e4b571f14a17782e07b244f720e2bed3e33b156e6374031f16edf31b536,5651a17b730a80a3908cad0b00ae19dfc14bcad4371263f86ba610a735e1dfe2,polito.it,-55.0,37.0,555508911.0,136563385,AP-CIT-DET3-03,Staff
f636479e17aca9e3d5021233a160ce728f8e5006d134497ddfd837fdd84afd80,cd09f792019f223539a9bea75735d5b836c2cc405d34a5a7bb3a415f64e7938e,polito.it,-66.0,25.0,762043610.0,41605013,AP-CIT-DET3-03,Staff
81901e84be10601322dfcb76e153906f3ccda34300159286a4d3f506a2c3c64e,542bff188782e18fad203eb65a641801b0459249d89576a174c762e1a044b71b,polito.it,-66.0,23.0,1103331670.0,253306464,AP-CIT-DET4-01,Staff
27daa32a8ac8a51c319c6b3e121b5da51ef387a32358d41bce47b02e4635ac66,f7cbd8b70628e05a2517083e18560ad55b08477c61637101dab65ff2aea0a798,studenti.polito.it,-77.0,16.0,252117663.0,141825430,AP-LING-RECEPTION,Student
0117a2dfd504f5fc951846ab54aa42dcd156c8221390089995977da4278222b9,2428e228bce46fd348b1269c04e0a980f254341eb3c62e4b9edb36962a451b1c,studenti.polito.it,-54.0,38.0,63220438.0,2622322,AP-INGCINEMA-03,Student
3c7684992b4cf4af46c34bd671bf2e4d2b62f83beebec5f8fbdeccffb5488d51,bb4704106581061b1a97c631c3ce7407fc0224888824a47fce3e000fda73250e,studenti.polito.it,-44.0,48.0,820.0,16203,AP-AULA4T-02,Student
ec27d4ff633ff2573ef8be8f4b1174f8ee53b9893ef782c7a17df37608c48461,51a496c76e358e478790b94524fe0b246a25286c46ca115f659e3c87a55cb76c,studenti.polito.it,-48.0,46.0,200101376.0,19055786,AP-AULA2-03,Student
cbc7d0ad9a8b14f1cc2be041727747946cde2d7cc8e73f71ebc10eb67a934a6d,a142acfd2d66d43391312ec7f3b264342dbe16d512d55407266d6f7f6a339558,studenti.polito.it,-56.0,36.0,127469582.0,71116030,AP-AULASTUDIOR2-01,Student
89ec7d17ae74e257227d8ec95611a5548bcba08a589dd7720676c65df57272c2,ee764f82348bbba9fee4c6450ab7048f46970fa0abda389cf4ceebc6310be4ac,studenti.polito.it,-71.0,21.0,46799046.0,8329409,AP-RETTORATO-RETTORE,Student
dc15b1ac177a661daba29a332b68940463b963a0cc6b46fd76828f3d85fab2cb,492d62550af9419c1c4736a4dce6315418eb10b7173ca5c8cb8dbfe36c08945c,polito.it,-77.0,16.0,10458.0,32705,AP-DIASP04,Staff
61c002a3b747a119074ccbad95d165e29e21b4b3a3abaf86c2b107d615283355,,,,43.0,133813.0,11285,AP-DIFIS07,Unknown
0bb6e47cbacfcf4ba011d11e3822bf229e92e57415796e28ec14356eb3e7532b,4b5c9ac78e1a686ccfbffd5b348b30422dbaec8dc72908aa0a23aaaa18657ea0,unifi.it,-62.0,32.0,22696804.0,3350085,AP-AULA05-01,External
ac3a7fe8464d850804bf900b0094b4906fd389a6770b66abd52cf1b99a7ff9ec,7b241f7d8494878eae54798c3e2b5577c4ae98cf2fa08bb991ad8ae1a7e580ef,polito.it,-59.0,34.0,47299013.0,4230060523,AP-AULA1I-03,Staff
3d0e3c73eb1788ea3e8031c3145329fd6c6feda41211a0ed28c1e63a5309d5e6,e14ebdb03b0a30ff5bc4ab599ce137dc0f08f7d6a96ac67860aa46a67e09b28c,studenti.polito.it,-55.0,38.0,468552954.0,19571515,AP-AULA05-05,Student
d1ff53b7cfa95fa91346464fce0516cf36770261c67f2659d9181612c5d97dda,e7aac7bb68f52189172e52e30cd4187ccbc3ac4921dc715d8e70bac724ee2c85,studenti.polito.it,-44.0,50.0,376280.0,373796,AP-AULA3M-02,Student
30899f47f3f095c0575f0342274a92db37f36bab46e0de6caac7d4f584e33707,4f39484beba8f722b0bf989b26b0c922a8daefe216814266cc6595cb8ba788fc,studenti.polito.it,-57.0,38.0,36011029.0,8568151,AP-AULA3M-01,Student
a28eb966270d0d01ab9d436af4249cc52e18c48a63771c306357608274043af9,16f7ebbdc41a678f31022787dbdd0350ac80a74a67b0f97545e3d8070b9364f2,studenti.polito.it,-36.0,58.0,81542963.0,13760976,AP-AULA23-TM-01,Student
995427911ce259fe70b123782bfbcc88986dd22b8605869782e84a1803136764,cf100888f10ec4d05c9d719d1577212c117a9bb477e1b8040824ea283c93b6d7,studenti.polito.it,-56.0,40.0,118652146.0,52096772,AP-AULA2-01,Student
a45bc0b9719d7555602625eb37e46d243b3e75994256cf30114949a27ae34512,8d77c82def1f0e225f603d45a6ee35cd55685a77f6f3dff8ed85bb246b89a1cd,studenti.polito.it,-50.0,44.0,11669425.0,2785521,AP-BCI-ST-08,Student
091e413feafdc21522a7efc3d403fd1d65dedb3f27c5e9ef3d86e79f92ddcfc9,7c1c7f2aaf0872d52a840f7277dc9bc2c1f243f5b4853bcdcd9c41a2a8017eeb,polito.it,-55.0,40.0,110242355.0,14677558,AP-AULA12D-01,Staff
57c3fb073f50fa9d258b46abc71aabbb6982fe959b847357effd3737da929c88,e6bbe0cfb10dbda89a90931251fe35f7a87a80e8cdb70ba469b5d0bcf463526b,studenti.polito.it,-84.0,16.0,163748384.0,81950168,AP-AULA10,Student
6913a94458177e60e20f43dfcc9b29898ab019004e86830f191b075804004a98,63733f4b29bf0ff382bbc56a9447d3e79f5d63f61e9c87e8b5ced9b691c7503b,studenti.polito.it,-52.0,42.0,880108471.0,193199948,AP-VALE-BCA-ST-02,Student
5713c76fc556a90838c25b060561a7638c5d79e799928dbd780f93973ceeaead,e7eab3ed9a7a8c7c84c1c55b10614b7f1202572ddd2858effa326e3cc7d92036,studenti.polito.it,-47.0,47.0,248811735.0,20334333,AP-LING-AULA210,Student
b4aa1522aa05aee8c2106e00edfdd8402ffe34bbba1fbf4dd270827704deccd8,239c80fbb71fc2cc525682345b60f062420398c3353fc54879c86c2848bf4000,studenti.polito.it,-55.0,35.0,433498083.0,67838278,AP-AULASTUDIOR1-02,Student
29937be1ae06b9b6dc99ff516012966c44ac28634ff8914531259c2ce83dd0d8,1430d126e3beeb51fb968faf9dfe43d2251acdd1fcb2e6365dab6b8a841a822f,studenti.polito.it,-40.0,42.0,136827849.0,2189496,AP-AULASTUDIO3-3,Student
0fd6d266a489457e8863bf31cabe8a75eac78e827fbdd8fd38428d2be04f4e87,08dce1ae12c1d5bf2eb3f11f0829bef5147e68c363e0482d23ae46fd51b5e1b8,studenti.polito.it,-47.0,47.0,227487124.0,27542320,AP-ENERGY-EC1A-01,Student
729111b115c787400759a06d089e4954ea1ce1e7c0979b79b80115a9c62c71f5,,,,14.0,474.0,144,AP-LING-AULA207,Unknown
3056a858f72386f9293870968bd6cf560ae65fed8359bd6e770bda8e3b8a6103,efe807faadd3efc42031814cab0b02bba2f620be0803baf2ba4ae7d93277a257,studenti.polito.it,-47.0,45.0,61036088.0,3211003,AP-LAIB3D-02,Student
e39e77f9eb70d1a3c4c368468bcf81e4bfea1b5f4fc7ae87a950c02a1e1761ff,a1d190fa1f85e19dd7f287fb8d94d547da576dcd3356b6cb33a351d918fbbdcb,studenti.polito.it,-57.0,34.0,5173204.0,1882062,AP-LING-AULA305,Student
81e13b062d7d989d8b7428952ea68a970d2383647aa119d28d0b1025689c6aef,1cde7f86899d15733ce64655de8ae509c39767d72ba1884366e4b037d0b750f3,you.unipa.it,-59.0,36.0,35935680.0,16800352,AP-SETTE-AULA14AM,External
3c5e19eaa0209bf97be4c61582f7996df43bf20c12f04fd7d137e7db1c1ae567,2ef7a539ba54034c3df228a0a254a988a916bc49b54e99375e75cf4c369163ee,studenti.polito.it,-58.0,31.0,22790904.0,32159671,AP-LAIB1B,Student
1bdefbe7843bc64ca7d6e47dbab0d6d5481722fda721e653b5e1b6c1a2451470,ba18f6ed00c24eda8017d84df892707b1d47243f4ec12c58c30384e4222f94d0,stud.ntnu.no,-67.0,27.0,453826.0,257559,AP-CIT-DET2-03,External
e734ec24b9ef2a86defa0fc7cbbdbd85b09381839afa2899e4c321c3562046f6,7556defaffa574006893f6831556e415d3ce8344eba91e8edf7dee30783948e2,studenti.polito.it,-56.0,38.0,1545563784.0,2862345985,AP-BCI-ST-08,Student
a21c6726df1fe1efcf6bd608b90252a1a13a46be44e8948a324db98d1772d990,755cc0c22d9e843c9b69946598788725e7f2e7ad3b22bad883e096623998d6d7,studenti.polito.it,-51.0,42.0,2526307.0,293009,AP-SETTE-BAR,Student
23da0e6e08641115953ca9995ffc930c9a595cebd39367c13a76872b1be6bb44,9eb82fec654dccb404203984ac33882150a312c3c2bd9b69b49a7cb3f3908051,polito.it,-50.0,38.0,302352310.0,35779914,AP-AULA5D-02,Staff
4dfaf89fc28367e287c7c54251944dc2d186b821e15d70fa76b66a1ff96d7c97,e82b8769ff9b64f58ab4d02394e1391bd4c499af130cee46c5e2faf1f7b548d4,polito.it,-83.0,13.0,120038108.0,27030949,AP-SETTE-AULA14AM,Staff
1b107380d7bbd30115468f7ce612b17e83f54117667325cadaf948dc335970ec,690cf6a8f4fbbd11537d25c279c1290a3474a7ed4c8b6b69534f3a35398d00aa,polito.it,-82.0,18.0,35935020.0,4814047,AP-AULA11-13,Staff
6e76ce0b3a9f9b193962f900eb32297336a5ac33e37a1003b7f1e50b16eaf8d3,3863890e9446e64801668db49f64a0f60ff3b10dd5b928ac726c617eb60df2e0,studenti.polito.it,-52.0,41.0,132290610.0,8051175,AP-SALASTUDIO4-02,Student
81d007bd67df4faa751cd16e1b01e31039fffb186384e5b6753b5d4611e75170,b319fd684d4390c34071530c2c9e9a4aa5a0d9c98a95a2e46236c5dd2ae75de3,studenti.polito.it,-56.0,37.0,51684236.0,2015020,AP-CIT-DAUIN1-01,Student
01d54be47f5882a9b0c7dc4ddf82751c9e0bc6c87f7a7d06ffeda963e96c10fb,9dd6b648f68718fdbf7154e3c4a64dad7b6f2fda5fcf1a8da8e3a7e8683db8ae,studenti.polito.it,-65.0,26.0,412800469.0,54132370,AP-CIT-DET4-01,Student
9996f29b8ba95c06fdccb5975ea76799e21727de5b02ad535bc1551eba1cae98,1544d38a94bb7abbe62817d1ff56a7688ad79434473b47ad9391cdd5e4c3d5dd,studenti.polito.it,-59.0,37.0,28157953.0,2085626,AP-AULAR4-03,Student
486fee1f38d482b244aaac2941b8ec4d787d6bf2eee17094d9deb2cd2bd0c0bf,11ec726ad65ec5828a00d41572e79cfb415314394fa224d66c307719aa199cbb,studenti.polito.it,-56.0,36.0,5469912.0,4495771,AP-LAIB3D-02,Student
9ef0920a34f70fd3007ca2342e362aacb9557784b99b1b1f9be2a16dcd7245b9,b0716eef305d6794b37782fbde9f4eed88a43836d06814dca425d6c1d021f256,studenti.polito.it,-45.0,47.0,338551801.0,9717967,AP-SETTE-AULA12AM,Student
152bef517c6e43cd854de68d4a1aba3c518f9740beae4fbd24c2fe6d597ed08a,54ac9d17a5d4c15ea0773f07c4a84e911bb3ac829b42c6eeb8b579c2701c6fb6,studenti.polito.it,-47.0,46.0,162498217.0,19820769,AP-SPECIAL-NEEDS-02,Student
0eb69101ef848db3c8961ce6177ebf307c7606ed61ed2391fb432236b50cbe28,8bf796c88fb543101705ff9a01e8ff3cfb855befbc50bc315a566f0edc83878f,studenti.polito.it,-45.0,44.0,104281810.0,8467669,AP-AULA05-01,Student
d83703d16b7c98f40a32a78d7cc5e9bc499aec36709baedba335a0d1363ea4c0,706d42d83b3a956de85e2a0d132a73be06854f126e366edf71a798abb6010e4e,studenti.polito.it,-47.0,40.0,141093404.0,6236210,AP-GESD2-03,Student
b7edc8b23b5c0b59c7295253c014ec43323c0f255f8f3a08e6a8aeafc9cde588,54d8f324d0ea3d897c15a2b4111f337035c4fe11800067b7a20aff7fba3e6d20,studenti.polito.it,-47.0,41.0,18963776.0,1811593,AP-CIT-DET3-03,Student
ec2c48ed87fcea63ca925dece45488c7b88c909a767f81e62caf55aabc2bfa19,a246cddc8cf51c8af84ff7aa29ebf2aaf08c49ec3dd58a5da4404e806c1b8d67,studenti.polito.it,-49.0,41.0,3264470.0,907991,AP-AULA11B-02,Student
d05e5a78f013d23554e24dacf710688f3667ec4df429a40143485d9c85c37340,4120a0c7f6e2c0cb5b05a29d83b687e82077730a5af9b7984fc1928d01f1e1dd,studenti.polito.it,-61.0,34.0,156620257.0,23195381,AP-VALE-BCA-ST-01,Student
43f869b31fda51e1394e871220619ac64652c1b9b174b3b0fc235b2e509c2c2f,cc45e2441847335adb43563ae21ae0c055bd4ed0baaedcb24159e70a052ebe10,studenti.polito.it,-52.0,40.0,86399810.0,5961395,AP-AULAR1-03,Student
d2846157d631b5d08d9f046ba866f78d3d1c98010fb32326debc788db6836612,95ad19609c67534c11bd2de91e3e8de7c43241dfad595b0f29333f4d1688b548,studenti.polito.it,-51.0,42.0,76317009.0,21663353,AP-SETTE-AULA06AM-01,Student
f7b45033f83588fdec59a9621a1ffa5fa57f2984af7db8c4096596ce8a04362a,70d9258a3d8b13afc51c4a0e4797c9a6cad812cb903b7125778ced26f439abb8,studenti.polito.it,-66.0,24.0,39771549.0,20706002,AP-VALE-BCA-04,Student
7371f7d1b2b035c7f74a942e4b945576a3ed5913c9f1fcab520a2375c26d44ff,bc963b6f10ad0b9819e89900ca1dfe9e8783ff1a152383e5a0fd4d0bc8ac85d8,studenti.polito.it,-43.0,23.0,96645126.0,8268385,AP-BCI-ST-09,Student
c77d8e5e87ae9800930e4d7be183e9bab9180eab5aebf739c39dd62f1f498f2a,8317b397a34fc3d9dea1be41c443ce3c1fefc120a67252225b388f65b1a3f26a,studenti.polito.it,-56.0,39.0,213942591.0,18706953,AP-LING-AULA206,Student
17af1b5ba868de7359f06d62fd0da4dc24d701156fe894b355e788287ed586b3,1bdd8550da3bdf5e1a8e677bfba89e3f07e9cd462f586c038ca1f5e95e566672,studenti.polito.it,-77.0,12.0,595225043.0,20161085,AP-DIMEC16,Student
3fd91f20331efa8d4c452774662d72a59588ee79f8281ce4a6ca90da4e3fb5c6,16acf20b72bc67c22ba4a3c1b6f75041dd0ec4904f5790e3f25b0605771b97ce,studenti.polito.it,-48.0,45.0,37413338.0,3581884,AP-MIXTO-01,Student
5ddd7991fb58e51fbf75b31bca2f0a890f13de39571f7aab11037fd40221e510,eb402610a4c045a5543db0fb7609b613c6f05036286a726620c64bcc13d13c3a,studenti.polito.it,-56.0,32.0,1369254.0,521294,AP-VALE-BCA-04,Student
d5d5d093cdaa08c7012e555b3e851bf8c51f843af3e9fba5762d34ff689f8d97,c48db9d54c4d49bbcf58e9f866159eeca91c19a70dc9ed4e329d6db282215c47,polito.it,-56.0,35.0,75591945.0,7804156,AP-ENERGY-EC1A-01,Staff
c5ea477621bff936fc748faaddc8cf745f58c1f7590b36eef64c5f49677543ee,748bc1b5a7111b3f4ed2660768f7487d674a5b8f65018b4c244bb78e050ff89f,studenti.polito.it,-53.0,36.0,889191471.0,8462170,AP-INGCINEMA-03,Student
d1d0e16a61733e7c6949123b7ae35dea24986b1b56d39fde0de05e6aeb58dc4d,baceff60889aa934e0f8e6c259a4fb7bbbd3f279a6ce9ecfdefce495b8233301,studenti.polito.it,-56.0,36.0,366277019.0,24426171,AP-AULA4M-01,Student
036c03ece938ba6f2e0440841349031bdb0326282ba1c53c0b34153b47252d66,7730898afaa24ee0ca1b25c1d11b84199ea72335714b9c15007ab68312db1106,studenti.polito.it,-55.0,37.0,88200114.0,14372900,AP-AULA4I-02,Student
f8a1eb8b565f067a1f2a39d11442b81998e703333cae91071e1eec0fbace23f1,facab9c01757de341be16cc95f209888009c00af58a5c62210718d9373b59ea9,studenti.polito.it,-55.0,36.0,3597843.0,940920,AP-DISMIC21,Student
de17162ade813a493cb9e4cd4e14e54c86d3fd84bafe4328e5b7bffe1a41db21,,,,26.0,18582.0,1338,AP-CIT-DAUIN2-02,Unknown
31973ccb124df84fd837e040110be40358235ca913de8e4e0692a1cc020670c7,e0a32323352c315fc3219ca7a8edc2f8f1fc9ae7ffbb0192822603ded3242c7a,studenti.polito.it,-65.0,28.0,17497387.0,1104375,AP-VALE-AULA9V-02,Student
b35afc484af7363aaa9faa71f5d353ce31e9fa59e2e9babbb8a9905eda393d87,9a7399703d34b89c552272324f92bb6921e51da0a184620aaaeb8c22f886bead,studenti.polito.it,-49.0,45.0,84991178.0,8084859,AP-AULA4-03,Student
109ed6d085271c927ab5104034a1e2590df2798919dea73ab8a829a15bd0d266,76a004b9e5a848cabd6943bcb581b73c98f3a0b39d28ee35e76aa75d09e0487d,studenti.polito.it,-69.0,26.0,10130430.0,15581892,AP-CIT-DAUIN3-06,Student
964070b073434748aa17b45a7b76ac5d0ec2d5881515cd8a0aa105e1510859ea,81d63346186ec398e19eb97597c88eeee406bd3eb571ee9e15a3b99bf4365160,studenti.polito.it,-71.0,23.0,590360.0,447604,AP-LING-AULA300-2,Student
8433be697f0e06547cb95176256627199784da9c2d2af0f4447a9c985bf3fba6,2dfe563a51d39c01ea0bd9e79fd8c122530366f88a275d71a766c0e227ad78a4,studenti.polito.it,-82.0,14.0,230340804.0,6179292,AP-DENER03,Student
7e70e26038660c6601ca6c24bf501d7551652c85ef486127225fefc8907fb352,36c5d35520fb87e16fa8438539d39537426822a3b8678e56d077bc2761c7b71e,studenti.polito.it,-52.0,36.0,160309390.0,20347596,AP-AULASTUDIO3-3,Student
b8c5b9cd411deac96b82566803f45d033ad5acba969dba3fdfb3d1fdf5282fda,a6554e12bf56218289b73974b9324097439bdd7dbdad146528d00d88de3f7227,studenti.polito.it,-55.0,41.0,29515368.0,923778,AP-AULA03-02,Student
01d9a3b40ae3e9190bb83d0fdd03ce86f9bcd10ab32b95b7889d5fa9111617fc,5d2d806fb1b7e3b3be4ecaeae4d0d40f7f7af1104f541400d412951ec03cabe7,studenti.polito.it,-53.0,43.0,275016818.0,15265650,AP-AULA16-02,Student
8e41875ec71b298b0366f4e51c43a958b9ce1eb3a795c89e6204e6b4cfb239f0,a8894e997534b49360c50b378d3a62bcf4f61b1bf5d4f6b191bfa0df59b72a8d,studenti.polito.it,-63.0,29.0,7039478.0,1301944,AP-CIT-DAUIN3-07,Student
e29e30992d2476bec59617efef6bd975c89868300032dfed7750c76d5f268d51,865316abe4750b1b8231caf5c2bdeaa95e38d7290a89d99c78a311e41d53d422,studenti.polito.it,-61.0,32.0,34962929.0,881037,AP-LING-AULA308,Student
9e57da6796f240822cf4de83a8c44176cb44af0f495b9f11db3a1a43684b89f6,31d21b15dafa26d524813bd2bf69f35351b2801dcdf3293890d551e994558648,studenti.polito.it,-61.0,32.0,1535660.0,962531,AP-DITAG01,Student
5d4f08bf9ae06258e785cdc6e397a2af79f520e35caa76490980507fd76e3a92,e5051335ff90046ef670e34afbc3d006cfa5741fbb3d93119afe7d2fa21efaa6,grenoble-inp.fr,-91.0,7.0,22217175.0,1959986,AP-AULA4I-01,External
90a8fe9903d9d0e6d215a281687076d45bd8cebc5099b3bcf498ab791f84aef1,feb6843be6e4a25d945276d0c736550328eb0ba9ff5d5eef9eac4669fe263501,studenti.polito.it,-66.0,23.0,2427241.0,84606035,AP-INGCINEMA-03,Student
86a8a6419ac778d1db0faab4eda2812b524eba7cb96599cf99f054e02ad20363,253b5e4778437eaad0e5dfbf917e3ab0394d8574ad47c94d1ba89369800cc654,studenti.polito.it,-43.0,52.0,25442832.0,1546301,AP-AULA27-03,Student
7698220531476e515c9d49b63749537ab548efc3e59ce733cb903db8bd199b6d,bccd2267a25c8dd28b808cb46127e1e5aa32840abef5801b41f84ce3a245396a,polito.it,-75.0,22.0,75203937.0,94795557,AP-DIASP07,Staff
c32d0912adcf5c1e37a50a4c31da1dac4293436345514bf0c4384fd0693229b0,06b77c4c82501375406a3f00b6b600ee260addfc5367ae39b84350a68c5faecb,studenti.polito.it,-62.0,32.0,24830391.0,3983176,AP-AULA6-02,Student
0884c5cad31aa232470e8c5975852fbaf18269b43e7f26008b773f3ec3225f8b,f63c2d481948a5aa25e6b209313f1b9554e2ea2871e3ae306157c667f24e8305,polito.it,-71.0,23.0,11168.0,2542,AP-DIASP03,Staff
a16cde8a347be326cf6e56cf12e15329ed5631c72a612dc2bc77d7f8aeac2982,0eaf2abb3229770c670f8fda4c3c7036fd5f93cdddce209a9174dc7fd774295c,studenti.polito.it,-70.0,23.0,23141689.0,3450151,AP-TRIN-01,Student
eb6bb576f0cbd982f371081b80e0ddce664fbac280a981e732ed229c9d575e97,66320e3e27c215ed0fa40d00723f44ee856b589b5a5cc87f9bfab46f959899c9,studenti.polito.it,-49.0,46.0,10118417.0,1141141,AP-SETTE-LAIB2S,Student
15c7fc79e47a4cba5e3be4eb0ae2ca70fe1e2a9e3b3f5746d051a4e4f2727e07,90e2f04cbadf909867d5a1d7a7d236fa36f7cdeec9d29542ad2329199212f3f1,studenti.polito.it,-46.0,49.0,64891878.0,5251631,AP-MIXTO-02,Student
69451e13d251de7ffeb1d037515090b5ae3f202eeec40597a5fbcb7d2a081d00,66dfafee66300085771488b9b7a095481fc9136d246fda521a999bdf44fdeae1,polito.it,-51.0,44.0,1624343.0,1618248,AP-AULA08-05,Staff
f0664f0996f7e7689c2ef38d744735da20d66c9d498a6628d202f2949cb82c1b,5560c3b1cbba03cb3e20a9a38fb9805e4a4ff9671399c55d6e44d5e7c5ce4411,studenti.polito.it,-72.0,18.0,5576505.0,1523923,AP-CIT-DAUIN2-02,Student
439ca41f187581a886803ed2d226511b727023916c948b08a54bb1dfdcf306b5,a4f399b894d5402de475bea42be7a0ba141f4ac9d48c4438caa7d399d7a52361,studenti.polito.it,-42.0,52.0,9551794.0,8300351,AP-AULA19A-02,Student
fb354ad3de8cb6cddb8ed83d320373f0bd731e89067813da7fb737ee79228ef1,8eb47980eb0de2982ff953428329d4d2caaa69f5acf2173065175957d774648b,polito.guest,-62.0,29.0,180418275.0,21535259,AP-CIT-DET3-03,Guest
97734d026de563b8e3cc5e329d37a143a8a82ac0065b9ccb75330103a8ea6cd2,44abd672b1d46e8fe84fb2e6753ae92a764e9cfd0a8cc2c913148679173a5440,studenti.polito.it,-67.0,28.0,110308.0,67253,AP-CIT-EXCELID,Student
a8fd3d9974e71522b6b7a5ed1e0da5f2c216fe26dfa3a1993fc96872cfe2913e,5b3bfafe7b63c709537ab1a1f493967a2d4c2b6db10e99a7bf73aba179c74876,studenti.polito.it,-57.0,37.0,114192756.0,16221881,AP-LING-AULA207,Student
35ff546f241db510aa3e8159efcfb19f3e5839e4271452c3862534a6d45f856e,34ef17cebc95fb2815e5cf03642ebd385ae298aedbb07a3193f8d1a3d166d1a6,studenti.polito.it,-70.0,23.0,4725152.0,187419,AP-GRAPHENE,Student
1b15c4c959432d911bf128e9a3d09b47600e462f7031e0060f395ee9d6631e15,bbcf2503b48dc810315a50a3a6b1950b89caf0109dd5acd699a43c311ffd6014,studenti.polito.it,-45.0,49.0,129741327.0,31493106,AP-AULA01-01,Student
05aeba1cf661a110289a1e259607603e43fad6b1bd92422d20599905dac19a39,b2d849404293b759c75c115c9f82d4f726cbe54f6c964534ce83e57c29812fa1,polito.it,-76.0,10.0,24555192.0,1828082,AP-SALASTUDIO4-01,Staff
82f6b8d18dbeea7d8d91810469ce0323c0a73ca357bc1a92fa3a92c0abacb91c,2f16629a56f456f6d746a809545d0c208d2a805b0fec098a329f6edaa1f3ba7c,studenti.polito.it,-57.0,38.0,52145948.0,23279494,AP-AULA08-05,Student
466eb65ff36a1f329173f5fb4b62b6f57b95c095c3b3d40611bb1d7752f9dc12,b326fa9646aa603f0ddf145de24bc8913e6ba950778ed0c90de540bd1fec4362,polito.it,-61.0,33.0,7741172.0,1843192,AP-AULA-DENINA,Staff
8b4104de75f144a5afb5633e2a72d2c6f2ca860757909ecbc4f333a690908e6b,863b37f8cd250386faa8cbb42a1f62b6163788e69a9591fd73145442ce03ccbe,studenti.polito.it,-42.0,51.0,14863746.0,11067617,AP-AULA2-02,Student
d4d04ac5c674deb6bae9d99fafa1364fd993d3ca449b090dc149ca48c152ecb9,92fd3d51ce4f1d7b7060cd21906d55443b9bb6b2a47c9dea086c0d5eb71a4989,studenti.polito.it,-52.0,40.0,300234694.0,6367975,AP-VALE-AULA10V,Student
ee9d39ed571fe577ae9ec4d140e8b65103fbdda187626b70c0b1e7f9f9a3cb1f,56f05c3ccd9378d8dcce24ff9aea9d18ddd33374fa6dfb915ababf567b8ebbf3,studenti.polito.it,-54.0,38.0,12014990.0,1055281,AP-VALE-AULA4V,Student
bf395ceaa804363e87119c5e47a09f7bbcb4de3d7eec8cb8a0e9a8430323a1cb,ce8535855d7f04ef74f5734980aa7be0382832590c57f2995178e1a695f1b070,studenti.polito.it,-83.0,11.0,351635175.0,6923356,AP-GESD-02,Student
d682b7673bbdad450d1858f170782dc8f1cf687642df99dd5baf99492427bcea,56830d35116b662d61936931dc12f571fe4b40d2d3a6e36f93d6cb42352af33d,studenti.polito.it,-65.0,22.0,34337256.0,2393550,AP-LAIB1B,Student
e679f666db426eeaaa008be9ff9cb2322bf3d6f9ed4cbe465afb74545e9476cf,fb9d9a5f8a8b5c047b8770386493b74390239d03e92586b1160202af0aefca23,studenti.polito.it,-74.0,19.0,1836111.0,322065,AP-AULA8N-01,Student
2b518bf22bf41fcf5b4486703c852f35efbf516ed980d2f831f96e02085aaf48,0cf751034de7484a10526bf64d394e0e5c93aa6506858568dad43d304b1bcd73,studenti.polito.it,-53.0,42.0,33378518.0,7909547,AP-AULA16-03,Student
44fb189c2b9ff7132cdd0c2abd358aee98c559bfd1a60bde670a1941567eaef6,b2cfdf023eba27696037c93d85944f4ecd3767dd315012bda2e60ce341476d06,studenti.polito.it,-52.0,42.0,111504579.0,8057054,AP-AULA4C-01,Student
e771345d1ab478ba1e4d436bf888c9c012cf3f9c6a44f1bbd014dc33810bc971,6c4df25b06db6b3b6c1fe69d40704c73e7e3d0ab79527d4b8baab7200d2be8d4,polito.it,-54.0,39.0,28877729.0,2870560,AP-AULA01-03,Staff
22a848f45f4e61f69c78731286d4203df8f5efa18dcbf1f799af51c4ebbc9548,ea56740b53fed40aac8a32e1eab4812093d4e5f2b926aeddbbd1a3312e47e33a,studenti.polito.it,-63.0,32.0,295924745.0,14251842,AP-AULA2C-01,Student
75532b282073011220fe70904df31953fdf379ccfd516e88a4262b70ac94bb92,58498f4b8cd7783f3c1fe4cd7c0b1bd70171d756f446416b2d07e68ff72207a7,studenti.polito.it,-66.0,26.0,33708.0,16193,AP-LAIB3-01,Student
0fb8c02117da1a80ee6b76f40a408672f84d5cea4ba6ad44ac450909e44fe14a,2a4b165ff40278a172f5930da94594686c74b61a657a0f8109f1dc626b422fd3,studenti.polito.it,-49.0,43.0,818552.0,318149,AP-AULA01-02,Student
ad385803a27ac37b317daedb7665402fe6e3f21a4a752d9eadef7e0c79692566,535109758b4d64fe78b08ce7a58fffe94e36779244bec09e66cdf6f403410121,studenti.polito.it,-46.0,46.0,73037717.0,12830449,AP-AULA4C-01,Student
84883c8cb254fd50194307a88c8af8261efd0448a9caad9b5406ae6cf4a56f09,17f1ec83208b057aaf690cc4d8344e6b62724605c6db6d3cf9df4230e7ea7fb2,studenti.polito.it,-59.0,30.0,50667981.0,18041809,AP-BCI-TZ-01,Student
4277d9c301f0af79418d84f2b493fa4abfb95a7892775a19f70915cec5b3c4d6,4b6554c8ed87d42612519b43ea285bafdb170f52074e8a0d07cd0d1b66db2216,studenti.polito.it,-45.0,47.0,11107035.0,4194033,AP-AULA2-04,Student
a48fa9aeaff144bd510391ad037d3a044fa0bda2f0f194d6d64a874ca4d3f040,1f1d0e63d963ef171633a50553e5c1ed39264a48338b7792c8342d28377e9b74,studenti.polito.it,-53.0,40.0,138528052.0,7188460,AP-AULA4-01,Student
3fba291aea704c5b8d7dfaf16dcf001d3577b9437ea0ef61d102ae9e7876c708,f75b6ae6ca113fa8d998c9541ebd4f661e0f91872a55e5a2416dd8e7f45a462f,studenti.polito.it,-55.0,39.0,10136183.0,2157846340,AP-AULA10I-01,Student
c036d868e40a29559e05a62d8a400093de786386911eb52eb3368eb7b93025f6,c28acb1add478e93d8667c09f33cecb5a1fa20547f655b8081784438ef14dc4e,studenti.polito.it,-59.0,34.0,295539385.0,12238811,AP-LING-AULA305,Student
4250919edcef5280933c7dacb5daeddc322fba18c5bfc09504faccdd2fffebc8,5218d7f39f0dc44aaa3bde8f694a869e468a635aceda5462f5659bdd66305381,studenti.polito.it,-46.0,47.0,415371857.0,22450605,AP-GESD2-03,Student
5b174c24b642efe5c5693635621e6caf7df259323d57d1cba7eb2dd493a2cad1,545f4e31341915ee487bd89ac6cdf433e8b715637efbbd1686cf1c44642b0a41,studenti.polito.it,-53.0,41.0,99047162.0,5292983,AP-BCI-05,Student
6ac988c7787dcd0ce51447689044f523389a71b96caef0a194d89593e2df1738,0eeddf5f6aa05a5b7c0e907f050617cf4eb29fe469b1a19df412fa455411b488,studenti.polito.it,-54.0,39.0,48573298.0,112412533,AP-BCI-TZ-01,Student
1e29d088d67d45fe60012af8da2dd3376470dccd86bd8af2c68236887343f190,b31957eb5e0053f5825d2b2078402143ed30fc6e0cd0397ec9d818e7c7becf7e,studenti.polito.it,-48.0,45.0,41954316.0,2973196,AP-AULA12-03,Student
3f1b7c24a0539667f067f73eeaa51dcfe757783f13e8211a21776725859e1072,9360e60113fac6426cb3964420d162dfa94fbfdfe6acd3393f6cd18311b75979,studenti.polito.it,-54.0,38.0,1033018700.0,6761748,AP-AULASTUDIOR1-02,Student
74ee043b45416e8b8e27315d548fcfd61800a0d3eb3f968149fcffc43adf45c3,a99494add61924d087f9aa96ffb9747462bb6462999e887174be5e5a2b79b7d9,studenti.polito.it,-78.0,17.0,68933.0,96671,AP-VALE-MOLLINO-01,Student
c4db29716d74089d9c07a74a324ff5bfb89cc16e89fee52f005a575cebb814d0,d10e4015a13886fda3c50ba3fec9cfe392242ac43b6dde3452e2a91c7eb7f37f,studenti.polito.it,-55.0,37.0,8436615.0,1176437,AP-LAIB3D-02,Student
895b492b4ed0132d90d18d9811d50369ea6e2ee2fb9c95dc7c77a684c860c821,1df56c33121ab86b646287c2e3f2aa0aebecb1b3d1ccc78372b693ba6d92fd82,studenti.polito.it,-57.0,40.0,211049627.0,12981609,AP-LING-AULA201,Student
3ab9b5203b83cbea17cc931e728b6918db80d4c63c1e2e9120aba872bd3403b6,4342e4e0cbd8481c93081ad09851f21aee3b3b5bbdc6633f0fada9cde260cb8a,studenti.polito.it,-58.0,32.0,531444.0,526308,AP-AULA11B-02,Student
f6ed15467667933a7bc35e74294e264a707f7cab0427621d918889debf40015a,72664fefd58db492116a6935ba55ecdd286721d7070609c2c8aadb697c02e169,studenti.polito.it,-59.0,33.0,77736842.0,2555463,AP-AULA12-02,Student
6100ba3eb47d066cdeb5974b0301fa4f31685a5b7d35831edbe5b367e5a7a18f,e74e2eb41e442b2f06ace11b5d91bcf2092a472b74b1b8fdda390caf603368ab,studenti.polito.it,-58.0,34.0,1176157.0,743470,AP-AULA4I-02,Student
189bf7fd0dedb30a2e39c295cda10f6d9d46391186b6d2eb1d267c77f9188b16,b2d849404293b759c75c115c9f82d4f726cbe54f6c964534ce83e57c29812fa1,polito.it,-52.0,39.0,2425052.0,435650,AP-AULA6-03,Staff
8ec1464e1bc4b96c55958a22b2f4c73bcbdf2bdccca4db43e38c683516bc32bc,fd37b3b7ea4d2150370d5f91204bab177c47ded27a56406b9fce5683014349aa,studenti.polito.it,-62.0,31.0,87862722.0,9080701,AP-AULA11I-02,Student
688e6f4fb0e92b1d61607cd0326b53af7c276f3aecdbca0f2651a1c55ed34a36,283a9ebd97e5de02eb858137c501254ae5124aa6f79ec6d84837554ac378511d,studenti.polito.it,-48.0,44.0,12072.0,7365,AP-LAB-ANGLESIO-04,Student
4086f1e59cfdc7c6d8093548c9cee68a557be323304e149f2d5a15a5962c39c5,448ed185f4a6f5e046b39c857e622a6760d748931027b49117fcd84a2295b803,studenti.polito.it,-64.0,28.0,132177514.0,10055879,AP-LING-AULA211,Student
be893dcd21b91402731907ad7805edd6912a94cb0cc34cffec223acc31c87314,9a3d16f069f1567c1091c3075845bfae755f3bf296c06df4c23ca4baa0944024,studenti.polito.it,-52.0,40.0,1506162.0,1094547,AP-LING-AULA211,Student
c0c07e374c4804d39aac8027adaa0876ef556af0fae3330e8090b27fc5bf47ff,295762d539aad5acf1d67e28882a45654affd1b14214dd2e95cc2af63cae29c0,studenti.polito.it,-61.0,33.0,56665242.0,22597739,AP-AULA6-04,Student
fa4e056476ab7d7d2489c9522c78e5fdf5dd8cf70d603947d004705d51d52aeb,cd72630373ca45132639b8693d5cfae8073be49a6baf7ed801897200eb677cfa,studenti.polito.it,-62.0,30.0,90858202.0,8290840,AP-CIT-DET4-03,Student
fe87cafc80e055f750c66009d177a345f078398ab4d505ab83ee58c13a90bdb9,8a56589235988ddbb1ef9168327b53d26f0a7b832fe889b853f6b2f1bc3fe629,studenti.polito.it,-54.0,40.0,91811525.0,14900428,AP-AULA1M-01,Student
9d32fc8b8c4694332c8f394a0dc526776faab3b619a15438d170779ef47ff98b,80cb33c21b0c0810455b35d07748933399cf882e91c7745f6aab8cc70365acc7,studenti.polito.it,-54.0,40.0,11200301.0,1586648,AP-AULA01-01,Student
43907e5c9d8783866e8854b546dedfd80e0ceaa1f1cce4f7852e55bc2de39c0a,898afe475b906392bbde7b231589d403ef798470b1386f642784305355bd1928,polito.it,-56.0,38.0,76543735.0,5079871,AP-VALE-CHEVA03,Staff
eeb2ed01bfedc76928c910a13bd1c24302e6aadbd2be00182881e29b77225a60,a3b30968d83febabaf9d7ac36550e43a40c404adb8decd316e6b8f05a152b843,studenti.polito.it,-53.0,39.0,121213.0,79444,AP-AULA1S-02,Student
9afbd0988b68407c7490768f474810ed70ce9ae95eee14fe36282690ea43796f,a4de09aeebc9898784eb4e44cc558eb04a96871ea9ff03c4595b1eb2435f7082,polito.it,-75.0,18.0,2466524.0,733307,AP-DIATI-1W-XP01-02,Staff
f1d91e1825cd555d4f54eea27b2b10cf2d1aed9c475e8b8a0fa86abc452ebc7e,6e6dff534fe480d00c007ffca756703c088da13e057d861e6bc3b0cc8b3a1402,studenti.polito.it,-45.0,47.0,4102793.0,4122824,AP-LAIB3D-01,Student
d870761d3c51bdf12735215ab692a322bdaac609f0cddacafeff9ef095c7fa16,cde50d9618067841a0a7935d70e2a26cb8c2e299791934ad891c8c7d267711d9,studenti.polito.it,-56.0,36.0,18640237.0,2233048,AP-DITAG03,Student
35b42bd7968ff4ec1cba5c09ddd366b1c7ffeccbf08353cf25b74051ba8f141e,6e6b0b13ff2c1b59b0d7c3e5d52792f35c6d3c4405778144cb9528d38278fdaf,studenti.polito.it,-53.0,43.0,242532881.0,6858443,AP-LING-AULA304,Student
021ddc3e7fe5c0ad8d886585db66537ecb5b3ff707125c507697ce24030c7c03,15383c310dfcf62fe049e12e573fe79862b5e3ef04fb57ae3c85d5f616f09fa0,studenti.polito.it,-42.0,49.0,117060336.0,57372829,AP-AULA29-01,Student
33324281648185bee8a71190f8c2a7d41579970f8953733048433bcb76af3f76,727363727445e19924868b2d1adc9dbdf7ad5ff376f749aff0416d4e8ea51273,studenti.polito.it,-80.0,13.0,48743361.0,3066205,AP-LADISPE-01,Student
e048c17adbd6865bc82daf41934761d94bbf818303b5b2ae6f0a2430ed1dad96,00df1ffa0376318f521231d45b616ac455606ed3417fbf5d1a7f863570841d2e,studenti.polito.it,-59.0,31.0,279033127.0,9476438,AP-GESD2-02,Student
3e73087879f59bceaf1b6a737cb71dd99ac21902e2852ef1191e7a64ea2e19dd,1ee0744675794479dd7bee7519d3c080d7593c1c0df178d47935f51c96e5abc4,studenti.polito.it,-55.0,37.0,358055733.0,44725561,AP-VALE-BCA-ST-01,Student
1e48120bfbdc3aa536651a8ce33c2741722786a2dfdaa6c9bed071d81ca4b446,b3d7cf8964bc3c00789f96e183c53aa38b44c117e05cba555499bb892fa967e0,studenti.polito.it,-53.0,40.0,17196.0,44904,AP-AULA12I-01,Student
0fa1fdca753fee8a8c0f793b361ebe4b67bcfa448b51602b4988d3a1e6dcb910,ddd55703100bb6bb397241c81732ac43340a746a0ca91cc152679bfad754a277,studenti.polito.it,-51.0,42.0,843415100.0,45518959,AP-COV-C3B-XP03-15,Student
3d15e7d1cb4be2041436e8d7059f6d2dca8026588a98a11aef2467de1c6bba9a,d15cecad83c6973a3794fca9dc12e3b1f72f41b343ca620bf129b709287cea34,studenti.polito.it,-63.0,30.0,9136371355.0,70993840,AP-VALE-CHEVA04,Student
58311a0c31a67d2d7670998516090cb20280e8d9442a04fdbfb866e35fa1340c,3860857abf5e7e042471242d0c4eea31b33fd643a455af7361ecd25a3bd7b5b1,studenti.polito.it,-45.0,49.0,6472655430.0,136740857,AP-DIMEC18,Student
586134fbfff4ebd8f0a69adce16ea3ec0e9d11110a90d878d8562fcdfe4a9f73,74439d4d6f83643cc14bff4380bef02eee5753eb17d43c1c35a8477f4deb3774,polito.it,-68.0,23.0,284265602.0,433159114,AP-LABDTTF,Staff
3e7f83abb27100efe0ac16f46490caf830641b5689a2a50f0de9e6d84cd4ed78,4409a24ae6fb1861470ea282227b0a5ef5ad3b7b59756b59195332d0df91ccc7,studenti.polito.it,-74.0,17.0,74327879.0,4032282,AP-CIT-LABINF-02,Student
22a9f30084b23e149c02d05049fadb43617f37c14e6d414ebc88ae19bc42651c,5d92c13fd17ec6fb38d4456117125d87832c01b980572b842e2f2cffdd5ed554,studenti.polito.it,-60.0,33.0,35783059.0,2152781,AP-AULA2I-01,Student
dda9b8fb944d3cecb3956b12b2873e69f4b1a9ce2bf1bc4d11856d7c00699eba,4a0ee92a478138021c14ab25eced6db7ffe71d4b9d076019e4898c44f0c2ab3b,studenti.polito.it,-48.0,44.0,87490274.0,4948117,AP-LAIB3D-02,Student
6040ad56a4387b980ddd617677ca8985c403fd4b5614b3b206a6aa2b767b3d12,737c93515aac4c1067d7e231bff2bd04c561bb42f54356e9b5bab8334fa9f56e,studenti.polito.it,-51.0,37.0,927543027.0,41106822,AP-GESD2-02,Student
6c6d556ec08645532c649bf8daa7ff97976fdba6bd7c342e010d6f17412d5876,11fefccefd56f5d52118a1782c0cf13a1a10833bf984c1f763c532710c851303,studenti.polito.it,-51.0,39.0,114147582.0,20668439,AP-AULA12A-01,Student
21691087acc34b7122c0ddc775e33a310bf9f0cefe7318b973e79f777457ce51,2d06139b942852b54a44b1cf0202a08e51d2a6afc05ce53ff7f2d98061760776,polito.it,-56.0,33.0,599128211.0,118517957,AP-CIT-DAUIN2-02,Staff
02e3e49a1950b60cfcbb627e75e7d2d1c316ccae19393e4d804fae835bbd70e3,d62c3d0c04ee4a4b1bca226c70e2e72dbf77d1aced328dc818738d9ba2c2582a,studenti.polito.it,-49.0,42.0,43042022.0,21267053,AP-VALE-BCA-02,Student
df04128e232874317d930b7e1efcf298388fd6a49c4653c6c8ff48d0b4e820ca,03d19a0907199f935888ae0cf7e57d8e866418914647980efb2053578024655a,studenti.polito.it,-47.0,46.0,21489166.0,6486269,AP-VALE-AULA9V-01,Student
f4217276a237cb7307c658cbd590f0144d5620cb58be6ba6e7b15c5b0a2bc4dd,cd32694965a7bb14f5e9053c23146762323860301c43205c5e950dd2ba0b1758,polito.it,-51.0,40.0,1085955913.0,585086666,AP-VALE-CHEVA04,Staff
177eacfe1fdf898cf878fab65009d43400f767f58f858e37368ad05e21157e65,8b86f2bbb7f264af08c769445090865cc7230c224ab55aba5c224a3c6514e4a8,studenti.polito.it,-53.0,39.0,2090973862.0,1436790263,AP-VALE-CHEVA04,Student
26b039dbe2ad08c757d49121a46256e88cb1160ab71b1f5a8d2c22efd77849f6,c1d44896384773b5f1be5a2f580107b2f37fa8a39833283e15b39f58053ceb87,studenti.polito.it,-62.0,31.0,22737975.0,7369045,AP-LING-AULA212,Student
ea2bec3dd99ac2c94f0fc0b7c1ce531850c9aa174ac47fa4d68ce80ce4024345,93a0eb92a68614c2db01d2d78ddf5c48e6a09a5d2b0981506ac2e714e9a98029,studenti.polito.it,-59.0,34.0,105972872.0,7245907,AP-LABDTTF,Student
9c4bebf874101b5f3406153ca7188f80c33a2ec87aa057c2987567c248c29f48,58cdf44ed82c7b9eabe960716bf21d9e9dff1a370a938d857904c2a17e288f6d,studenti.polito.it,-54.0,39.0,62412903.0,6668137,AP-AULA11S-01,Student
71e9d045d4a231ba8731aba948f847c49e56cbbb11fe3525d8b099038387c229,cb7ba121591eab910488161c62403a6cffb5c3e48162a726c44e3e6972c3ca63,polito.it,-78.0,16.0,651008485.0,21425000,AP-VALE-CHEVA19,Staff
d97b25872a0071fa57d1b9e91523b658ffd82d174423a5520c10c4d7d741c32b,90b96cf9aa849638830c48e6040036d444dcdd639f90825df8506e52f32e07ce,studenti.polito.it,-75.0,18.0,341559449.0,26011089,AP-DISMIC09,Student
635c6d00c33b2a59d5671546eab239498b9dbd98ca5cd0b15f936c8c02ee079d,e384c443cc3830ea8dc56ca95b75deff43da91d1b60fe986032bedbea6e8cf58,studenti.polito.it,-65.0,28.0,451327668.0,111032194,AP-LING-AULA301-2,Student
3e38c653619beb29a8a06c39b4ce84261dde9d87f023a46c76672f6bf658530b,525bf58d8e6dfa7cc87b6b72e9c24b4095636c7ba7edc90688b61f624993ff87,polito.it,-52.0,43.0,771643604.0,25306982,AP-DIFIS04,Staff
63526219b4371a19b526f7256ccd4a3a30dc15c5df1a5062026cc4752eeaa337,7cf5287e773c1bd380cbbf214db79a6d357d7a50fecefdedab07d362764b1fc0,studenti.polito.it,-69.0,25.0,12686219.0,1395364,AP-CIT-EXCELID,Student
08b39696d2e39b13c850fdd86763cce76d3e0c4ff226c0543c9a88546b03379d,d979dba2eb9b661699f2f43b44d26ca177fb210ea8f32d7ce803a7ddbfb2868f,polito.it,-51.0,44.0,1241529655.0,221364102,AP-VALE-CHEVA19,Staff
a59fc6adc82a140580ea3c779c22471b0ce262e1479a1d71ed82e0bd7a75fdac,,,,26.0,264.0,45,AP-LAIB2B-01,Unknown
57e95675e2e237cd108c51b7ba8dfe6a81a9797ea31a669519e1f5da4037e1f4,1086d206c536e545f9ea23964811a0b975759b927551876e2bc8bd531d15ac93,studenti.polito.it,-56.0,37.0,8760347.0,2144205,AP-SETTE-AULA12AM,Student
e3c09e882c78f04063bbcae0689c7f1d493b950983de9303a3256db695c71928,fe8ed313e26b0ed32e18ec48d25fbaccf74e263b29e0531919cec9f66b9733a7,polito.it,-79.0,10.0,2151157.0,886778,AP-CIT-DAUIN4-02,Staff
e151fe9ef355402a93238365b00885b6dde11ab858228748f8f71b59c9ddecf9,d189322a702d07cf2f6c8c8dc8926d93060c79c7983a2ad6c71ffcb97dca6972,studenti.polito.it,-54.0,39.0,251216277.0,2996974,AP-CIT-DET2-03,Student
f672200a25a596eb5e79e34807d28043422c4fcbf6021d0aaa24a9301d0d5598,b88af77c6b1f3212fc40b1e196327191fe60bd692bee45c8ab19403e556c6016,studenti.polito.it,-62.0,32.0,3054834.0,2779099,AP-VALE-BCA-ST-01,Student
eb2415c84d364fd17ba88fd83bfbc5a3d760e2d16da28559fa437bed4ae5a2ad,301687d3fc6bcbf64dd01817e202e36ebe7c8f3aad1d9bc52771f113a5973bdc,polito.it,-69.0,24.0,664986.0,488714,AP-ENERGY-EC1A-02,Staff
27b1732c2562063c5ea712cb83eddfe00cfdafa59f792efe5544969c4b647d38,1d047929b26a8b35b91f456c3a1135972a45a344c431a08e5700c7f3bdbabc67,studenti.polito.it,-74.0,6.0,12148.0,20000,AP-DITIC03,Student
74b5f5d47628fa1439a0bb46fde31c6990d77a37c560264706d99d17ea0b5484,b8096f6b9cfc4d9220b4727b1acb4b3fc6dfa16521fb92c86086b0cc9681d8fa,studenti.polito.it,-70.0,23.0,52051.0,49752,AP-DISMIC09,Student
0dc642814b0bc36f18402b4cd63389a15ff252e4f9bc8162dc0a8f050ce13223,e62c47c7905b4fb88e4bf84d327cdde50f0e16ff0a7daa0811b6af9e8b6bb224,studenti.polito.it,-52.0,42.0,743649251.0,23439489,AP-AULASTUDIO3-3,Student
8bf467addb225fb6bef4d1693e666bd8e16aa0f11bb7bdda9ecfa6f13d78d7a7,136ea0607bf93560e5a3475bf67e4503e9e501cfe48257f16db685216b5633e9,studenti.polito.it,-69.0,23.0,0.0,0,AP-VALE-CHEVA19,Student
3babf6f7ab4b6ee3eaf7eadadd05d1914ae982ace408f97c2ef745c21f01264e,358a950cf7db64d6b6475ebbb26f2562272a31b2db2c82f896d8f82db4919ec9,studenti.polito.it,-86.0,4.0,271314093.0,7758148,AP-AULAR2-01,Student
b9a5383720a8153f2157aaa6941d314d3e6ae792be479429660746345f60ee98,337ac9ad384fd81c8d6e433e7759d4ae295f66e2414220723f59181d72b6b5e9,studenti.polito.it,-62.0,34.0,105670171.0,9276429,AP-AULA08-03,Student
2e355f2eedb307b7771cd562f39e48959b589f1fbaa6c85bfe5ebff510a3f93e,39c9f7ea431bdea53b5a21dca50f27223ad6d85206e814edbeb3909968f411de,studenti.polito.it,-68.0,27.0,9304399.0,1613618,AP-DISTR06,Student
4511dd49ecdfbeb14acb2fd323a22e89cc3dadc3ace742e1291cb4637bb56a12,4a148c4a2a33fedc68a311030f649c791df87d2c89fcefe5f436b2a0f0ddbf0f,polito.it,-51.0,42.0,63238157.0,4738661,AP-LING-AULA300-2,Staff
03d5bca7a79b74ca4d62a444ee7d46e44de368ebb6013961d275e78f9692fd52,3eef8e22f9ce30e6cee7644badc1337385691aad46d5623a367a9e8eb906c55a,polito.it,-58.0,35.0,6270488.0,3055956,AP-LING-AULA301-2,Staff
40cd372fc6ae97757af998fdcf15a0ed207c99b155f409fdfad4bb1fa218450d,c45be64d2231fbdb5548f0204773e53130a2c688d4a53d4b991a77d526ae7bff,studenti.polito.it,-64.0,29.0,2630218.0,785149,AP-DIMEC15,Student
0c010992ec2391564aacc19fe80b2c6b9f06ef09a8b49e83da1e8e736783fb58,d25fc4f22248a432dbbef639342784192bc2aa9abcec5d55e187359f7e020595,studenti.polito.it,-47.0,45.0,2383953.0,703611,AP-INGCINEMA-03,Student
0f74e0e5e9bf52c3c286ebee5cb35126c403a2f726468bce15c03b1568f1e0f4,158b2fa335d83934ceebddf4f1283d2ddbc9590551e5a5c15bff3b0eee896bb6,studenti.polito.it,-43.0,48.0,85307017.0,1740880,AP-AULASTUDIO3-3,Student
8ad8c3153e1b89cbd7b94e6a8b69b6d02c5163eb16a2c7c691d5b6533cf5c115,7350de8539c76b56d1696a6c912ba50e3d14fe0cb72844391bb63cf69f64794e,studenti.polito.it,-71.0,16.0,86520.0,53550,AP-EXPO-107,Student
b540a23ea3306cae0bcb308b189c5dc9c2b628cdafd1ae8a3d7d552112a77f41,302f16c5f3c916d82f4ed8380f0940face59f013e3a1c2f6f6ef0d90d42e54c6,studenti.polito.it,-53.0,40.0,1309264343.0,44407215,AP-AULASTUDIOR2-01,Student
0b958beb7b0ccb7aa942dd85b1b91c1372fd01ef0ca9306bdf0da7b0e082a05e,0047f7c51ca2338085e9ca7ea95debc724a4f9a753b84dd310daf69fdf45162f,studenti.polito.it,-74.0,17.0,9693009.0,1063377,AP-ENERGY-LAB01,Student
294e3c43349e77c07b273b365a57982398b14980ffb4e22e0eaf949cb14885de,4dd8ec0de34aa5667129a59aea6836f9bb1149f6978c01f9a345690b0b908f37,studenti.polito.it,-52.0,41.0,23380450.0,4005341,AP-EXREALEMUTUA-R2A-P0,Student
ff162ba9ff5e7a1333d0762c985a3cdbbf324146671d5b23e6b5545ad50527e5,185d458211a14b4939feceb3f2f70f7add7fcfdafa44d02e40a3dfd3039cd120,studenti.polito.it,-66.0,24.0,72919100.0,12911695,AP-ACQUARIO,Student
396cf7dcae6822df2bfb9ec245e6d2d8f3ee133c75bc16db9434d949ef3ca680,5f2354bcbbe86d1e527c6a1d4fc4c830f3917fc6f66e752cef630e446c5937cb,studenti.polito.it,-62.0,30.0,104793925.0,8927548,AP-LAIB3D-01,Student
b962a8a3eeebe41394c6845b93174001f6bb899322dd5b762def43c7005b1bea,736d568507043acddd64aa6986d27a0f44cc5b736d2dc68ab0c88d6886e34627,studenti.polito.it,-44.0,49.0,91298842.0,2312320,AP-AULAR1-02,Student
6c3bcb2b823261ed39ee727826656ff4d7d3295aa6eef64444357a936002cd67,792793054fad9ed2269d14bc36365df3a097aeafe551f73f0d6ad39a0cc1e393,studenti.polito.it,-49.0,39.0,9178238.0,3974215,AP-INGCINEMA-03,Student
d22b43c00735ab22e3c7d09aebd3e22d728e2d63e492bd27c7eabc4fcacff7e4,356e442e2829284ba269a47641623ff5572e86d68aa7de297157c8da0ff93c05,studenti.polito.it,-81.0,10.0,369482.0,294024,AP-CIT-DET2-01,Student
dc880c1f29e687460655f84def25657827f215f92612f9529eaf661d77396201,2819c9773b43c4f27972b9110c2638b525e8b89d2c862cf2c8cf29b5b482807b,sissa.it,-43.0,50.0,178047492.0,9560222,AP-DIMAT-SALA-OSPITI,External
1cc89eb1b56d6924d5a35f6d60169199a5d83395152b9dcfffc30efe28b77057,c8d485e0d5f0623e165ce8586dfe5bee79148fdb27d816d121095730f6e728de,studenti.polito.it,-62.0,30.0,104978041.0,15980359,AP-AULA10,Student
b1e2aed113d446a2326a22ab769e636b1c4b44528cb7b08281a2e2ff3739c713,00eaac929d4098820243555feef02c7920c3f8130b94bd1cc5f9e48d22f222c4,studenti.polito.it,-54.0,40.0,1223594.0,1055828,AP-CIT-EXCELID,Student
8dd9d859ff14eeebde7fac2f0cd7915ee01417cd737ab5ccb056c65352e4fe1d,91204705f3f3bdf353568d1d42759fab4a8a343375e116186ae36551d25ae12f,studenti.polito.it,-74.0,20.0,21641336.0,7721583,AP-LING-RECEPTION,Student
6dc442ac8eef0e168f558bbdebb905de08720cf9d366d5b8563b500044e1cef3,69a288ac0335ec72bfbbb62c39a20eb2083f40e4f0719cc97e3f921a614398e7,studenti.polito.it,-53.0,39.0,264142773.0,87674485,AP-LING-AULA203,Student
701e770313a2864c3a3e213bb6eb4896a5a22b6b1e2487c7b538a2e0d95ee2e8,4a23b523306973971bf2adb89b1e7d5d1357df006ac98ae2a251a66156147c0e,studenti.polito.it,-55.0,41.0,55210065.0,16290615,AP-BCI-ST-08,Student
512bed28b2680c230d0681b61c32d89222fc4e004bbf48463e07fceb169396fb,9090093b06eec4b93b996847b67a313db7a942206a4c33bbc149b6412909731e,studenti.polito.it,-53.0,38.0,221620616.0,22905020,AP-AULA4T-02,Student
b44ba589e0166263614d151c7ad6785164234974c60536d5b1f775fa720835fb,781be42bf2fa4a5d8abf86d87430d73122509d9e336974f3c6ab048cba27d745,studenti.polito.it,-72.0,15.0,87524.0,141292,AP-VALE-BCA-01,Student
41febf8f6e2a9d9428a121fa89413dfef316cdc5d9e35d5966ac5ff0d22276cb,d306692a94b811a99911cb689c844153c36d9d630411cd83289e0c5f594883d1,studenti.polito.it,-60.0,36.0,22950167.0,1744683,AP-AULA08-01,Student
02ff7fb26265f676dfea479cdab6305d716131b8e70fec23047f756cc3888f6a,3d3085e250b2cfbd478030b9733a019566e9549e31dda320c1bba02695104601,ogr.akdeniz.edu.tr,-45.0,47.0,6249530.0,1597477,AP-VALE-BCA-ST-02,External
a2b43d78bfb9c1ed5361bdf75104da56129404bbf1b9ba9257fb05d36f8df30c,18799896a28237bf2072135d04164ba397a1487981b5cb6c90d812be519deb91,studenti.polito.it,-57.0,20.0,11891338.0,1093950,AP-CIT-LABINF-01,Student
bd3e5c742116c851e1ad1fa18c1eeeec4c87e22904440d144b316d0031adf3dd,7edefb312c28a7383a3fc28a45127fe79a593a187ec3f640cffc3029a5031cd9,studenti.polito.it,-55.0,36.0,1977073.0,1004399,AP-AULA11T-02,Student
e6a97162e4e2e7a153aa6d24f7447550fcdae149546db52ab5e3efc254c6f680,e19cc5e9eab480fa82612fcec9a9faf8e260751ac0ea7ceebbe320b8dc72b668,studenti.polito.it,-60.0,38.0,161112820.0,4713375,AP-AULA9I-01,Student
dfe161e1eb6da448056adbe7c91b3dbf2ef9526f11ffd6e9a22bbacf1c35a9e1,a028712e0f485f559e59f959b2a2830ab0398ba3a0f3a0bc9741dd9769bdfd9b,studenti.polito.it,-64.0,25.0,1154929870.0,36756283,AP-INGCINEMA-01,Student
afb3d1f96a82c01d2ef4991ce74c5eeae2a4af5dcd20854651679e45aefff9ea,782571d03d90679b956db886fc9fdfb723ddf2ccf8243a0fcbfc05abf39313d9,studenti.polito.it,-51.0,38.0,51543894.0,2089863,AP-MIXTO-02,Student
f84dfda18c21168bc262affeea3f3618581f7b431d435805b3eddb7bbbd60b71,fa69f8776e89ea29fa71bf0140986f610105fc6435ed80ffbd1b9b9437f3bc14,polytechnique.fr,-69.0,26.0,55647855.0,5535540,AP-DISMIC02,External
8e1fc802c78e584bca7d0d9bec0a65ca98fa9430dc270d90422eb80bd7f4fc56,50bde968a2bf0b8bb5f09b49762f1ae2c869bb2359ee63c49b2e747dae477e17,studenti.polito.it,-68.0,18.0,184759352.0,9191928,AP-DISMIC08,Student
a7361641c9b855faebdc7d4039b5bb18cffc06082a03d0d5e2f4d8529731d796,792793054fad9ed2269d14bc36365df3a097aeafe551f73f0d6ad39a0cc1e393,studenti.polito.it,-59.0,30.0,74276702.0,3939524,AP-INGCINEMA-03,Student
b7d7e944c8a7738167e04ea5a5c283e0a0e957c0848b21de2e058f966bbd114a,2aad10707850f433ef968c31054fa86645f5e9179052d63053f75f63c92065c4,polito.it,-53.0,34.0,10780337.0,3049301,AP-CIT-DAUIN2-02,Staff
1d863146dc95f7dbcbe79c01f5a94ca721983d3bae11f4a1607e5b025aa59ca0,269959f0763557a95d988cc267a5cf318125b121363cc07607ec75d102eb289e,studenti.polito.it,-73.0,23.0,177802965.0,6750306,AP-ASSTUD01,Student
6338588c0ca9064880ce73ca82bcc12745f0b8b00ea77a9978e01ac7f2ef3b45,80c3637f7a2e4b5ad9ff6efcb70fa7942cbfa9bd8f9918c60f61678055484698,studenti.polito.it,-58.0,39.0,17026865.0,5016717,AP-AULAR3-03,Student
6c04d94cb78ec15348855f7c07a034ea7cd62a98173714450ff23bf231171a13,d08e89e7aa7c8967137de215224ee3d6bbb40eb8f022079e81eeae5ac7f74134,polito.guest,-59.0,34.0,615529.0,340460,AP-AULAMAGNA05,Guest
6fd20b58b7e197182ea67f3298f290328077cb7d2747c36ed052b705be0d7582,e6d8b5d87d4e85df161eed6cd97fb1355d8f2574208482a574e080b54e2c5f4c,studenti.polito.it,-62.0,27.0,57052497.0,24691912,AP-INGCINEMA-03,Student
5fdb6eda517bcfa02bda1566be02022b938b32ace6b664067ea3a9fbe59aad99,1c6236a1936e1f62ed555049a415ac9a732c754e64581834cd67a4a7e526b5cd,studenti.polito.it,-57.0,38.0,432738375.0,24312341,AP-BCI-06,Student
a51b5b640c285182426bcc927a5990ba05426ecafd90ec7a1f607077d4267288,7b546e66b13e87d1d22cbdabdeb17f7b0f589f681a895d107d2cc7446ff218ef,studenti.polito.it,-65.0,28.0,60119553.0,9625932,AP-LING-AULA207,Student
4968ea8ec3dd2584d8bee3dc5c6de6b54b1096c74f8891347294bfb3f4ca7180,7356a936d783b0a009f129bf8063e7022ccf00d6b0b5d003c5283f702a69c73f,studenti.polito.it,-53.0,43.0,3575764.0,692453,AP-LING-AULA206,Student
acd9e1b1e8893d95ab7bcbb4165ccdeac3a1c4cb3b297b2d1fb3ac9467ba0bfb,3a070996ffe6d902bcc61a78a142eee15b5b9404c176b2589780cddfc5509d38,polito.guest,-48.0,45.0,131007168.0,11593039,AP-AULA5B-01,Guest
4bebc351517db380ace41f1671108fb6b27b850c86a00159c55ad9e41b43ab84,61af5102084b1463222b505d4d2114f0de6802a9d8be39d1d4b9deec13ba6178,studenti.polito.it,-51.0,43.0,540942.0,317617,AP-AULAR2-04,Student
121bf90baa06c29421b371e08ef04be75b1821c5dc0ea52544d3f48e3699630f,cb3c0919c852eaa154ed0034b7033b51376e7ff6342c5edb2bc8e447852b9c8e,studenti.polito.it,-60.0,33.0,410697180.0,11678759,AP-AULA9I-01,Student
e69d0d66cd4e68145c2ac4aa0e87bf5dc85d7c6f788dbca7b27cc9983332aac4,,,,32.0,65706.0,4601,AP-RETTORATO-04,Unknown
11655b93eba16500b4035d37558d62e79d7b89c5f06b016b3c2076b56aac7639,6c59495bb0fa0bd2e6b30a796b4bc07012c7c4680feb561e8a73673c49eb19cf,studenti.polito.it,-56.0,40.0,11537322.0,30106158,AP-AULA08-02,Student
b3613d7bd30b9c70ddb848a4827998d56e1e6845de012483d942c13bfeadf723,9f7cc045c076ba2e6454f215255e6e916e51af909c7cf1356557ccee39cea096,studenti.polito.it,-57.0,39.0,47327906.0,4676631,AP-CIT-EXCELID,Student
7fd7bc2dd887c91ab5e807f3d7438356a7ac6a4efe9b87689cf621f95b132035,e043c8a57f2d776f372c83885682d9c7ce376592ab057af0801e7db3468f0b16,studenti.polito.it,-76.0,18.0,133700465.0,8277429,AP-AULA10,Student
14ffe5d20a07464046873ea242d335b30c9dfd5a96f44aaa28bdf320531a70d4,,,,7.0,290.0,57,AP-LIV-LITA-01,Unknown
eb9bcc26b550415360bb0463d7b4ea78e4edba65c1bbaf3658d2e70cb8b108fd,0bc26e36d1930cd70b9dab39acfe3f280326099cbed2f0b9f7729a4727b5e7bd,polito.it,-61.0,29.0,53335195.0,9328008,AP-AULA2-04,Staff
fa9fd6335af5b52245e6e197b5ce2c131abdba9ae7470ae666dbaec2f61da7e1,a31e19f1be8df420950195d1f192b719adef61ec104aeace594a55b31d97af94,studenti.polito.it,-51.0,40.0,80739318.0,5787962,AP-AULA7N-02,Student
7ddd79a33637362db95156fd8936bf5846efb718620777b20732441e50c45dfa,6ba1a948d05c000e556f99786f7304d6e79568cce17556fa4305228cdc2ae711,studenti.polito.it,-58.0,39.0,11195687.0,360131,AP-LING-AULA203,Student
26e429f7827d20a1527dda122ab75e9254ee42c3bb1641308d394ef31baf1195,25c8b300714f3a64249242bafe2b3e36dac2b832472cc981661254c1478ea0bc,studenti.polito.it,-47.0,30.0,3765756.0,68644973,AP-CIT-LABINF-01,Student
bfba2d6860cbee8c07840dc53fb99b55fbf9c839fedbba28cf323411061b5260,0921eb6c8662931953f2db92a7db5e4917de6e222a3cfd778115c01a21a2c551,studenti.polito.it,-54.0,39.0,11222624.0,1365751,AP-CIT-DET3-04,Student
13ecf7d90b8a76b6ccdf19c4875aee115a2f25a5778a2234e8d62488370e564a,e286fb2d015517f62052aef35131a6d70cd689e5555e17a07f85d7eada3bc3f5,studenti.polito.it,-58.0,36.0,55537.0,50284,AP-AULA1S-02,Student
98f34fcf858ca4250216fd66e3ce6eca78872516c7f3100c8246e0f1e72bcf4c,3ad0ec870876b5dbb5f667bcc7874fafb1f4945a6fee6b5c82b3e1c01399e021,studenti.polito.it,-68.0,23.0,830684.0,141042,AP-LING-AULA300-2,Student
3c47a0f3f59be9facf69eabcf6806b1e9a898464c52bd4514d7539e70f14e847,297ae7593e51128d681402981c5da9c48fbea2e68ae9047983195d770227da18,polito.it,-63.0,31.0,249858119.0,13059717,AP-AULA4I-01,Staff
b973e13694f5ec2947d518c46771879c12362b0828b97112a156ca7571e126bb,0db2ab81a696211a348ab36bfa6ef8c44d9ede9679e445dde0e7c1b18b27007b,polito.it,-71.0,21.0,9026195.0,7586862,AP-PREP-1K-01,Staff
1ce143cbe4f84eed636c597368ffd3142558bab263a7fd5006f67618ee524802,cb77f0234ca1c031cd550bf2f182ab91c26e6425af3f89652c95378a4df2c369,studenti.polito.it,-66.0,19.0,750363178.0,21624623,AP-DISMIC08,Student
43ff8a26c20a67e1736eacb007b45d10aea666b555826fc0c717ca16ccec56ef,4d09126e7ef9ee7097fb5843e9bab4439cb062d5773f94cd59d3bada400d263d,student.dtu.dk,-69.0,24.0,0.0,0,AP-AULA2T-03,External
f90e642e666fb110e41441d2bb2e13b9d5f7829f1af1db48d217cef2129fa1bc,1e3dc460f343846d2ea74c1fe75ff98ade3c775f3395fbfbefe1c718c88c54d9,studenti.polito.it,-61.0,34.0,86158.0,35578,AP-AULA2-02,Student
8048894229f112a104d775a80d94eed95278698e91d7b484791fdeb043c0b8e2,925169f690e9bcea4326f3b4e0fe731416b792bc25998eec1d088bac155d72fe,studenti.polito.it,-61.0,27.0,377417.0,1330460,AP-AULA10D-01,Student
9d7297161ad0e101cc6ed7df0ae43f1248b65d28ed3746616901203cde5ce1f4,a3c456b51a8a5ba151ef995be0627f6e8666596c2882bbf5d897bd982523ba3a,studenti.polito.it,-63.0,31.0,902.0,22626,AP-AULA05-03,Student
f5d588e7e98a3e7825b1aabb5e877ea3e1a39f04292c52ed70732afc6e9af084,1c2a46affb2b92870ac8553fab8f7964cdfcb2e6f331fab6ebbfe1469b23fa79,studenti.polito.it,-83.0,10.0,43679810.0,10532905,AP-GESD1-03,Student
280e1b79c982cc7da010adebadb1d1e9532d0ce44a3da461fba360eea5860eb3,4fa738f7f660ea7ca49cb2c6d19aeaf8c6456aaa5bfa69e17e6320958fc40d27,studenti.polito.it,-48.0,45.0,560007913.0,9928346,AP-GESD2-04,Student
c54fabfc45d4dc548b1b8732c5f582468d6c0bbb0c67d1f6e89816ac6568cc99,14d8d130767ee601f776f6e8381702f4944be2587a837bb75d481052f4f1890a,studenti.polito.it,-54.0,40.0,3769662.0,757662,AP-AULA1M-01,Student
213fbf55d6ba658a1d30ac9668d38d6e77be58812af6616ca5a1ef2933295391,904b8f339c246577da2793177a1a160eb52ebd5f9f5023f7dc8c705396e52453,studenti.polito.it,-64.0,33.0,206499634.0,101258127,AP-AULA10,Student
a3d2429bfaf29736b081a1cd1ea7c58a90bc9a4cea3e7246414d2a37b46090c8,2a8721015bae4b69188012d62dc8c329c6f89a5f3733de3bb8b5e0d3b268dbd6,studenti.polito.it,-64.0,27.0,2186500.0,1209368,AP-COV-C3B-XP03-07,Student
bbcb34da02949855ae9d2bed543aed5cee278a4129288a8bb12542176eca6b7b,342782340382fe38c2999fcc8f33833640d5710db6c33fa31a98d13858a0f75b,studenti.polito.it,-44.0,50.0,10692651.0,211256968,AP-AULA05-05,Student
b9e74a0ae99eabc0f033440f51f88d1dc06ed215ce717c23f3e8d41e76764513,6868f146b628980fe1854fe0ddd71463210384d633e5b00ca419563390508467,studenti.polito.it,-51.0,42.0,45138031.0,2374221,AP-AULA1S-02,Student
9e85fc2bbac9a7d30e00aced2aae79202498d82f23d49e429f4dd0b093d7b265,8198d299bc6e7a9877dc7e643b3afe2e050fd5651a55fabeddf3de18fcd244db,studenti.polito.it,-61.0,32.0,300934397.0,21747580,AP-CIT-DAUIN2-01,Student
96dfedb89eaea6a9a8ef94e4919c28a8817a80e393a8716c227140fd1d3d4def,49fd5274e073f265757ee183361d4d9830ac07161eeff2d2d26fbd418e1781b7,studenti.polito.it,-59.0,35.0,4319898.0,1107304,AP-LAIB2B-02,Student
4227610263dbf2d79021fed3ff15b918d0d73eb8944d168b347d4f360e27bec1,b72ad94281075c8d0aaa5ab10debfe5be9f23f0b8ec5cf54f1cd83e812ca48d5,studenti.polito.it,-55.0,41.0,4281731.0,9393694,AP-AULAR2-02,Student
8e9e648d054fe10072403882ac44f709ff7448d45ab54d7a84b2a1619acd0217,092872b4cc4c2c7f755e7f235f0426186d0c3c63f26694af8879b9b469000e6b,polito.it,-60.0,37.0,13761377.0,1428079,AP-DIFIS04,Staff
5534341c97b535044c1fad8b2081b66c3d0e8a4b1c91466b519ea7572cde3f6d,151027419450086db57634a019b0e99ace1c9db0dde3caf5c38cd8475682f40a,studenti.polito.it,-58.0,37.0,3011257.0,780104,AP-AULA08-01,Student
4b59ba1873c7fc3f95081ff6a1d8cf7364d9df0cd00be4d10ff7f9272121ab07,,,,10.0,0.0,0,AP-VALE-AULAMULT-2,Unknown
437c12598996621a8ba16ad4852e2de7bb7f3d6f5ab25ad646f925abead7028b,c701fbc225ad49f0d53b495442f4cbcb5f08979ab7c93525180c7a810430f031,studenti.polito.it,-64.0,32.0,88964822.0,3726731,AP-ASSTUD01,Student
d14cab86862a27a71106d0fff14330e066f4fedc7813e67c0cd6ec901d45a59a,47fcde10892abd76b8ca6c02cc6794ec0118181b4f099b66ff76eb7198be7cd1,polito.it,-56.0,38.0,201316441.0,9436523,AP-AULA9I-01,Staff
011522f913343bb722c79e52464f0305f4d6ffe5f15a84717c10efc1bcc150dc,c260fa8f32807fa690d7e610c198bd189ec58df0108983596204e3011eb49f24,studenti.polito.it,-71.0,20.0,27429385.0,2520523,AP-AULA1I-02,Student
aa6a810bde9613c40049b3f4dc975e6c06167633b02a8d239168e8496935288b,8e5aa269ed12fd89005c29cea1b8ab75e227c90cb488399b8d7a2d731e6cbca9,studenti.polito.it,-59.0,16.0,9649900.0,6937328,AP-DITIC03,Student
904f5ed4d7635e6d98737d4b5a236528c3f9dc9d90ecd1454de11373cc9e879f,342782340382fe38c2999fcc8f33833640d5710db6c33fa31a98d13858a0f75b,studenti.polito.it,-53.0,42.0,98962092.0,7670086,AP-AULA05-04,Student
4c2b80f882d107d5e4a28ee3500373b8d588ffb9665d94026c1052ff1a3bbfc7,d866d35132f83969b058c6c41a2d5d23f1afdfdabc6f8050b6e321a8a439a3ad,studenti.polito.it,-71.0,16.0,95394141.0,7381892,AP-BOGGIO-TLAB-04,Student
a6d064d0605b6e007de30ebadabf5b01e29ead96a9b17211275ac39cdccf62e7,b77a9659a43add34d02802142a19ffbd3a54d5277e8d638fb7c9ab0148922bba,studenti.polito.it,-70.0,24.0,68778525.0,93170854,AP-AULA10,Student
2519919961d9e703b8960e0bef919e060427548dc05a274f783e4d148b649386,5762bacc0159ea457e520700a2088600eb621e004ddcddb667de8a5a8453593a,polito.it,-51.0,45.0,22524448.0,1340197,AP-AULA01-03,Staff
d4fc58170fed442001093f7c011720cff6d23d3cbd24e31c9fd9535b14b68b5d,7b6935914a1fab24dcd8b0df093a113fe2420ac65a860d7d4119056086c2f31a,studenti.polito.it,-53.0,36.0,215170279.0,8781712,AP-VALE-AULA10V,Student
3fb9454e912a39c36f87e174b9eed0530b1d0f2f246c69639ce1e6e24ee8dcd9,66c51dda0491f58ab344aba85747cb6312eda584c3b4748e3f04fe515d4a7fce,studenti.polito.it,-71.0,22.0,3407909.0,1208524,AP-CIT-DET2-02,Student
a22985cf2729f0549f19819d99de38cb87ba993df1de28470d7878b353ea41f4,a21063dded69c02457273d48cae83567b8103d9978b9910912305418e34f0efc,studenti.polito.it,-68.0,28.0,33811420.0,6024116,AP-DITAG01,Student
92de92b9b68b9afdb3851af62f1bf0ec9ef4bfefbcac8021f60a9de9d89aba77,227af15024d2fe99f25cd91125e2669777e03b268663e9e8d0384f4ada7e347f,studenti.polito.it,-51.0,42.0,262769769.0,20060675,AP-AULA2VM-02,Student
d27178cec69e30afb1c9d871c770184637330554176d7cac03cf2b78aef5e280,301e1f4ff7865563bc44f0c3da6a0884140f13f4c8e5987f72679550bfaeef3c,studenti.polito.it,-85.0,4.0,20990727.0,36741636,AP-AULA12I-02,Student
c1d28a919411488f60891a8ce21c14962f1ccd21b20ed73cf9966cc4d27d63d7,4810382f794a2043f827228dee114da7c50640fa40f02db670bc429315da4f89,studenti.polito.it,-62.0,32.0,570818.0,297789,AP-AULAR3-03,Student
8c8f9c37a408298e7c35f8aab1120b369f92cd2e83cc6f0200b8ab00ff97aa38,a2d53991764a2ac63a96ef0673abdca1058c13091fa14da6ebbf5578393d6f62,polito.it,-53.0,36.0,1206873.0,767845,AP-CIT-DAUIN2-01,Staff
d26d601aaf0e039f0bea97830d48e405c571a91fe77aeebc180d4ad2aaf0f4c3,,,,37.0,6810.0,674,AP-AULA9I-02,Unknown
eb3cc0677ac94797965eaf600282d941d5fcc8d1a0f35a0ebab4545579663b75,0bea83b79f249189c536975ab4bacc4536450c6534d5781966b156d8a9d31dfa,studenti.polito.it,-58.0,35.0,58779407.0,7439524,AP-INGCINEMA-03,Student
5eed6bb04293b6e4fe4a50484d50fc7b1783101f42ad35bf5954fa4b32d00d9c,e98b8bc7dcbbd8626dc56461547b9969a79b89059b7084385e94c10f36cb1e19,studenti.polito.it,-50.0,45.0,192650869.0,11857542,AP-AULA11-01,Student
886b62fcc3992bd759635f3b43c68ffc47d33136c293ec5bfb76feed0122324f,9fa5f59249d835a13b16b2e343cffd864949dcb27560ed24e2818c1e4046b584,studenti.polito.it,-58.0,36.0,172402.0,83161,AP-FRONTE-AULA12,Student
10c2c20afc97a63e77b75b432a3737a8443630de56c510197c3d0b34215a2afa,9e29b297e123a50b7cd250713b4ce2d6667b8f2889a75cc70def5bef56ce9436,studenti.polito.it,-60.0,35.0,256084593.0,26667614,AP-ASSTUD01,Student
a07a12e8981c874f45498890e2cde32e639132556aed6a36a43737afec128ab1,0474c04dbbe25ba60893db128d673f0ea2cb47fa00616f79b26cd8a0e3cb846d,studenti.polito.it,-51.0,41.0,178960956.0,12525598,AP-AULA4C-01,Student
c5698ab83053d4d3047fda645191ab6badc6987ed970a1af85ce51513223021a,4c7560b5bd7ea23cfc8cb0c9c3a6dad732c6be4b1a7973ad75cdb92f9e1a0484,studenti.polito.it,-78.0,14.0,34868668.0,3817509,AP-BCI-06,Student
93f64ab23cc8fe9cde77e6e0bdaa994b2b78e6fb48cee97641dbad33f3a39670,3fb82854426fc55447084e8ea756f48c0944a5e8753e9d26ee846b751ae5ee8c,studenti.polito.it,-43.0,51.0,1522905.0,875393,AP-BCI-05,Student
bbab43893964a369188eb7fb16d9ef3a281e02a1f87683f0b7e8dbf0551c5e6f,85453d6f761d0cb513c9a53cc1a7f23ab276839a1dd0f5edd92785b62ef5c4a2,studenti.polito.it,-55.0,38.0,25629117.0,6173196,AP-AULA4C-01,Student
4a3c3c4f045ad0e207f9fbf2e1ca35ae5d27eb9ad4fbf3fb7f9bdd228fdb4f62,,,,21.0,0.0,0,AP-CIT-EXCELID,Unknown
10b3c497de02c5294ce09dedaec3b708b64b27b59396c8337a833ea192121845,c0d749b644a65b53839546b2d1ecf6f181328ba81ecd4a2ed00600a34ee02002,studenti.polito.it,-90.0,5.0,536385.0,383649,AP-VALE-AULA4V,Student
bedd0eb3323e678de41c2f7e8aace500fd03abe157221febba9ff0c29b06e4c1,e13c8771713e3edb8d4c7965f1b0548cd188d51d151a7b9e7b952118b5025002,studenti.polito.it,-73.0,18.0,4905835.0,324156,AP-CIT-DET2-01,Student
9f0662e1af9b54efd8f14176e8730b4d6ff2d9f03d3a705bc075a1dab26c6361,6aa3cd09ddae8256c162f8f7059b110dbfe06c9ecd9320e2a377b80833606c11,studenti.polito.it,-65.0,30.0,20913553.0,2735694,AP-AULA10I-01,Student
a43c63656926016ba6a5b8fe60df5ce2521e5865d00ac767cfb1458373c83fa5,4f19b33b2c319d018c96069e70bd46efc24c5abb3a83cbb7d577c7020e003d38,studenti.polito.it,-63.0,29.0,20958588.0,1300353,AP-VALE-BCA-02,Student
253003685012d076808b7379413262b95ebdd31e2dc1dbdb269693b645383a7e,833e3621ab261b0de27e391da44d6f14c9c80e5cbabb0155088ced283ca9fa62,studenti.polito.it,-57.0,34.0,396034708.0,7448947,AP-GESD2-02,Student
030981db0cc236e08321661e6df335e1427cb9d1ffe1f773e35269ae932e4aed,a22b4c436c9dabef62b9187976a4799a5cde34e00f093d15e41ef0fe75330aff,studenti.polito.it,-52.0,40.0,402758042.0,20980228,AP-AULA4-02,Student
59982eadf6068f2a4b5d1b3c9feed762875c2c3d862454231f44ec3b0b2949d6,26f777925e04bd6198cfebdc6105ea87845c7e8f2665da656209aae24baa5752,studenti.polito.it,-65.0,30.0,325606.0,88420,AP-AULA5M-01,Student
805acc2eaad5d922fbc7af9b7054de382df2c11dc9f743deaebd372dcae89af1,86e65d74b671b5972d64301489ce04db9ae8d6e35727c6f16fff00fb2bc4ce60,studenti.polito.it,-43.0,49.0,2806123.0,16431534,AP-EXREALEMUTUA-R2A-P0,Student
87117cc59370ca3cf07a9d015b38c2001c3b35fe08dc8a7720432027977139dd,,,,24.0,0.0,0,AP-AULA8C-02,Unknown
b08805285b3a220eff3ef19e33fd3d08760bb4ee35f3882b8de8cb105e22334f,1c4996f6ae61d51ada740b6aa96b39ef4a14c9bb99b07a8268dc1e24cd77cac5,studenti.polito.it,-60.0,35.0,590640542.0,6430354,AP-BCI-05,Student
9040b3fcbd721328482088e2d05c03a10e60e3dd5ea6a20480815d5385a7dc3f,211dbe344cb62e2c3c5231ebf9546ff85a4242c9448fa4d0a7aff6659a2e380e,studenti.polito.it,-64.0,26.0,28241.0,17249,AP-AULASTUDIO3-3,Student
5c6c4409a6bf42a03d73fee0eb77ed989fba4c84d34c8517e941f04d3198e9b9,be934cd5f1c16197222674c7a95739feacc3641e3cc3358da6e298e74c0a7617,studenti.polito.it,-64.0,27.0,4989213.0,1015086,AP-AULA10I-02,Student
3977fcc20d0c4b2e11213efa21cb244caad5ec899e7c33a437a9a6c4231cb345,afa3b68dee581ae04ec4d67decce0e0a6d34f37db62eb65ca35e3ec330ba42a6,studenti.polito.it,-59.0,35.0,6803679.0,9716230,AP-AULAR1-03,Student
6c8bffeac7639c82cc6c8ffd47eb261abb8df14cf6baed0864ab87860656d54f,da26705473c7512722cfcd2d6fae418c03b025fc55e0728f81cf6e3dcebfb246,polito.it,-67.0,28.0,1068084.0,632090,AP-DISPEA06,Staff
e6b28c384505baac24a67b219752e7503b31b49c08b57556f403386eefb18193,,,,37.0,0.0,0,AP-AULAR4-04,Unknown
2de360ed7361083a2415fc95c3063f2675fbe525d84e74d23cddca66fed7e744,484339f7655569fe6eaf7f7f55ff11124213864381c2c0eaa2b53c54e3db66a4,studenti.polito.it,-64.0,29.0,22848117.0,3118211,AP-AULA4VM-01,Student
3b9919b2eaf3e14fc41509954f0c2429a93e6ad54d4c6bfd5ed07c4b8dac8f1f,62c58d519a3210715a0ae7f8e942fbf4bf70ebbfa641cec1b831cbdc9a590371,studenti.polito.it,-56.0,36.0,1965982.0,594760,AP-AULA3M-01,Student
d1296a7bc2905fb7df3d8676494764bb2a27acb4693c5f48dcce45f0f7015d82,155805c7ba6065c90abf8c4bd81b033017305b69b2860645a1dfeb0d8bd74ef3,studenti.polito.it,-49.0,46.0,7418385.0,6790692,AP-AULA08-03,Student
e4ac829f308e5805aad5e93352aff167524b3b43a16bfd9f110a6e0c0b7b55f0,aea3dca649d0b900e530ef6059289ed45bb92bc04c4f452f98aac4d749f896a1,studenti.polito.it,-70.0,23.0,1556757.0,775800,AP-AULA10,Student
e33392480b2255625f8124e4d5f850d01f552dfe6ff37c4ac9c1f1614a26bb85,76044d381588863654c6c0143937c16d27ead3a0ab066ebb1a17a0e23adb43e4,studenti.polito.it,-46.0,46.0,487514914.0,95346161,AP-SALASTUDIO4-02,Student
4a0585d6cec41fc3b3732ace6b981674d5563072de1d6f921a84b70412e77ebd,85433c1e6da052c5e5dbcab341711252aee02df71a5bdb3b9e2c3c0203a251e4,polito.it,-61.0,32.0,710813759.0,167559356,AP-DAUIN01,Staff
754f5d1164fe233d7bba27cab8127a53d993a8d4802d1dcb75b0559f4ed0df12,e35920eb3e76252a124f89380b0cd7ebd36f20abb6c6792d561cf288db81f252,studenti.polito.it,-54.0,39.0,17969258.0,1827440,AP-AULASTUDIOR2-02,Student
40df98fa3e0532ca40a562512bc67af5373da99f4f2e3956989b7484ea44fdb9,8d1b45e9379676f7356a59363b6d7a61bf7f111d974953b5f920947be296a572,studenti.polito.it,-52.0,42.0,137996569.0,11222125,AP-SETTE-SALASTUDIOA,Student
571e14d0635481e97ef6882048dd3b32446645e49d86fe1d099c662ec035d97e,a250ec4908e74bbf19e3d155909b96f4eaee65e71f99ba2b9a434b78d8b9488d,polito.it,-58.0,38.0,33534722.0,8305052,AP-DIFIS04,Staff
5f3365e2d4130e13632f88d1d1c7e675cdab476139cfa099b6e05734b427ae9b,b04fccfd963f5d47db2b2943d284d3867729d94c94e63d740cb9793319656758,studenti.polito.it,-39.0,51.0,607836309.0,2515276,AP-BCI-TZ-01,Student
d77cfa142e3fcfaa10aa737e04c43388d2d891b9e73842d8a158f17ea70658dd,67b4a792202d500a813237001a3f36433f182748b38c2fbbd349b20a9ebd5d43,polito.it,-55.0,37.0,957985697.0,605692388,AP-COV-C3B-XP03-14,Staff
bc69ecf586ee0023238487c2c3f85da93306c218d14949fd8840379bdd415673,,,,12.0,250.0,120,AP-AULAR3B-03,Unknown
c5f95f6235b649ce45ed3270df151f01a58e36e383d7b9e74a1913f39558ebd2,cef82781f572a0ad975cd6b74fda3c40dbf77dc2cfaa7d124da22d5da48a230e,studenti.polito.it,-48.0,39.0,34301781.0,3460443,AP-AULA05-01,Student
c9acde582369ffef98e65801faa3a755787bc73a6abac96ea3aa679933db515d,03b071608d95dfb5be07392382e6b4acae6dd7bdca70c7dd1e8b3368dc56fcbd,studenti.polito.it,-43.0,39.0,1025425772.0,469250398,AP-AULA1VM-01,Student
47ba441155ec7cd158c7d1c28ab554a3461121b0890511afcff5567196eb6132,2760114fb1636ab8e48a978db9f5740a1c18c7111a43dcc87c6f1e4d2542675d,studenti.polito.it,-45.0,45.0,392797592.0,26409249,AP-AULASTUDIOR2-02,Student
e545df340f0f75a90867bb42dedaf3a697780cd07caf48b81f49be05c06e37f4,ece5682b6022e3e899142f5f680616a7fe8e157e65b2a5423c88444688ab7616,studenti.polito.it,-56.0,29.0,1439821.0,947864,AP-COV-C3B-XP03-16,Student
80eb696c8ace9b10b40a7981c02d138c6ca2f8f99ff29735f95b79f5a769d5a7,9f3fd3793e57fc8802c931606f95e1c91d3d4a6a89c739c549f9b42ea528eb0b,polito.it,-54.0,40.0,2730341693.0,134908002,AP-ENERGY-EC1A-02,Staff
cee348e861e7d6c8ebe9dc2f56b687472241680e39bfcf33bc433e1eecef6945,e4cdef963690800be8ae0bc91b466419d5303f673646b5da2ee95c4c1cf286be,studenti.polito.it,-46.0,45.0,651709198.0,353678682,AP-AULAR1-03,Student
0bde29ae8e1416bc4a43a7c7a9498c7d2d3df70ff598b23f459b434a03adddfb,917459f973f3c784f001c3978cb7b7a0b644318fc9cc2f033ab9ca9bf18b9da8,studenti.polito.it,-55.0,36.0,2230502956.0,814249163,AP-VALE-AULA10V,Student
231cfae86775a6db469a79bd41b579582ad8b2c48330d7cb3b47450c5153db1a,618343394573e046909d28355ab77c8ce9f17822cafe6da310f1c6d8b41ffc3e,studenti.polito.it,-43.0,52.0,55500174.0,3749644,AP-AULA05-03,Student
4e14a9e98328ba110341b5d69e8495179b8df9a6d0fc36decf493261027b275d,08ce6042def9de3b1c92237e8fd5f7996d86f0adf92c8ee5149517f226cefbb2,polito.it,-50.0,42.0,1492689569.0,663869879,AP-DENER07,Staff
4d4ff3621b5ca25281974cd0dbd4d3f040bd443d9e9bd9d10458373ef27be3f7,6c5abcea8ebd7500ddaee348c114afee4079384e8a03c5ece8034b1088bca1fb,studenti.polito.it,-72.0,21.0,322078257.0,83653207,AP-VALE-CHEVA19,Student
5ece87cc1b297da62cf9dbaecf3ce3a81f09a345e423d30e776aadba7763b255,382449c30a9c77e5833a5426dfbc3b67afd3ac6b9d0f4c313b5ceda345073a37,studenti.polito.it,-57.0,36.0,7415905330.0,38700236,AP-SETTE-SALASTUDIOA,Student
83173e78dc12195254abfad265af071e5bd2da3cde591a2e9ab5824621578dbf,d17127240acf41941ae3ddad7359a1658ebfc1db1bf1920f9f0e81d96b2fa211,studenti.polito.it,-57.0,35.0,10420767.0,2263740,AP-AULA5I-01,Student
724fc55e82a173aae67e20719df2cd7274c57649c851aca767767bea212add5f,301842a9b6da570afcdaa1de33b408004527cb2b6835517d8e2f993ec269c58d,studenti.polito.it,-59.0,36.0,535883914.0,8738008,AP-CIT-EXCELID,Student
1581bbebd115a8a87d2ead8ee82cc19b62a4a38b39e145d512169003a815e01f,4a15340536d853c500e39b232d11d2c4e22dcfe875eed187dffd3607e91ae508,studenti.polito.it,-55.0,37.0,33166671.0,13287312,AP-AULA11B-01,Student
e817cdde58c40ed52de397d6ea659835e55986526d5f916b550f001429d2a7aa,264d94c240602df8fd039119f451e843c0562c35cd05c89b342c3fb391608f81,studenti.polito.it,-56.0,38.0,53554921.0,9377231,AP-AULA1S-01,Student
f1cbfbfcac70847977017bd0a094882ffc46834cd27bb59452a556ea8b6cac3d,f5a093aff46be1bfdef2782e16b65dff443cc5d4b00936ffa9b074abb0179339,polito.it,-62.0,30.0,52212446.0,8120443,AP-DIMAT06,Staff
3bd7251741386431c04f100862ab86cc47ba872b94003263872efe86bff3ae0e,8f4d1ba481974f78f3b25f88c792054ccc8979b302a7a11ac8a5b65dcd85c44d,studenti.polito.it,-73.0,20.0,8661907.0,1355622,AP-DIMAT02,Student
d8534534a547f31833f7fc85a58dc5dedfd37ccb99a3602a6b5e2a32f2535d81,b744c5e47bb35e9d113dcb25dda6df31554cb23b9dbefa8765a8d0dd584c001f,polito.it,-70.0,24.0,989774597.0,980724884,AP-DIMEC11,Staff
49cf0096b7d1f4166acc4e0d539b1353bec128de92baf2d6ce1e1f23067aab00,9e1419a2e468877e17a153af9c0a87b66f270ac20ea1896bd11924807d0d6c2c,studenti.polito.it,-44.0,53.0,21717144.0,2466086,AP-AULA27-05-OFF,Student
9815fc689c2db3912ea8be7e6d1c845ccb49cd65c8b944422b6b72b6e01bb877,5ac7ea35241d633a86323637a4c1775fde809b26bba4672a10531980724b1bbb,studenti.polito.it,-53.0,42.0,31907866.0,1033624,AP-AULA08-03,Student
93a1caf3395991f50f7d313ed3d39da7b1c17c2aad592bc563c74734d63ae39a,22d6e75e5f200c1dd7e9070ac4c0027977d2ede49c159e065162903359cad32d,polito.it,-63.0,30.0,76141006.0,14796952,AP-DAUIN04,Staff
131bb2ccaf02647b790b5fa9025844477c4accbdb21e7974ac750b2808a4397f,fda8e226c09d898935d90c7e62e5b7a0c6a9f5701b84eff6333f9ae36b27878a,studenti.polito.it,-48.0,45.0,1056666020.0,302583671,AP-LING-AULA301-2,Student
8b8305beabba5c78844fed3e14c0b0c7e361a5bee953d1f5be429ed369c12326,35fe415b19396c01e367faea95757266bc256f6c559699fef478d0be4008da6d,studenti.polito.it,-61.0,32.0,255433011.0,9485809,AP-AULA8N-01,Student
37624cae2d0be100d556b1c22d83c10b081c4cd9aabd1e1ae969eeb25a29ae5b,fb76a9560f52a6c901bac3f24d922b3007fadbcd659a9c8583d2bc87b9251dbe,studenti.polito.it,-52.0,31.0,392766385.0,50005145,AP-DIMEC14,Student
fba6cb4e96e241cf255b3be9eaa9df81c46a7fe7a163936fb9b78f3e32d26988,70349000e8c16355f0d3b261e9eeef92f4120084072c224e022a1ea70f3cc399,studenti.polito.it,-72.0,20.0,959526425.0,25675000,AP-DITAG01,Student
58eaef088d8877e0f03b1788cd5c2c62ef8ff1776ef049934b92bea274dbd84b,7f1c12849604474c30b72f9911ac2737d74818476d693ad59630ea5c01185f08,studenti.polito.it,-51.0,42.0,23759041.0,887419,AP-AULA6-02,Student
18668344726f970b89fb843120b34a4c92f0e6225c7c43438f1bccf4973c3326,cc61b92c47ef8740b6ae633c8d49686b5cccd335fb02509f203b668a37cb9438,studenti.polito.it,-53.0,39.0,872189182.0,32001570,AP-TRIN-02,Student
f4b087a94ed4414fd60505ad9a0b99d62da134917b87dd31f1d946da3503ab59,ceeedd401a3f3e2cdf956faab945419adc9e5445b898c61affa9043146b9d1b5,studenti.polito.it,-55.0,35.0,87253414.0,16836592,AP-MIXTO-02,Student
5e9d6253c19866c9f55e909394c19c58de87280a900b643cae0dae9dd7a32eb6,8b53eebf67844aebbda5a6cb70fe79532d05b1672c748a2c24bba4b84f6ac261,studenti.polito.it,-59.0,34.0,238879.0,104016,AP-AULA6-02,Student
ad7c2b2ef6602daf645993cf8af1bc8164c39b60cd9759669ec0d90304332f06,d42aeb125d77e33a1c54ea880d91bf93be9aa86b6a26e09f501d714ee79e2c51,studenti.polito.it,-53.0,40.0,191636087.0,19854626,AP-LING-AULA213,Student
4abab4c9798b6ac52050adee8f61ccfafee58362231bc13f833023185b81606c,47498379e8bde27f6d3c63f6d59a748a5b89e847fed3cfe189fd2aee455ff4e9,studenti.polito.it,-52.0,41.0,189299442.0,9193583,AP-AULASTUDIOR2-02,Student
a4e1b8b9149a171127602f49c07737e0938ad4aaf7536bb11297cd54f772e096,9bdac4bf3cf2ccaa9370ab3df9e072d763e071d8878c995db4a6e93275094b69,studenti.polito.it,-54.0,39.0,2455828.0,1655298,AP-VALE-AULA8V-01,Student
d141188775b717cd8cded8f1b5720bf2546260d6b4a68afd1bde67598f416c31,689a4e23cfa643d9f6af83ca727be266cb579f1df456b77d3d281b053bd55f0c,polito.it,-44.0,47.0,47934950.0,2384949,AP-DISMIC21,Staff
68192bfc8d88a654c2882b5dac818971b0f5609c0aba923f7942b3d0761ca4b3,225a8b4fe130063a080af083a1ae166dee6e75e9e5daf4902ea055bd2f9abb62,studenti.polito.it,-55.0,37.0,3127968.0,661236,AP-SETTE-LAIB1S,Student
660c48c3c7d13752ada104596f36e65574f7800ed6de087a57e71e727a18681e,7386fc4763a74d4818c88b3ae8effec533e95adbca17a8485e0ae74c9a6af9da,polito.guest,-64.0,26.0,864632813.0,28248746,AP-CORPOZ-02,Guest
3346a9918b90cd73f02fd4f5c4de3897a94c6c76e38625053724dec42c1e9346,e91fbf47157ad5c519a67315c904c2f761fca53b3a7726f7449873397ed57a32,studenti.polito.it,-51.0,37.0,80304197.0,9232424,AP-LING-AULA207,Student
49306eed44c2d818b6b17e8668e271de852cdc3d8b72871c907dd0310db758ed,70cf230f89010080a6fde2e2fe23660219e7cea78aad229f970e3aee7b0252cd,polito.it,-52.0,36.0,1757178.0,767641,AP-AREAIT-2C-XP02-02,Staff
a16ed87d29542cb8c01a0f8df8713b237813bbd9e94f9d780447e0394280645c,6a23ee5a3734db654d46e1fd63faf28c17c9149fcb2bbc746d7ac209e8d18b4a,studenti.polito.it,-44.0,48.0,57800863.0,3714465,AP-AULA12-02,Student
aa249997d400765cb917fc830b3243f2d5c3729aa32717ebdc87849cfeefa917,5efbf4e19f1bd763cac5b39474c46a0445313d834e89edd3a87834a427f0a178,studenti.polito.it,-82.0,13.0,224697083.0,8882069,AP-DIMEC01,Student
8553e6b5463edc2cf7b8ff66b9248ee3b5e883bac6e18b9776077a50786db40e,38a589dcf42a7d6a8f614633a1c8d069c6b9cca4e3fb642bd806407bc9d05549,studenti.polito.it,-45.0,48.0,1382427.0,336700,AP-FRONTE-AULA12,Student
724fb60a0905d8309911c4881ac9253aca1c2832b36bc07e45b436cb5455f741,1357aa399f13eea9ebacb42dff7abd5eedf2f48282d03ab66a39452bd80ab5f9,studenti.polito.it,-63.0,30.0,21963741.0,3224197,AP-CIT-DET2-01,Student
6469b0bceb39e848a8ab81eda5b0e46dd18440b7730399df691de01241f7db21,52f0476262d4d86c1caef83dcd3cf28cc4c11d01b536356775558ba47797d811,studenti.polito.it,-49.0,48.0,139537953.0,5623701,AP-ASSTUD02,Student
79d8d61330f5c3e75c234bb1b9cbc904b3c460f6b7bd42b1e7dbc024cf527501,631d92d1463bcbf6a1287d9440899a45ec00c74012747a4b8370b4704525ee49,studenti.polito.it,-62.0,32.0,0.0,0,AP-AULA5M-01,Student
1ca0dab6ac73dfdea557bf6ad6352ad9784faea16194c23fd9a1053ab18a0374,60869b27626a71c51bd3ce42596d1e3865038b4f197e759bfe07171fc9239223,studenti.polito.it,-68.0,22.0,54285841.0,104607650,AP-SALASTUDIO4-02,Student
3e57fe31d5e4fcab56c8afc23f6c9f3454afe01f4b59894358d6c2201b56dd6a,b21c93569a22081dee9cf370d08283852cf62143c0ce307bb64d2dd1cbd323c0,studenti.polito.it,-53.0,40.0,39476836.0,6808118,AP-SETTE-AULA12AM,Student
6a39d89625e6fbf3b39d53beb3c49dcc4d8a14d4901ebefbbc8239c13ef8de84,1bcee803ca1ccd3d4fd83233105ff5ba5c02182f4b6c2822893d3cb9eb0fb51a,kth.se,-50.0,46.0,189807880.0,53746583,AP-AULA29-05-OFF,External
ad2580e8a6e49ae1e61265b2f8f936da9d52cd519596829821634d68c6b95356,585ba80c1793b3c10b3a77c3154ab8d0be0a912879030e9d376f4c339313efc6,polito.it,-61.0,28.0,1439945.0,347507,AP-CIT-DET3-01,Staff
b04eea79498f3f4b757ebc7d543f7b93b55de1a5216b401f70ed980344f477f9,3cdb464f8decbec2a6b321f9c4aebf5987d9e35c4f17c416cb9ab4f6a33c7d9a,studenti.polito.it,-57.0,36.0,48668281.0,2785603,AP-INGCINEMA-02,Student
93ca911e8e0157fd2f7b127fdf537ec0dec454611f656ca50b21f48b6db99b07,86a89a3333fbd3eab9381549daed0cefbea6c11887d63e0ce2c5e49063d0a43a,studenti.polito.it,-59.0,33.0,227418372.0,7469782,AP-AULA6I-01,Student
e6d2bd52b58c66a73c8b56261394eea9f3dd779cc117673a5eca34c27a61236a,838fb02fe4b51e1d079868f4ac3239eec3d9a0fdb30c5157ae191060699366f3,studenti.polito.it,-51.0,42.0,76930068.0,9292051,AP-AULA4M-01,Student
5b6d1068b0bac953b689e28ba6f6c24c112ce00876f1e6432fb01119af1708b3,95136204af8995ff1d16533e2b0a303be41bd666124cb6a0425a659f8065c7c0,studenti.polito.it,-81.0,15.0,28155500.0,4467962,AP-AULA10,Student
2633d58a12b7d43c2bbdd62e8b148d474d8492a7e1a0c2041138cdcebb76f6ee,51c39c25a6d95ee900977080da2600e2f92b94f05d8e95828f3a10c2f2411cab,studenti.polito.it,-50.0,44.0,54586809.0,33151129,AP-SETTE-AULA11AM-1,Student
742c236c0db08ea0bfb8ca2637f73373c707475c0352be5ae68f8bc8017390a9,6caa3df48334644b873f0bd3cfb68390f414bcf92d67a072cc470c9e1d178c98,studenti.polito.it,-56.0,38.0,328843832.0,13325802,AP-AULA9S-01,Student
3020572aa9613e3e71d279bc1129970bc8ef27509a244510b0b8ae67de3b58f0,0a9328db8a4d151b36993128b5320c12f9342b0b2843a4c3dfa313c3955dab76,tu-darmstadt.de,-80.0,12.0,84072756.0,4652267,AP-AULA23-TM-01,External
222181b4e9954bc01e659c1829722a718771fd15c7da6653e4bca0008d18ebe9,59ad9fcb6523a8cfde61c8769a227ba7a9b29eeaab9c5dd4c836fd8113e4752a,studenti.polito.it,-80.0,15.0,107998717.0,8841125,AP-LING-AULA205,Student
15dd6afd442e3aa15ad2fec14232e094e2456f24d542054b5f488a3c188967f4,1217f25c6e56607abce4120094302ccaace9560f9183453723d255c05dba8a52,studenti.polito.it,-62.0,31.0,92560011.0,7171992,AP-AULA5S-02,Student
9d2b575765d58e72820fc9f061631579deae6ffc2f8fcb36a1b0f42131b2151b,6d3add4b44a1310eac2b7e1d36357742cfe1120eaff713686e279d1c1941e107,studenti.polito.it,-71.0,22.0,105586.0,71987,AP-AULA2T-03,Student
5275aa1ac8205bd433777aa27bae3cb3b9c9a27d86ff69f5c3001e1623fb5fd7,94556a5f4ac9b18deda1277a5cb73e51dba02c8c07bf895797fd57f4d68084a3,studenti.polito.it,-82.0,15.0,93560751.0,112977099,AP-AULA11-13,Student
adb02c3dc4d127579a3e81676be749396ca7c2a02d8459cbd438ea31adbba086,7acd63147b9d4baf9f551506248cc4c7169f2e8e04d694a30034c8d84a832927,studenti.polito.it,-52.0,39.0,91282761.0,9180806,AP-AULA12A-02,Student
8c4fc9d4835de17f027eacc36abde63a49ab7ffd8c424f804840f6c676b0525a,147643dc63e78b53557ca6845be70dd78533d1cab5c35b27fcbb685a8f0476da,studenti.polito.it,-74.0,21.0,28178492.0,1949770,AP-ASSTUD01,Student
41297011bf5f5927054a570bb714596bd22e9d68dea39a92161ee51023f9db77,10e9f94f48f97cd66ee09e906dfcb01ac161febe2020be6ff86ad7c2634f5181,studenti.polito.it,-47.0,45.0,62084751.0,3532501,AP-AULA4T-02,Student
f319b3d911a475b3b13d57f9f5b4a6fab2dc13fd8f5f41657ca7d994dd6f9a57,e569fcbff67904fbd27da13d4a6b2ed227d54a6fb611cb2bd7c1c53890dd4b28,studenti.polito.it,-58.0,31.0,66038114.0,11334877,AP-LING-AULA207,Student
6c2e7f9b057321d8ee82507d5154357ed4f047a11040795501c26847fbdc3320,512dc4a46d496f34745dffbb4859da088f50115ffbe8df9877aabaec4e110a65,studenti.polito.it,-76.0,15.0,8136203.0,1650601,AP-AULA1M-01,Student
fe67ed8fdecb659e798b9cf6caea5e0934d565b861835327f5321353330f84ef,ca9fbece946e3f4ec861823204ba1754191382dba241b8cb3f959228a390be1d,polito.it,-61.0,29.0,502688.0,180720,AP-DIMEC09,Staff
d13a4d3b4003a836d07ed1ea4b3dd7858e7cf0392a0c0a69e21a87d174524837,4e4ed0a4d1afb6ea86687631f8ca55715b7bc327e455f2b9040f12cc7f95dd27,polito.it,-49.0,42.0,59717.0,32209,AP-AULA4M-01,Staff
843490b9b9936ed2c3cbec8b5f01302860e00c200b830d70b2af3047a32a39ff,b86309c07b5b42a01c5114b2cb9899d1a7a8c56b91b9a481cf621b1fa44a611a,studenti.polito.it,-59.0,37.0,292039.0,111780,AP-CORTILE-06,Student
f1f941c5b7b72376fabd897714b3dee03107442fad30f8ca1702050edfce10df,8f84bbcd3e6fbb8512ec1862ad6cf3f7fc28d130f6357cdd3b6dde97bd28dd1a,studenti.polito.it,-41.0,55.0,6089688.0,1257666,AP-AULA4-04,Student
197402568f326aa8025c23ef96c6700403afb2cf7ac1d79c0df13b11f36a5e7c,cb77f0234ca1c031cd550bf2f182ab91c26e6425af3f89652c95378a4df2c369,studenti.polito.it,-64.0,24.0,680760977.0,27577010,AP-DISMIC08,Student
7b657af98d0d523fef29ce7fe46c826f7020dd2ad6765c598d5e8279e6bba4fd,2ee987a2c6f74b9df35f2ccb33e960d0efb4794a0b937e393d774391f3c3039c,studenti.polito.it,-75.0,13.0,9283066.0,2143697,AP-INGCINEMA-03,Student
f0967d4a48aece134be6df9632e371d9097bc039b278832ae93c2a771c99daef,6b717051c2eeb96e4b1dfcb38ba968fc1d9f806ce2b8ac64c000904538cee7fb,studenti.polito.it,-52.0,41.0,12695756.0,985288,AP-VALE-BCA-04,Student
beb619efffae2e177b29a7b9f3a5df89f195482e0b04f47cfa4516b973c16287,02142efbc21643dcef235f488aaac866e7873519bbb76f727cb9434942e5ccdf,studenti.polito.it,-56.0,37.0,444285.0,209096,AP-SETTE-AULA01AM,Student
d8456ac75150a682d2a055d828478116740d59bbf46bee3dcc0dd0d9b5191965,0f579a6523261bacb3e9a00685d39cedd25b3861a18d9a42e8eb4d2969bb6e73,studenti.polito.it,-59.0,32.0,1046617.0,154640,AP-CIT-DET3-03,Student
ba528f3380fb57891dbf4edb286b8ec4935461fd55e2bfe0cacb2684361ea695,c52b7f4b5bbb98f61fa46e565464bfc84588656b98c6b2dc814322a1a14333bc,polito.it,-59.0,32.0,1363870.0,808154,AP-AULA12D-02,Staff
adf42a7a08b646803cd07ccfb0f8d6d21493520bfe800c9ec74934f4bd472d60,2415655225ae606276d72da2ba554c916f09da5cdff45cfc7be40592f9cf7f14,studenti.polito.it,-53.0,41.0,138572333.0,19430778,AP-AULA01-01,Student
9d3dd7fdd835dcc08d9693bfafb10d3717a918ab8344a029073ba98a61593bd3,c1c143dda9c64adb8b942630c80a577a5e8d55ed78610b9b3c65d805279750c8,studenti.polito.it,-53.0,45.0,27767651.0,3816094,AP-AULA01-05,Student
0c522c01c2031b955ed429f11fdc44de7023ea2955e656293c5c7b920ee5f410,f7cbd8b70628e05a2517083e18560ad55b08477c61637101dab65ff2aea0a798,studenti.polito.it,-85.0,10.0,7974.0,9026,AP-LING-AULA201,Student
669baa11edf582021fa8af65b49cacd41f3de722f688fb253c6edf8d9df795bd,50633d606ee1745c21adc66bd270d0e02445e5e77702aabcdcd7d04c663f683d,studenti.polito.it,-56.0,38.0,103113383.0,9149375,AP-CIT-EXCELID,Student
28268ebc8aa2f8ebda6b06f703c20611f6f0b4f8f08e7a88b877d3e0dd0fc36d,87b06dfa6e4b5f9ee82d362697c2a94edfa9083dc26ab6f7c82473e6bbfc27ea,studenti.polito.it,-80.0,13.0,19877971.0,3454327,AP-AULA9S-01,Student
90aa9c169b80828c43160d1dd110714debaf93362ea3ecb25ae37f5247400652,7e7bc79367c2ee2e742ecfdfe68093d3dacf2a86e6b6ca4e6dd83ae66a1a98d6,studenti.polito.it,-52.0,43.0,3776401.0,4775508,AP-CIT-EXCELID,Student
50a9c99ee35a0ed54a7c9bcdc391a932ae0d5d4a07047a558db540d0ebcaeca4,5c12c41e262be0be2603ef9251bb68f1e58157397359e0668c43cd4c6202471b,studenti.polito.it,-55.0,39.0,1441562.0,339206,AP-AULAR2-04,Student
a86184fdb44d6a9f7cf2525b6a9cb5cc82bc5ff04a43de3e1037a9ba3526abad,6fe2fae78c72df971415db85033c35d82a552c42acc9a67013a276d192c82456,studenti.polito.it,-59.0,35.0,201009.0,99796,AP-CIT-DET2-02,Student
fd00a815dd0efd890cb123b32d1afdaf82c4373884c3fa853847ed43542ee4a5,55481aee288418e78e2b734594706b23cb74df4572116d8fb250ccd79ff4c28f,polito.it,-50.0,43.0,177550834.0,10559709,AP-AULA9S-01,Staff
51140e421e4542ec40e1d6d637d7991aeb53e0695e867528055b37a5157d7bba,20c3813a6abb9f783a05b1b8ba2e7885e6ea3bfd3b8f1c40240d1b5665729b09,studenti.polito.it,-51.0,40.0,431706989.0,66944917,AP-VALE-DIST-02,Student
6a30970e179ed499ef69fe2e7b877adeead4d05f1e6fb880b0fbf9f2f736a3d5,c0aa1d46c484cab24f43a1e29c22784b4b72aa9a80127b5a63389045ce4a416c,polito.it,-62.0,33.0,104874468.0,16502884,AP-DICHI-3O-P3-01,Staff
dfaf8f5b3a46dc6ad56883b5172f7753ac6780f653ca68ffe9ebbf0b5a12542f,95611a756d1a98427a836b4ad4f49086b4cebd56ee2f25b6fec552a140c8e0cb,studenti.polito.it,-56.0,37.0,84378605.0,1941686,AP-SETTE-AULA04AM-2,Student
45e5031b4222e56ed25fc3d9b0a60667c5eeae04765b61e4f691e2fb2be5971d,7bccc859e247794cd628c5b6cee0aabb12513845e14c131025ce141aa2d0659e,studenti.polito.it,-57.0,36.0,173693688.0,8271396,AP-AULA4VM-01,Student
2bd3ac37dc4e32e62050d8edabe40fe65d0a0df2feee7e601cfa407fe7203270,56db681ae45f10dd7edee96361a70270056fd4f67568f8c26349628f8293d93c,studenti.polito.it,-54.0,39.0,4811567.0,958307,AP-LING-AULA308,Student
e0792f1a63840ae524a2873ebf3081ea3e05209665a18291b83aecca4f9a337d,da65dfc60c1420b037b26b9d4ee6a247d2b56767ea90dc3818e4342469b8a06c,studenti.polito.it,-66.0,25.0,7409989.0,39880644,AP-AULA4I-02,Student
c58c653910f665b29c5863bb21c1c7b62603299005fb3fbbea20d3b2cc077a34,ce1f3de0f43521a5f290ad5e4326e7718c9bced8f86ff4a589e112787ea56385,studenti.polito.it,-55.0,40.0,1307952.0,344287,AP-AULA01-05,Student
62da148072375e43de2eecb143a5126329bb323198c03b8090484b066e5d4b78,,,,30.0,0.0,0,AP-GESD03-02,Unknown
5fa16c10a62f2581e3237edec90cd0056af6a95b202d3fccb04f9f3c939fb20c,33532dbf8e0284c919841b4ab3c33c35e9411c4c66520344aee39734ce5ecefa,studenti.polito.it,-65.0,25.0,224253019.0,19715922,AP-CORRIDOIOAULER-04,Student
f71cab799b05b6bf4374efe417a491650b509f8b01a34586edb70757794a548e,a0e49370e3997dd0b33b0f93a6494f55aa0268005f2411a0b65d27e1a425ac86,studenti.polito.it,-74.0,20.0,113125223.0,12792940,AP-AULA03-02,Student
d7b264bdf0dfd1549f2432fc72825833f8d1e7321ece4380cb7a79b8bf9122e5,82741d3da8fedb1f1c44d999b28475276626667e07d0254049eb06f2ef56af95,studenti.polito.it,-45.0,41.0,167139015.0,3990048,AP-LAIB3D-02,Student
30f0ef44362a24bea4650b776ebb6f11454443cf73a4d697e4b486c10b590fe7,,,,24.0,357.0,279,AP-CIT-DET2-03,Unknown
a27a1ea8cce82866052af175fc5af3d1e6fd77f8a973f906daf00bc3775613be,562c8ff0fbde41a2960d28127ad552ccaeb79520acf86f7e058df8d2f8de75eb,polito.it,-70.0,24.0,38923520.0,4579480,AP-AULA2I-01,Staff
73b5f6279f78069d1ec0eea22ca3d71358e6c1837ceb6732da07b88cde17d171,a5dbc582841cd6f6777451d0f65a868acc4b9c50eff1d42f1c57022271141a85,studenti.polito.it,-43.0,51.0,25297806.0,1578566,AP-AULA11T-02,Student
15a764f8bd0165eb9642584f3bd81fd7d8292e3ffc57a624bbc4da88659899e5,e2ff2a47ff64af9afab3f4876b5462447983c0dd8df99eb81bd53324b48521bb,studenti.polito.it,-69.0,21.0,6113716.0,594220,AP-OA,Student
3bc4c03990c597e24a621f93836bba95254128da5e0fdbb3379fcf1d337bc1b7,,,,12.0,0.0,0,AP-DELEN03,Unknown
02e0c72feb953bc7bceac4c28b759cfcdea1876e72f1e28da0424cc61c86f94c,400ed341d32c6f1596dab387b9e039e31b1a04f7ca5e954efd517e0bb393d69d,polito.it,-70.0,21.0,1766271.0,805862,AP-DISMIC28,Staff
52216a3a65eb845292db69f054ae975f58983d94c142391f4d9d3cb45856e50a,31527fc50c53e99e3bae5a78e4e8b8fe30ef4ce7fda6d570764b70bcf366f6b8,studenti.polito.it,-47.0,44.0,1331638.0,1331800,AP-AULA5S-01,Student
87b75c9f6eca1e74079a54dd0b3482ad9965d46217ffcafa948f4ba3d243dbee,5de3d2eb0748b298d2321ce33a24c2824c05a00775996487039c2d5f4c0ff9ce,studenti.polito.it,-53.0,39.0,135010679.0,8386499,AP-AULA1T-02,Student
21f6ac194a61ad1ccd7fc0624c585cfd470f47a8100e66bfc0cb196b92126096,8dd42de05b65a49bacb5970ffcfe6fb2598e9c8821d71c8f9bf1f9b3e8fc4a0f,polito.it,-47.0,41.0,353609.0,252049,AP-CIT-DAUIN3-07,Staff
5b5e9aaf949544bc5915ece6dda8337b26e7a7610e776af2329dd2da14938fec,ffc0a8a543ac3d286155eedb5f5c7b6ae9d48bc88f76e27d20e3b88803e996d2,polito.it,-43.0,50.0,15166737.0,7269304,AP-DET-P3-3,Staff
7f920b5475fc2b79250a0bb0d0877fdc854c2fe64e9b40e22951e5d7d7507ae6,66dfafee66300085771488b9b7a095481fc9136d246fda521a999bdf44fdeae1,studenti.polito.it,-52.0,43.0,1098402037.0,2297153743,AP-AULA08-01,Student
d17e6badfb5d804a04cbe4cf05b0bdbb9d04a7a1ae2d55d83aba1ccef2523b48,f6bf4da0b6d58bc0f0035876fe2ef113660c4e71e4d00524c25450c3cb55f8a5,studenti.polito.it,-44.0,52.0,187333598.0,91415107,AP-BCI-TZ-03,Student
a2209a9c65721cd7730a62630321889b4534f7070d6a76f5f89d2e6507dd6ebe,e2a512010d373c53791efbd47adb7206764961308719499b4c3b3968b4336520,grenoble-inp.fr,-60.0,32.0,18151627.0,6138029,AP-CIT-DET2-01,External
bb39661854d1d9a71852118935aa80b89f63f5a36a432adf670021c4976053e0,1cb0b1dda2459ca19dd03089521208dd3b856a709ee424757bd3939b20b7c17d,studenti.polito.it,-62.0,32.0,96896.0,71278,AP-AULASTUDIO3-2,Student
5c473bd04fae3cf502b9f12a218423fe702e1d9d9a84c891df58b5c6d1df96ec,b2905165587e96143dfacd8bb29293856f700a5170237c87d6d5c7e3c5b04308,studenti.polito.it,-58.0,35.0,3724330.0,4109869,AP-LING-AULA201,Student
b415fe63a4af2db2aba698987954e56b5b8b1b369c271868bc0f9bf8e50bc4be,037458c746e07eeb53483d0c009d053f73a95f7e8324f7da266ce31d56d5acd0,polito.it,-64.0,27.0,211297897.0,40861796,AP-DENER07,Staff
6aa354ff5df89308cb3a7412929375187bdfa187b9cdcf1561b6131fa0812d1b,749048ec443aa517709f81695c6fa1447898b2abfcc909275bd79634525d3a69,studenti.polito.it,-58.0,34.0,38041447.0,1528059,AP-AULA27-02,Student
846544ba99c0995e43de365d74d3fc05b62abb6588d4525698da9600ed8bb19f,16e78027c90f007de141def195a375ccfd614e0d772ba598e835e00cfdeeb6b7,polito.it,-44.0,48.0,341453337.0,49287331,AP-LAB-ANGLESIO-04,Staff
37224fcc6f9036190c26219ca822950c6423d833c87839f678433a49192c1e75,6732ad5d112ddd928d2c70cd93b574b14cd3ca0f612d03ba783208d4084d04ae,studenti.polito.it,-44.0,48.0,16559651.0,30014021,AP-AULA19A-02,Student
f851350c11a72c5a290777529a3dcc6b093e9667b3a0a173955c4fa783765ffc,c7ba02cddec7dedea8b2da851529b92e0497628137fff0543933a46688350e7f,studenti.polito.it,-49.0,42.0,169835048.0,15935636,AP-AULA6C-01,Student
e0c726e413b5b3c94731e5cdc8b869e548bc2cc63bb2f1572bda6a4e6ace382e,694153a133cbb07044b3694fbdab3b30d471e6762d40e1fa19a7d2582ef82087,studenti.polito.it,-48.0,48.0,828697976.0,23282471,AP-BCI-TZ-03,Student
23ae4489b6616130bb9a96966646ac15350ff3abf9cb5bc42fb3aef33ed059de,70b57a3e653a07a1985d58c91d8a4a7a78ba4d53059cfdc531cb1f3936513310,studenti.polito.it,-57.0,34.0,220481637.0,43452308,AP-AULA7T-01,Student
37a48021494707b9db7e880e28589773b7ef752f2cf6dbc7e9b60ea6e98e4a8b,796038ece2d37824846f1af68d42498cad926305f0634b1df9547b4e1cacf699,studenti.polito.it,-57.0,39.0,98083979.0,248565038,AP-VALE-BCA-03,Student
75c28387cf265192fc5044f16124c4e0ba11c6db71693c236aa332a235328267,0cc98eca6648ba017d950de237bb6f0e569ff7a9036f07d0c8f644e628851f6a,polito.it,-51.0,44.0,77772363.0,22999236,AP-ENERGY-AU03,Staff
453c9357135debd7318d2342fd26fc6b7253e076780a4a9144eaecea15b9170d,e45dd386f9cb4aca0faa4c6e720b4471d72f5056c65d8cba88f4653b98edacd5,polito.it,-61.0,31.0,408500014.0,135311045,AP-PORTINERIA,Staff
bba4a0e0317de3b995d88e04dee22a1404ea9667b2241c1ab89757ed718791bf,dbe575b3a61192ddbe483431c528850f503134d21354831a5834da6d278368e5,polito.it,-71.0,23.0,2472010894.0,1379860544,AP-GESD2-01,Staff
fbd459f83e115c16fb9dd2a57787c5384f9bcdef2961986b31a3dd192134f8c5,a1054ac6d85d568200165665d8ec7487fa0077962940bb095b722c3e00747e46,polito.it,-72.0,20.0,1070633250.0,760309440,AP-INTE02,Staff
0e1faca4955d3d889284c95b8595cbe77426df6af9a69ce820069a4998da012a,142595447d2263608c97cd79242514ba2ae7476fa3b6bf6e389459a9373756c3,studenti.polito.it,-56.0,32.0,163458514.0,16099904,AP-AULASTUDIO3-3,Student
c4a1596fe315d7a6d1a362e8a6a2677023b1d80b7aa7a75611055cf29a093493,a15604b67a348d076976c6beb20faa1aee46e4a6888eb0b11602e1f04ed800a3,studenti.polito.it,-58.0,34.0,21510348.0,6266780,AP-AULA8C-02,Student
79952baf4dd54045a9c7b4c597638e9a0080faafc6b00d95dfbfda0179930a4e,f67a79857205b43a17e6f6b2e5aa11a5763e314a90d74cdcb15eb308e4e640ee,polito.it,-69.0,26.0,65868857.0,20462893,AP-RETTORATO-01,Staff
67d6fb5d31d2f13fdd4251dcb94ab380d9ac081d4559a1aa5cfc5dcbb9063844,1bb9ae431ae638fdfdae491666b7e5ebfd45cf93b30cd276f3da277cc12dbbca,studenti.polito.it,-53.0,39.0,126922366.0,4669525,AP-LING-AULA305,Student
6945a7650849225e08bc67f182bd414f24384541773802dfb33b06ef4c83481b,fb389039b7df5b27feea5f6d67c2e213d9058cad340255a2b87144ea46045a6f,polito.it,-67.0,26.0,244805089.0,4916778,AP-DIMEC15,Staff
180359a3f647b3f23adbe375dfeeefffb441aa96bf1a631bf25fb8dc7fdc90c9,c98c65c3640a1da2542208bfa5eadfd06ae4b549878a8db6544bdecf0bf51c8a,studenti.polito.it,-47.0,46.0,30988275.0,3042952,AP-SETTE-SALASTUDIOE,Student
1e2f89387fd6eb231d575f4f061a3080bd370f3fad10b154048d8eecf90b8575,0532339994943efd7bad82641919ee6e282d18b7ce045c60ae0d6d6b66e8da98,studenti.polito.it,-57.0,37.0,359039296.0,7383741,AP-CIT-EXCELID,Student
94d5b8c699b569ddb91894079f483516a010efbbf68263c4301309c53c201a23,302f16c5f3c916d82f4ed8380f0940face59f013e3a1c2f6f6ef0d90d42e54c6,studenti.polito.it,-53.0,39.0,430203311.0,9150201,AP-AULASTUDIOR2-01,Student
3fcd1f8a59537eeec8fa10db24d4220657846d2c2fe2d8d40e10d07a549317dd,cd28f040e3fa41a6df8126a80aa6f562b7dc63cf9dfaed7b8543a202dc9db36d,studenti.polito.it,-54.0,47.0,51570411.0,5178826,AP-LING-AULA212,Student
d02d77076432b797cb9011d01eab30a99b5f3c6271a026090c9f3bd4db28eb98,072439d511eeb8151f58b8f02f585d9ab52dd22763494a5a5d710d14fd16ad53,studenti.polito.it,-57.0,35.0,68851301.0,8499919,AP-ENERGY-EC3A-02,Student
c4257f1d900a22989d889a17b988b0a0641cba10c80ac3759afee311ea778b0e,7b271fa0ead3bc1d9e433efabc2d8493bd0a718d9411707989fd99e8c4d961d6,studenti.polito.it,-50.0,43.0,73964645.0,4595546,AP-AULA4C-01,Student
8fe41c502e70190d7f4fa7ccb57eec5bc3a3ed18b3e6b8eb50981d785c589b4a,441f0cee07e48685f905ff82a10045c8ccf469e760adc1e0d17a2fa0919c7f5f,studenti.polito.it,-57.0,37.0,21928537.0,6339452,AP-AULA05-03,Student
99250a0b3f56100ab476c4a0517323d20411f250c5fc47563657d884d5e2c309,38eea763d573a91fc60a57df9749c9050dd6ea7b2be67efb2839ce987c0ff106,studenti.polito.it,-58.0,33.0,161815870.0,5665913,AP-AULA1T-02,Student
6eb6999d127117ca9ee8f863f3f26c77a829910680cddcdc6a22523f1428ce23,dd77053c274d8aa8c9a157d22c4df7dcd508827a404adefb444cdb206809dfdd,studenti.polito.it,-59.0,33.0,1638324277.0,584586988,AP-SETTE-AULA11AM-2,Student
5890cfaa4a89e71dd2b8de404b8934314fc61759c49ceb354aeebaad4d67a23a,ed98a14973a4d53c8893e2fca0b0fa88827c67dc5af514bc238472d96bcdcc46,studenti.polito.it,-57.0,36.0,370967776.0,11587293,AP-SALASTUDIO4-02,Student
62d4c232de4ba997871e226a3ebdcd699c90fe806674211514665eed9ecad992,111566013d20c8df6860973f3ec5b55f6814493d9a06cc647677620a25374253,studenti.polito.it,-60.0,31.0,30327906.0,21364947,AP-AULA10I-02,Student
4abbb46b38799af6b7319ae137c6d9d89f17cb9e6682a2aa552f90e9372a6845,5ed56fdb183e753803ee41c0eec8f63ba1571664f34c027ec40ceb167f121cb5,studenti.polito.it,-63.0,28.0,19143332.0,9520914,AP-AULA4N-02,Student
87b6cabd9e48a9e537b785366065502d72e7504def70b34cf0403b2d30badac0,cc6c5f7fa99e6ea94f6d8c9dd1d9733de81c4a879c1e5a576159bc76a6720419,studenti.polito.it,-57.0,33.0,34403655.0,32592634,AP-AULA08-04,Student
f433380060e72eede74bf27aaeb4525f47a990967bd5a6f6b13bccb82f09001a,91becede1e262e8da99cff0112bba40c6d16061fca41fed16ceff41abaf5872b,studenti.polito.it,-53.0,36.0,79739678.0,7156293,AP-AULASTUDIO3-3,Student
2ef950bc287d24a7bb4c116f4ce528bd041041b621c19fd0e8a97f3df8b2b2a2,8b2c44a4a32fa784c86b126a4d512f0b779620e1c2f0d3cd0b30d0435b63827e,studenti.polito.it,-57.0,36.0,70514708.0,10380179,AP-AULA6D-01,Student
4e61e61b8ab0803875e630be3ef46c13818e34d5d751838d28f0540c166d80c6,0c9cee1e062995305777e12713285ad6d70cfa58b613a903f5823cc4a6cb0366,studenti.polito.it,-63.0,30.0,517403345.0,21400900,AP-VALE-BCA-ST-01,Student
e622c195ee1b64f40a5b50a9e32fd5a063ae11eed334f481ad9d8c639cbe3c6e,13419ea138d1bc9f1579d6552d59183207683f7bf2130b1bc0949ca8da491f75,studenti.polito.it,-55.0,38.0,156554488.0,8334557,AP-GESD2-04,Student
8d06564d03fbf65b80618654cf138f5f7088cd1e916c0b8225e47d786b7041c3,2f086ef791cc2ac21beddc42b707ba6dfa0d7f64af464c402dbbeebf32df4f81,studenti.polito.it,-79.0,12.0,1443650952.0,143538213,AP-AULA7VM-02,Student
fc56c3b0512fb7f735e572fb2fed2f15dd07b2561267727ae0f93c2ba6595107,7e7bc79367c2ee2e742ecfdfe68093d3dacf2a86e6b6ca4e6dd83ae66a1a98d6,studenti.polito.it,-52.0,43.0,448329198.0,4144439,AP-CIT-EXCELID,Student
805c7aaeedf45689d496a80996b9119f95d3e12aff3a8f318f87868360c176c9,736dec3cad933e114bad545d90d21669755e180d8db6366e01a09d9e77a946b9,studenti.polito.it,-82.0,11.0,124338570.0,20501795,AP-DISTR06,Student
e1547b1bb893459ec70b31f7ee38cd44465e3bba5b97d7afe7674795889456d9,aa82599db8d6de028314def11b36ce81f052ed94413d4f2dfa997a85dbafbf92,polito.it,-64.0,29.0,1041691067.0,237733001,AP-COV-C3A-XP03-11,Staff
eb88ea3330b6562cc730cdbf8aa10579c8e13b617ca777893142a6fea8304ba0,f44c32161cafa11fd02ddcedfc4270c308993f883ee39bcfa632a2e4085f3791,studenti.polito.it,-61.0,32.0,20407.0,13819,AP-SETTE-LAIB2S,Student
a11813f540fe900934ad7bdfa33f69a4e21f0bc395096c272ec84326b2a5ca82,b5640e553af705fc8ffd508ecc0dd9a8242d90415b76d09eb4ae962e6438fe99,studenti.polito.it,-56.0,39.0,38349460.0,27947111,AP-AULA27B-05,Student
112c2ec957ad255d725a395ef81c632727dad14057e2d65f7cdd7464d46daba4,2daf741e568a3dd520d97f52376898770bd2847642d0d4cc9e35ce90a5cf616f,studenti.polito.it,-53.0,40.0,21433157.0,2692380,AP-VALE-AULA9V-01,Student
4fb5b728383c93994bc41bbc30feea6d1b03c0c486a67da808cd4a79bc2cd3bf,2473c0e5cce57c93af3a31cef6b53449dafa9ac6d0ad28abfd640750c4d28e26,studenti.polito.it,-43.0,53.0,161685488.0,46837642,AP-BCI-TZ-03,Student
825465472111614791e47462a87910f246a2df7050a5ec6962e088ff7528673b,789e70cb29ee4e472d50c0dd7a35eb1000c9748dce5eb1a099b381a341d00378,studenti.polito.it,-47.0,35.0,29023939.0,7717484,AP-AULAR1-02,Student
01fbcf791dd28aaa57d633659bf5b19101b95806bbe0e219e86598ed9bcf619a,5289e227c9a87160e4833427e3eb585d08cdcae14212cfe7908ba38bd7bc86d1,studenti.polito.it,-45.0,38.0,137847019.0,19765894,AP-AULA11I-02,Student
986ff91bc5639130d0609f024535cbdc23b2b6bd6a95244d37f23c078b3e7aff,73ecff56ce7ace09d294fc8297c4dae03ec31785a427b7ecd3c3d76e310a4644,studenti.polito.it,-48.0,43.0,19150884.0,29886696,AP-AULA13B-03,Student
779afbff77cf586c4d0bb6c28ac61fd6439c23c332a41770cf417a21281d967f,970c2a5e00b5da2a0458470fc635c8ae02a88ff50e9891651648151fd8b12da7,studenti.polito.it,-56.0,39.0,37815670.0,8644481,AP-LING-AULA206,Student
646ee254280be484d24f4d8f1e7c24a8dd02bb462aaed75356c79dfc412d5d7c,93c304398d626a88c4c4c6df41f33fa1b1683145a793e23294295dee2776640e,studenti.polito.it,-54.0,39.0,339987893.0,227535838,AP-AULAR1-03,Student
2282d773172207ba5dfc605b3c2530d28208cdc3e4fb39ee39aba9ea29a3de5c,0552dd5fb84bb53a5e24a3c61cec4cbd418dbf982212dda4c6f5e56755f01d8c,studenti.polito.it,-68.0,27.0,175461.0,226731,AP-AULA2I-01,Student
381eab1a72d968af9ee15b3971fadb8b8bca27b78dabc3707d47c2178ac73139,78e649ede64b13a6625beff7ad10ace0dad6c0fcb419124c85bd59151d124218,studenti.polito.it,-59.0,33.0,4878209.0,2464380,AP-AULA11S-01,Student
6328384d898ab8c1efbae9cb8b6861d675cefabbea908493fdd68e41aae9e28d,71fac6a8d3f7fcf49f62290efda1453c00700f7c6151f45269c8ce6ae7bf7576,studenti.polito.it,-59.0,38.0,53598172.0,3876458,AP-AULAR2-02,Student
5893e14862050882a6d59bf5d75b9a62b750047ab6a92053cd88166d118e68f2,14ae4a3484f7a9887b5cf2574032825ea9e341ab5d3b0b24e1fb07296bb4ee5e,studenti.polito.it,-46.0,47.0,221886.0,149852,AP-AULA3M-02,Student
887bd2ea14b49c912ca37254bfebae3366b1b298c516a59ee03e12eaa56b990d,21e8da1af94afa0762db50d440a762bf6e99a05491ac9e464509e0ad3fd5da0a,studenti.polito.it,-62.0,35.0,25107356.0,9826526,AP-AULA6I-01,Student
401d093df0adaa8c87879483f4c39436a05351ffe153a4474b955c3030320210,c2263f8df6f2e0321aafea3dbd8b4f7e32b57806d27d68ad3d96c2f43a1a3245,studenti.polito.it,-58.0,37.0,172345330.0,7459421,AP-DITIC03,Student
1cd38fae9f091f80777d5f22143c87e79402ccce56a0da1ac0fdbc1aad397f53,c96e4d5e9b2a12611f28a63101ca2300e3ca8908f5034578d952e022107352c1,studenti.polito.it,-86.0,9.0,6368572.0,2027958,AP-RETTORATO-RETTORE,Student
f397a4de3337118fb069dc687adb401bbee3e9152f48144c65324b73bcf2303a,10ec171c78f8157e374d40c9a548dceb9969740c534e40687706a8e783d17bbd,studenti.polito.it,-46.0,48.0,100942132.0,16147609,AP-SETTE-LAIB2S,Student
d9723fc72ab6cc0d24c4638fab7423fda34998744280a8e4c0c0a1554fa8bb5d,81ffe5b1c05c6c848258031c4b196a6c2068b0854125ffd2c50b4c8417675b0c,studenti.polito.it,-53.0,41.0,91751425.0,6879618,AP-AULA03-01,Student
7453ef9375728d7a7199acef860448f544eb965609065b0e4488576a22acb642,ae5820c44809e65813258a1add9495dc98be564c35b29bf827c5fbb607f3a428,studenti.polito.it,-58.0,40.0,183916544.0,4222797,AP-PERUCCA-01,Student
1d2dac94853cc0e1ee846635a3d4405a70456381796938eb1b6739d098c96c1f,e5a1e94a196aab56cc16907483f720ed1772d00c2bfedea38cd4797a11fba80a,polito.it,-71.0,19.0,107181662.0,5069351,AP-DITIC07,Staff
d74096511c77f3a9e4b3126ca4a0bbf7771d170dbd3c38f2333c24b6e96bc380,56cae464c39bbd0b0522f0b9a040c420f7957301e0cc7489076034a2fc7e439e,studenti.polito.it,-50.0,43.0,40029930.0,4552605,AP-ENERGY-AU04,Student
2766f234135775de884fa5e2aa32bb805aa1f59b9a3853b865997b3b721d3b91,8ecda8c8213bb680f9271bf8747a700d5055337250470970d57a3e476b763687,studenti.polito.it,-50.0,42.0,44537993.0,932881,AP-AULA6-03,Student
94109aeb4d2afde16e180499cba6b063fcc8f84797c2ca9e35faee99765fdcd3,3b2386f0ca3d7bd772e32bbbe99143b041442fad440042c14d5ca3d5d2624812,studenti.polito.it,-56.0,42.0,19255847.0,1510256,AP-AULA08-02,Student
bf2f8fba7fd7ab7f898a9a7cfc4e2b69ed4cc395938870b97e122b2ad0fd2b69,e4efb416fc626df7bda917b48e4eed11030b99322681abdca49e2c965f92f723,polito.it,-38.0,56.0,164503609.0,6881668,AP-AULA4-02,Staff
e311606a368845a313f08fbca5e07361849a84ed0c4426a4b97746624bf4e5dc,a5f1b8f8a747ad282a3faf4d21972b22c41405a0542d939f3cf2de0690759546,studenti.polito.it,-53.0,41.0,5638169.0,37408529,AP-AULA11I-02,Student
41e45002ce69613004ac758bdb04f1dcbe017dee9b041ffbe9f0f0901b2b0295,,,,7.0,13601.0,2368,AP-ACQUARIO,Unknown
1262ce7b493b56ec3337ff59488b333be16ef0e3f44eca45499adcaf1b3038a5,249934606b45277c0f65f3a2d102112945bbf891ce9ebd5a3bb92317a8a7308b,studenti.polito.it,-61.0,34.0,39079540.0,6390684,AP-DISMIC09,Student
90f41fa63b004643d4a9dea0913cdbcfd75becd5c3d1938bc5181acc389eafd4,88f67c57b5fc9fdd048ce817b8cec45ef5a80af3f3073acb47c5052b4816a222,polito.it,-56.0,37.0,9268984.0,964356,AP-AULA12-03,Staff
f8b24a3983be3819d98debda129495d2621be434c77bd8d2e149967f8bbbe635,8b262a477b9e025e5571993c5161a20be278c9ea2a7ec9bfab2ad2a8c1f2d62b,polito.it,-60.0,33.0,60114169.0,6285589,AP-DICHI-3O-P3-02,Staff
996d3ba5361a17cac63d59d3dbf9dc9c0bdce4e4c38afb873781c3593ae63082,a0ebb874568dcb772ee95b0ec0f1249ffa28ad7abd202bda1ebc89b977254bf7,studenti.polito.it,-53.0,41.0,15529942.0,7640634,AP-SETTE-AULA01AM,Student
ffed709dc58cf6110cb394162d22ef1007a3dca3c3278015278ae332a1189058,2250b50ad0cac2e84a73e7ba653acffc8f0c5b11233746f730fe96047830b022,polito.it,-66.0,28.0,26976598.0,539258239,AP-DELEN02,Staff
d463f54e531fafdb59b17faeffafb6ac1e6be259a02db6ba4d9f9a04c40ec919,a7cb2de2d84452719888ebbd17b962ca3be56e29c7d3fc83bbc386fcd28dfb8d,studenti.polito.it,-85.0,10.0,235647059.0,15385397,AP-CIT-EXCELID,Student
6c871cbaa6919d55d4d49130c1509f386307f4e96fb0fcc234f69c433e89cdf4,3af715973dd10a561fa4181273566c52b635eb0d1b9943f3b698f77b477cc226,studenti.polito.it,-53.0,40.0,103313580.0,10300246,AP-LING-AULA301-2,Student
eb5fc782815f8ce3e3d9559c3e03e15f49f832f68d25cc08c4e35b6c62a7b3be,0c9d207b1f2ab47010e1c25c90cb902aa3ed875146488eadeeca5587bae712c3,polito.it,-71.0,21.0,68429492.0,17739363,AP-UFFTEC02,Staff
3b901e4b3e745378404f1c4b97183bd27e409ed2abdc32e5818cf2ec7d1ffad0,0208a69bd44d6ea94070c36245a604977e0f886f85f619bba8da0e98eed5e0e9,studenti.polito.it,-62.0,33.0,109897603.0,7408482,AP-CIT-EXCELID,Student
89e364cc78d9efc64c6ce05fa6c433939a47b22852547fbcc51dbf44222dab66,cd71d764d7eb6853ace7232bc4cec742ff67d9df9175b8f978d483a408eb3b1c,polito.it,-79.0,13.0,64892.0,73080,AP-PERUCCA-02,Staff
4d796bc3c3ece12e200c07a7400735174447720a261bcf5084cdbe13d7adb548,e4f22fec7362339a612b47c2e7e9f71f43fe50123fa72208ce4e18072cf483ae,studenti.polito.it,-53.0,36.0,23153519.0,114841574,AP-SETTE-AULA-CAMERANA,Student
722a9f3240b1170a353b80ed5939e8d55efffea58de2947850d78596e839e7db,575af5538c1533b98d264a65853752b31115f4678558abd67b1eec4ca6d4c946,polito.it,-48.0,41.0,4214383.0,17187607,AP-LAIB2,Staff
7e2c9dbabe63bdb0e9e7084ad36fd9bb2b5383c08efffd43d58cf018d4912b0a,c847fc442607b974dfcd1d766f75299e2e20fcd1019763875710659b1b722ad0,polito.it,-91.0,2.0,626173.0,260046,AP-AULA23-TM-01,Staff
0eb004a3b3e4dcb065ed071df1e98197feebd9f129ce4b7672be80c2dc812994,5da86c85d4c3d6e04c91fd871efa2291ba6fdde65d2bb612a8896896140d9ae0,studenti.polito.it,-48.0,44.0,139793834.0,5761320,AP-AULASTUDIOR2-02,Student
2f618cbcf44e21c2cd106eeb3010316a03756dfe79035b35ee8c813645325099,0693f4b64478f7ec192a22e0942b1a62245e618361387ff664700d537887d8b5,polito.it,-67.0,16.0,65634295.0,28787974,AP-DISMIC10,Staff
b222dbe527064429aaa9ff8b3eb9949eca28b22d1cfe04391f78ead55dd68681,c57df40a2febbcbb83c8fe86e9f2bc9e2c3ab2964a4b3c99a99ed7a9c9f77e5b,studenti.polito.it,-44.0,38.0,524234725.0,125195105,AP-AULAR4-01,Student
b5e0728ee21de4a3804773c35567be5a5b07ee054f40dc56aa90d52f2c3821e5,bb89455c606ddac685be6950f9c5f036a35d271457ab77f82c16e0bafbaabbe0,studenti.polito.it,-43.0,52.0,6164261.0,152076364,AP-AULA27B-05,Student
757484bb8b3b7a5939c96cbe6c404defe32af14786010bc2406867b29ae366e7,f34023c3eb301fabdb0d4d9066f9424281ab3b0e7c7d8d9707ad0aca5050ec5d,studenti.polito.it,-66.0,26.0,11602449.0,16278563,AP-EXREALEMUTUA-R2A-P0,Student
2ff5a80b03e24f4eb4fd4759927cbf06e11487bef34d583967526a52cc4dad6f,a264bf3e67c1d5434e835149499cdd064d1bd3096cfc50de064e98493ef7e54c,studenti.polito.it,-67.0,25.0,203237.0,207401,AP-INGCINEMA-02,Student
5481dd1a3db25ba60ee8a8328ec242bdc6b1b089e69a4c861846c2e1c733e607,a346d38f45f22db1a6dc5df813b8fc85aefa923be7100089c28da00b4f46be33,studenti.polito.it,-51.0,40.0,5105229.0,2369159,AP-BCI-08,Student
d11e370c95bf56e71fba3318b422a466158c2864eff37b3b6fd70ac1b3380fc2,b6d90425eb77328cc143fa1eeaaa4ffc6abc99b5ec3a9f3246380f169e99148e,studenti.polito.it,-55.0,40.0,181049108.0,10660004,AP-AULA4-03,Student
7ff1ef344151f53346657252ecf74a18659f20ff8240bcf730c68730ab46754b,5614755164eb818ac983852eb30282395115f992e2d932d46d4774f442891185,studenti.polito.it,-54.0,39.0,22885494.0,4432487947,AP-AULA4N-03,Student
796937dfa94fb4e8841103715c6cda590d57446df299a5c6c2cd6c18b6393e96,e86c2eb649511e3b59fa755bfe08fbf965848af54deaf1a11227345714b7927e,studenti.polito.it,-50.0,41.0,400051.0,218175,AP-VALE-AULA10V,Student
dbab6ceae9ba223d427c14e1ca0468080b98b0fff4ed5b94a70d6f7e4c76abdd,f3d5558a9c97ebdfa28f4c1da515b098096c3556d15619f438445127c8e94a1b,studenti.polito.it,-52.0,40.0,131516407.0,6594911,AP-LING-AULA207,Student
c99835b85620a7f46faf740db9b98a387d73923997e3c9f3e5b1c51cb6728cd5,638561a6fca3597b73be5dedce4ee4f860f46d0fdb652828c8d83a3ab9cfcc5c,studenti.polito.it,-57.0,38.0,141587328.0,6453951,AP-LING-AULA201,Student
2ce7ad2a3ba80a05e5b30aac7782259f486aec27419166cf4bed801e9075a504,e384c443cc3830ea8dc56ca95b75deff43da91d1b60fe986032bedbea6e8cf58,studenti.polito.it,-69.0,28.0,2286520.0,1293133,AP-LING-AULA201,Student
f5bde1cf078e01154120da89c56c0bc62c71527928a51eba8e1d9f57fd5e3b51,f5e4b858da93549dcb1a4a98f9821dc83a54ac8d2a11fed7e2cb07af84089193,studenti.polito.it,-56.0,43.0,488134544.0,15439114,AP-AULA2C-01,Student
4e8c2ae4d7649aa8940c6f165aadcf136012161178aa85f6d9c9a162d9bbdab2,aa3e804c1d34089f6613314d2e12038c98271cd1c93448a746ad6c15f217d64f,polito.it,-67.0,26.0,813599569.0,82826842,AP-DELEN06,Staff
103175cd034015da5754a5bfbbf192ba22eadd53a7ef97deac6ec050807800f7,427a5a74e4e49b5faaec2479bc214d39f264c27b3269dd824f3d69e42d0600fc,studenti.polito.it,-58.0,34.0,44713174.0,3311605,AP-VALE-AULA10V,Student
94cdc53b19c7657982e1e759549356baa70c2dbe820293dd603a6a25ac8c9afc,a0fed99bb8aaf8f0b933562c72158978e4e2ad62362a247b22c0028866a5620c,polito.it,-58.0,33.0,252998136.0,1866656,AP-AMM-1N-XP01-03,Staff
1c67e98bac7e52fdeb95eccb28d62c13b9577c0f20c11bb3877b19eac5041273,65216c373b432b094c18098901eebdd14d530432a05502a9824870e400b20dce,studenti.polito.it,-47.0,43.0,693647172.0,24531901,AP-BCI-TZ-01,Student
ea05c64979cdec05fc82a80595a470d173317a470dadd49816511864155b5638,e099e3e511776af1251d55e837e95faef5a2704ccd335ec09a3472df39af3ed8,studenti.polito.it,-64.0,28.0,28907346.0,4992547,AP-AULA10,Student
73aa39e0646539e0ae5de726b4976a16efda54fdd96903a775fc7b70351a9186,a50b735674cb9c0f54782d16673da11437e9cc31c3f092e424270ca473cbf745,studenti.polito.it,-39.0,54.0,516820.0,278262,AP-LAB-ANGLESIO-01,Student
624ed715cb16bf90ee28fac78b23cbedf8830061d7ade9d796a4e6045c972a64,d1c26063b7c0382bed306f9c28a3e7ba731bff6c442be77e58e24fcf06557cd0,polito.it,-73.0,21.0,5819494.0,1748954,AP-AULA08-02,Staff
3bb870dc3d7966793b1ababe9954413069b79c8d0f96a87d443ee20111683250,,,,35.0,6619.0,674,AP-SETTE-AULA14AM,Unknown
86b947e8ae5e9ea233c0f6cab84f8a8df0b907fe204e1d97585db2ac8dcfceea,43c3e88a54c2ee56516492f47d4575091707e29afc21e02862640e3caf0d04f9,studenti.polito.it,-53.0,42.0,76148951.0,3559288,AP-BCI-05,Student
a6d8b5d9c00e9ec268a600dd7683001f6a1c8836d74970acff9c4fe545216b38,117bceb81665aae7e440d77227f47df668e5855dafcabcf44f184daa427ce6ce,studenti.polito.it,-58.0,33.0,41658491.0,8672299,AP-DISMIC25,Student
5a97e8f45326fe0e50aad99734ed918c742043cb8f8dac6dbed82830fcd92979,60cc2924c1818c8e6d6b6aeb44b85a3755e7814dc18404ca4b6855585800ec89,studenti.polito.it,-64.0,28.0,1494996.0,314253,AP-VALE-BCA-ST-01,Student
cb5d88f201b3234e2f9e9c8681af9841ba0c5dec50aced5a79111140c8932efb,7421e9dfcedaa68af09139236fcff34f98c2b47cea3b71372331a95f3634f84c,studenti.polito.it,-34.0,56.0,16672790.0,2636909,AP-AULA6-02,Student
ddaab859711375d95cfbee561328c8bd14cd0673d672d421e3b80f8e4d7f146e,7e2f11dfc879086a5d72def6ca79d81e10c5bd315ccb02602bdf38b4d6dfd534,studenti.polito.it,-52.0,42.0,122546330.0,10623160,AP-AULA27-04,Student
9c852d39add12b32614d33992acf87aef3bf547d1be7372e503b17f2db7b0946,62146dfa70484571f15e5c5a8bdb4bd9438eff01e7e8177ca726441e6978414e,studenti.polito.it,-83.0,14.0,57883336.0,4104665,AP-CORTILE-04,Student
ca14ead90809bf0801f8641bdca76a6bb0e34c0c4ca7afc14708799751e6519d,961d2ba0eceeea0b7a139cbb88eb94c56a48105c0338c1530096afb39b43bbe1,studenti.polito.it,-54.0,41.0,191473734.0,10144446,AP-AULA2-02,Student
598f5f59da333b86686f7afc69a91f8e3b863bfec01fbb6969edc367aba25ae1,95cd382e620c97dbbc25d2b5035d25ee70fefb0c6c131582d1a17ddf8c685c2b,studenti.polito.it,-61.0,32.0,135340257.0,6769083,AP-AULA4-02,Student
e306f4b92b6c7731e13d47c722462f46051c8394225b8b4d3e193fb7cb9198a7,efaa80f7b2981442d15e8a45636bef7a6a0046b6b07b3e3be84101a63f16ff51,studenti.polito.it,-65.0,28.0,3015161.0,555516,AP-LADISPE-01,Student
9f298fd6ebf0d07bd7cb5659fe56fccbbe8b9feae981b1fc01654c6fd8b6afde,a406bec28fe870699b9a3e3951c07820b258973caa4922646d28a3f96972eb1d,studenti.polito.it,-52.0,39.0,874958.0,1031852,AP-SETTE-AULA11AM-2,Student
fee4a57a41918407ee1fdd5690591afde7f6b461d0fb1588b71ec60a83b36b9e,e3ecb612bd09c6b707097247280657b51a4ffa94764d6a931672298013e15395,studenti.polito.it,-47.0,46.0,46996006.0,3118461,AP-AULA01-02,Student
bfc08240466d38f31e712705bcd541bba299860731e14ddd44e21fde7506ff5e,ade81f3022bdc0a171cbb19b0da6a64763863ef0c96d2ca8f96b5efacbc0f4ed,studenti.polito.it,-53.0,38.0,3148010.0,1533973,AP-AULA5I-03,Student
c986bb9b13a09ef6d636f88d9e6165e35e3c11a961a99c4e171ca2e9b1089819,ea990cdc3cd3af1ba2f9dca1e4d54b51e9c51a8406d6914e3d4f88288bb42d86,studenti.polito.it,-58.0,35.0,131964602.0,6504629,AP-AULA11I-01,Student
f9ac667525e424fcb7378db97fe76897443a0bc0e5c1b01a043a4430832039e4,4e6b459c5f2923bef228e7cb177a6affbc3ac69af3485a9114850568909d28fe,studenti.polito.it,-76.0,15.0,22073803.0,2896531,AP-TRIN-02,Student
9327fb6d816cf16da13453ce7ccc871dba4e08bc7b9194a48f609572559eb9b0,8545f234c35cc67fb33dce7ffac0ee1402bb23213424ca9f90d2b8154abce8f7,studenti.polito.it,-60.0,33.0,215334.0,66411,AP-CIT-DET3-03,Student
96c8933e29d86637f879847d5dae9ee280c4b9c45e99d4f5a0efcff1b3573586,811cf067df4f4c1904de0db796b7b4770347d4af7695225e5fd521404c97085a,studenti.polito.it,-59.0,37.0,6696144.0,1395239,AP-LING-AULA201,Student
8ad681200681e8009c5021ed7d053751473a7806705330fa9fefe76edbde4f29,4a6c98365b0dbfc2ee8181e460051a4f2c219d44890d68809d8f4ba60f9ee96e,studenti.polito.it,-47.0,47.0,4953736.0,6914916,AP-AULA12-02,Student
64cdd28fc5446048793db2138c214cc0a1c0cc794e82da53d56fcd7991cde819,451d12c8b4ccce96183db0dcc60301e69c4ae81bcde70266eb59cdb3b9f9b37b,studenti.polito.it,-70.0,25.0,4632471.0,891875,AP-LING-RECEPTION,Student
1bd63a75267dc3e719d782fa315e0d361617bcce878f039398dfcc2e576d0dea,758ae1eddac9ed5bd7c19250f24f695cbb02b0f507ada222b23c8f21581e057f,studenti.polito.it,-50.0,43.0,42270318.0,9303985,AP-AULA10A-03,Student
9f1aaaca219207a5748c79b9c2c8ea950fa3a8dde46b594825e87bf2af16e30b,c20b51fd9e0fc3f98d6cdc2f7b9add0e6e00b2c94c7fb18a77ea11c6c960a57d,studenti.polito.it,-55.0,40.0,23226467.0,3378211,AP-AULA08-02,Student
2357ab216346baa29461f3d7fead3143258909414ea8a0629d8f98b0bb26ca8a,791106d88e7651671a39093f513f94c7b7edb02cc7af42c73b6572bb81ba1510,studenti.polito.it,-63.0,28.0,266032561.0,84278819,AP-SETTE-SALASTUDIOE,Student
1750dc5dd91e3fe992a9225f1ab285068992cc5cea167cc62f2f87add4612fa4,12be27b5b2d4155b12b90b5abe55eb2c38f68bf6fcccbe379eb02090b6404067,studenti.polito.it,-58.0,37.0,10034419.0,1257381,AP-AULA01-05,Student
d23e88ec25f6f324ee4065e05baeeb2d2061ce392d4b85e4a0e9b43f83e92053,82f7661d8ba6c60d5a634a4d4506c62ae50c3faddf76592bb0d6c1987dd458d8,studenti.polito.it,-46.0,47.0,867868.0,1513450,AP-LAIB3D-02,Student
6cdf5f65861ee8beac7e436930e883c81086d1115c7a3b4d4fecf903627c27ac,c6cb625329f81348d047a0ed1fa9fa2f2ff28f44fde677b7858c0a0e73b9fa87,studenti.polito.it,-44.0,50.0,2087108.0,1012725,AP-AULAR1-03,Student
dbe18338872a1692515e8379f7a94402cf7407f84edb7014232b481ad61b91f1,e86b295155f961e2b02d7913c71e130964b136a025eb114768c80e2dcda6101d,studenti.polito.it,-55.0,42.0,58597136.0,11284584,AP-AULA03-02,Student
29bae6ca57f3e5326ca75b29832994e4156c9605ede2859a0f676e4c80a0884f,ad56b3ce607f050864fb35e8fd56239d89c46a0334b28ac1158a485b1ed575e3,studenti.polito.it,-74.0,22.0,48340645.0,7029842,AP-AULA13S-02,Student
cc3693cbd5eed011545289fc2b89258e5c7bea961c567a946d9c28feac0f2e41,465afceb9ec1038fa71896fc32941fc07925cfbc0d9926ada66b013107894b41,studenti.polito.it,-56.0,37.0,52643769.0,2791522,AP-SETTE-AULA04AM-1,Student
8893fa5f4ab8818c37f70d0b18bea2be415d115e1c294d203b9ec55fe860cfb4,47ab0109eb613ea1711613e09222120ad6bcb66db41aa49ac96648fab7883d9c,studenti.polito.it,-58.0,35.0,247255361.0,8668469,AP-AULA01-03,Student
db208ea7309769f1c5841a072c9719b089da069bbe834e70d7565a5b80e5bf20,acf0949a9ce11cec40f1ffe728312780eb64dcd1daaa276f54cb69f66a3b88d8,studenti.polito.it,-40.0,48.0,15449212.0,2620666,AP-AULA5D-02,Student
6cf13f4ec1709ace1927fc5cc5beb75f1e7b99d34285e18c9d8947d5ab2ec118,b5105cec940e7654e2e50be1bdd04929966aa9461b1f7a6a29709f0baed88adf,studenti.polito.it,-48.0,49.0,25893564.0,4221105,AP-AULA03-04,Student
714010ef4e654c164205921a985caf27f9aa4bfcadb54f111a410403b9a33697,ece5682b6022e3e899142f5f680616a7fe8e157e65b2a5423c88444688ab7616,studenti.polito.it,-66.0,26.0,114175347.0,1578896,AP-COV-C3B-XP03-16,Student
bb65d7b1fdc66de1cc0a7b5fcd7c88013b3e6c0493932d5538627f8292275353,3863890e9446e64801668db49f64a0f60ff3b10dd5b928ac726c617eb60df2e0,studenti.polito.it,-55.0,37.0,6774276.0,9306855,AP-SALASTUDIO4-01,Student
cb3b6da4c234acfea376948002add96c3cbf0e94373c0d5736e43d0884167ac5,c87a520cedfdfbb7183ce7c1ad6f624b8a05ed2bf443d73a52d043b9b1f311c9,polito.it,-58.0,33.0,5484733.0,10568695,AP-COV-C3B-XP03-08,Staff
875be913c99f41592d41dc2cbb3908656985003e6955d125a5ae4cfe392328a5,1e7781d91ea92a75a8ae712a3e19728b7e1f2d809d73558bc9a7b97754d747ce,studenti.polito.it,-55.0,36.0,21411543.0,385382,AP-VALE-AULA10V,Student
379f21a5cf45e38e37ea0ab1088322520a6c94f37261a215efe30c66a6cb2a9c,28688c244c0c2a3c4cee406467594a899498f08f33ca1f00aeaa4a4e95d54f97,polito.it,-71.0,23.0,32730.0,18868,AP-DITIC09,Staff
93401c8022d0f3a9a6af5a1827e3809fb5441f18654550ff0893ff050ce19c11,238f4d9af1858c1ba08ff4fcc8ec97965b21d08379b4da383ba2db37bfd8a112,studenti.polito.it,-49.0,45.0,3355866.0,644414,AP-AULA5S-03,Student
bf7f05db7c360420e46389b5431e3eca7800fd910755bab2db23c31742444d5d,27156b45632872ffb783d04009736b9067e0ecd384448c282235b4af5b2be186,studenti.polito.it,-56.0,37.0,257434137.0,6917863,AP-GESD2-02,Student
8382a7fec5fb313d2b116db54d1b6e2c62d258433e6feefd18bb3a6ff2fc0e90,afb31b86b650c692ff785337cd3da92d65d6ec8a11e1aec9277b578dbbd9159c,studenti.polito.it,-58.0,35.0,111658239.0,10214628,AP-SALASTUDIO4-02,Student
c029f7650b162622277cca8584c759476bb8f6f6a9c8aa2f0723f0a8736551ab,c1afa03b56291c620d4198eff9b949ed27d02864567cd7411be4caf546397b6a,studenti.polito.it,-63.0,29.0,93499138.0,11717015,AP-ASSTUD01,Student
a813e0b6d308d1eb34bd6b658ae2a86c5c6db0367c62e0869fb81a6e8573a22c,4bd018bf02a9661481075734f3634d45fba55f61563d40ea254e667d1a00b9c0,studenti.polito.it,-57.0,35.0,2949283.0,877144,AP-MIXTO-04,Student
cb641f100394fe492df5aa503c36084e845de78f274ea94d71998762dcf48e68,b8c00c3b7253301a4f1635c5e34939be92302e37781fb73af8d2645c4970bb26,studenti.polito.it,-50.0,41.0,218099696.0,55567965,AP-CIT-DET3-03,Student
f7b39ff924718bb73281c5b6ca0faa879d82e966dad3616563209d5ebff52205,01dc3a53dfe081c786ea8f919086c7e4be1c1f2fb3723c17ea40fd8a11d45d03,studenti.polito.it,-58.0,36.0,43979290.0,5977635,AP-AULA2I-01,Student
bd4eb73f4043e9cc90d090e8bd41ccfa9801ed5136100a00cfaf611e9661860a,ce048ad752ffdf39879d499252d0418068c5dd83e373c638319e6249efac4973,studenti.polito.it,-51.0,43.0,15820823.0,8846781,AP-LAIB01,Student
5b9c15b8a78962203ccee65849270f2ba32ca3adfab5354fdb327d2263f870e2,b67d34327b0f4648d3136d52d1e977b1cfc1577487229d40216c3bffa28763ce,studenti.polito.it,-57.0,38.0,44269632.0,6631000,AP-BCI-ST-08,Student
cb71a6585b3ad81539209994dea9743b0ca158ef62d64b45733156832507ecfb,73ad88ba26663845fc7be21150040e4fe9527dd468a14bf0446bf82e3a344dc8,studenti.polito.it,-55.0,31.0,17809784.0,29722711,AP-AULA7N-01,Student
c07f368c7c4bcf5289fb251096ca24dfb15ef754e263431252b29ea40a4f5043,64f2a36e4e22320df9fe6e4b599f9e6bb0789662676bc410a7a861025cc60721,studenti.polito.it,-55.0,38.0,29260672.0,3658851,AP-AULASTUDIOR2-02,Student
9eb8d149cabd9fcefeb45887f77910aa7bfb1191f130a1c5813470ede85cf846,fa3269decab556b6517cf5cb18d71c69f1000bf3f91719b4b2d4d105762caadc,polito.it,-50.0,34.0,29877921.0,5951667,AP-VALE-CHEVA19,Staff
998138510412ffd634efae01451d99a60ee9b10d874b7b310d4e6ddc670f6a39,fc2baf5da99a06e80ca6b653f971aaec1d8e9efac214a6e4f9793441a1475c41,studenti.polito.it,-51.0,23.0,41141595.0,7664870,AP-EXREALEMUTUA-R2A-P0,Student
d5a7ffa6b8122dcd69696f4dd6d8a518ee2c9e2c9d0771ce3204581b4a68742a,eec73aeb051a7929cd9792e055a5a339bfbff8dded3e6f38160e805dc8065c35,polito.it,-54.0,42.0,201670841.0,60121053,AP-DIASP04,Staff
46321dbaf3d12fe018b1f12e1825c6160c377ae7cd2bc3ea1594150b1fe29da5,e05cde5968de4fd0718cf5a68be9559a79c6d8378ef9e2863b41947f77cf4bdc,studenti.polito.it,-54.0,37.0,1225166214.0,380807840,AP-DISMIC26,Student
a439c104b94cf358b7eac8f626f7ec08c64dacbf0008b953a3e556f06a368205,a6e2b76c8c33ac5e74667f5323b4dd44d17f35db1233dab9c75165acf900adce,studenti.polito.it,-54.0,41.0,33240193.0,5909029,AP-AULA8D-01,Student
99c6fa67c66eea7a292e68a57decfb7e1f8a236395cd620e2ebac0dde7ccbed2,4140f1cb93008b63a212e035d8dfecf9ee0f8e8bfcef2b2f1db8c7e494519bdd,studenti.polito.it,-44.0,45.0,29306681.0,4481127,AP-AULA12A-01,Student
27471a9bc8941bd2e862d6a6212c671f9c8df99c2f79b3aff6b343f9b207ad41,0586c576d8605c2163da75710e63be63020859d97cfcb51abc5b5af94e11cbf3,studenti.polito.it,-55.0,39.0,104151970.0,2908554,AP-LING-AULA306-2,Student
ac2259873163d74390d3642149a2474e4d11e38a69cb0aa5077e9bf560d25b24,,,,19.0,0.0,0,AP-BCI-06,Unknown
eb5c27c1f260dd318a28a1ad17a86df4e1c492abe28c70518fa2e6e37ee5dc04,61045174f48432fde043e51c0244b52ffda506edd4e8f10a2e5724741c064b13,studenti.polito.it,-51.0,40.0,2079606.0,397333,AP-AULA13B-03,Student
960b4c6432b84b60cc5414f6d1e74682c467d45b6be27ae6c9e191260ef8596c,1d177dff765e3127a81b789fc3d3b644f863f556379548448176ed02a7213132,edu.unito.it,-47.0,46.0,26375881.0,6424577,AP-VALE-BCA-ST-02,External
bbddcb8fa13e6c5d9941c4971e04bc95b0bdb971e15b0e44ece09eea2ac39b51,8675a78d3f896d8303a1676b39b088ae430668d381316acf71f1b726fe35f9ff,studenti.polito.it,-59.0,32.0,245375194.0,6523475,AP-LAIB3D-01,Student
9eada7601639393af417572b578cfe9274559ce76e2eacae766a379f1b74fd13,cce7c6d44db7671d964b865d4ef4a2eb2e221128725370631431c0dcd8388a08,studenti.polito.it,-45.0,48.0,27472367.0,2295843,AP-MIXTO-03,Student
8182c3fee58bd7b1374c5101e69a8aea51c2aacc78e21514e18ab9a95e96673f,29eae731d4a8b61fff4b4da38f4a9034eed1654ebf50e21ffefa557450fdd8a8,studenti.polito.it,-74.0,18.0,30305509.0,2981932,AP-SETTE-AULA07AM,Student
3454b016ab853e79066e8a4a990eb7fff96e97e32421520904360ea7a63efebc,c2c69b5b9492fb6cf060b5ddb5eda472fcb3b6637d4a2569795e334fda96ce9b,studenti.polito.it,-45.0,47.0,96574349.0,2546080,AP-AULAR2-03,Student
98bf6f2ef225347b603232a0d4d1f074368d03a37e76d2659833f9dbac366ff1,702e7423af8fea991bd3a88619c54609144bf328aa46dcb0b7256dbb9c0b0934,studenti.polito.it,-46.0,47.0,9353706.0,2497610,AP-GESD2-05,Student
af9a552c4abf81175df3c1afcac61969c46c5b4212939721dc4d634d8df40d56,1c6236a1936e1f62ed555049a415ac9a732c754e64581834cd67a4a7e526b5cd,studenti.polito.it,-62.0,33.0,476718442.0,27171360,AP-BCI-06,Student
7ad717ba0ca807cc8569985f4e23ef6a9521912fde676edb3c30b728007ae68e,98648b5e536b38d40b048349ff07038b5acaaaa0db325b40f6cb8f9cbc4f87bc,studenti.polito.it,-56.0,37.0,31239390.0,4778166,AP-AULA1M-01,Student
cc066a4ea22f4ea569809d270dc2af4a3d2d98897d9abaf16ae2e4bc9bcd08be,38cb1ff7149cae05fe57c5509d3d47ad968af140364f320051cf346612d9d159,studenti.polito.it,-60.0,20.0,609194179.0,166860503,AP-LING-AULA207,Student
8d05cb90c69f72c6ea6ac04384b965ed0d22dbb1cb9686f8c764b0de9dad9c15,a18b1bf27a038f40361f381111d5d7653c82b28aaa8245ef244a31d4b6251dd2,studenti.polito.it,-45.0,51.0,95561353.0,19738046,AP-BCI-TZ-03,Student
fbdf86fa2c025c561668106a376280b9a027dc8e2d4e578dab2eca2bd4e21d2f,b33020907419379c4d06a4a86273ff5be1eac6e48c6d8b978610c7ae926bf4ee,studenti.polito.it,-56.0,35.0,509662110.0,29587293,AP-AULA11I-01,Student
315fafca5b29fc83ee2d86f8f041511a6c3f7db258a6fa1e9c4a9b12f9bad067,3e08fd5dddb1834566c5b7bc4d973482207145de5d683cf0f584f28ff3cfa2e9,studenti.polito.it,-74.0,21.0,15890059.0,206523871,AP-VALE-MOLLINO-02,Student
4224f72a7d73f1165404a90d90a94597ae2216c00c4cf93557b6a2fca95fd09f,2322ccf35e628ddb2028b0cf7059600195d9bbe32e1a8025eeb1eab1c084e5be,studenti.polito.it,-57.0,37.0,16049004.0,11056024,AP-LING-AULA301-2,Student
a01950295059cfbbb79767403e591c33d6985fa682406b1d07130139b566c89f,94b1085103ace5770234fe127f006a0379d7ac41836aed207efb7a1e0ed5307d,studenti.polito.it,-55.0,38.0,27197133.0,21065923,AP-INGCINEMA-01,Student
af46748b74a2ff0a5e41bccbbd46df51398c3cf6c68cae96857e78093cb7e917,1c856670c2f1f7fbefc242f27829454ab94c13f2f9c1e4629196dabd20c9a196,studenti.polito.it,-64.0,30.0,108436602.0,13643884,AP-FRONTE-AULA12,Student
bdf85dbc18d0e507a5139f85958ecb9cc5bbf834c285fdd80a58488c7cd8e52f,2753cdc0a710be892dcc569d88aa532892328b2c7d812f4318d1b7be1ae29b0a,studenti.polito.it,-47.0,46.0,248492204.0,292169718,AP-VALE-BCA-03,Student
2760b4bbc99d4f396c6425aba17cf3554ed2b31fd7a106bba0a9ced339383f95,b8d840bf49d95722b9614e168e0a1eec24f7484e262d9b794e8a2144951aecdc,studenti.polito.it,-61.0,34.0,82735661.0,9582464,AP-LING-AULA206,Student
1d7879d2cd164067cb58c3389019ff6b25a0599dc106c15b7ead1bb963855a4e,5aac0965b61bfacbb3b18a1aa38daafa0dc7b4dd9d2a838e3a87fe1bb2fa9023,studenti.polito.it,-70.0,25.0,2286032.0,43081348,AP-AULA10,Student
46c72e1629eebd3a62a3db5b1bc9705bf67649a6beefec3ccec60506099a8e00,6c1519bffcff1ed96a9f885242120821d6bfd206e0236e1f95e50174a3739247,studenti.polito.it,-87.0,6.0,289099160.0,201888931,AP-DELEN06,Student
c2ee940f1d37621fdc5675c85148c252574568b810b6dcd88f5462dccf99c216,10903e1609f7e2f073e428b4685ca248aaf1e43a0a6bc1330b4a0b639e09b5a4,studenti.polito.it,-67.0,25.0,399317998.0,233016811,AP-GESD2-02,Student
01ecbaccbdec5eca9fb820e23369b7d90da690631245726db1164204f053a6f6,34f697b355e27df42451ba6f6cdb1595bc22499f50fd3c5b15e761516cffe9a5,studenti.polito.it,-46.0,46.0,1196889.0,615494,AP-LAB-ANGLESIO-02,Student
8cd4cc3739e491157a7ad5ff9dfbb10bcab55b049870680a679076cbb447d92b,d6a23dce709cf536f58bbdc60b076fe113455d2b83adc3b395d823ca00d4a401,polito.it,-62.0,31.0,456726.0,528413,AP-LIV-LITA-01,Staff
e582909c6152501e6f4a7362c12d823a352dda90903a4bc9d928f7c8276f4f9e,b159ce029fc1f0ea96d37c4978d325dcf8b52cba48c71b44f48d4a55d67bef43,studenti.polito.it,-54.0,39.0,55581624.0,10806868,AP-AULASTUDIOR1-01,Student
210fa2d4fbe3b152fce881d5634e056464c520cbeddcff827d9033c8be26113e,d9132f625c51bd6a509ddf7b5399c16b5aae29e7f83c64d39ad6fb5ea3abb3b9,studenti.polito.it,-60.0,32.0,308002020.0,143046082,AP-VALE-BCA-ST-01,Student
91a49ce48f1eed9314de475520e116f5756b88dde00bb9299de165b279d79d0c,1c83a21b6d42e7a8bad8c5762432c1cae48b95c712ea5feac314adfc0f334031,studenti.polito.it,-50.0,42.0,257140239.0,16902097,AP-SETTE-LAIB1S,Student
6db9c195aaebc0355bf619756a6c94fcec7c777e03f4940426e8988f7845a462,84630b26e055c7253294407a9b6504ad0b3b11ad786bacd393e36f71e8f30016,studenti.polito.it,-58.0,37.0,87835533.0,62632252,AP-AULA11-01,Student
dbd3c3bcd9291172191d168caa061f0d64e0575acd124cff1f62ed84101cb69b,7cf28cbd3cdfbf8aa402983f6bb14d0cc8a221194a3038031668f673c8003e87,studenti.polito.it,-52.0,39.0,6961285.0,1733739,AP-AULA05-02,Student
a0fcc7eef2565678aa2d4fab238e1c51df7ba9a8b3645a8c41e89b18b94be257,b33020907419379c4d06a4a86273ff5be1eac6e48c6d8b978610c7ae926bf4ee,studenti.polito.it,-60.0,33.0,12913815.0,5034412,AP-AULA11I-02,Student
f5beeac237bd3aa0f788e38e13ee255105fdbee22b126e9bb3ce87c2d923a52f,0bbf9437ef9307ff83fa922db4d42217b1b072b88df020a8227ee26927b9f7d7,studenti.polito.it,-59.0,33.0,26588686.0,7361216,AP-AULAR3-04,Student
7cba21115f4e48a235f07dd91b8eec422e3af8d20dedacb28620566b4d11063c,c9c2ccb3b9fece4628a34d50859a0585122d335332ecfbd608e1a2c876c9a43f,studenti.polito.it,-48.0,46.0,1461241790.0,89975548,AP-AULA6-02,Student
b81eac0cb06ef8f7a21952f96e9a459fb2b800432eec8b7e40c71802d64dd8e9,6adbbeea2db19556b8d44614e60be64a465db5210bb592077f46ecbb160263f0,studenti.polito.it,-78.0,12.0,229272.0,178209,AP-OA,Student
2a710d335998ff54852d85ce29ec069c99c3d83832928542afcf17504b6a6bfd,0152d4870a9c2203ce41706800e38881cf1be180e3a603f19d4eafbe616b78ac,studenti.polito.it,-84.0,7.0,24841608.0,3814506,AP-INTE03,Student
1c38196d8fe2c892b9393d8e5a430c6f5cd72e690d9a4e512d16b4067d5d0196,,,,16.0,0.0,0,AP-INGCINEMA-01,Unknown
4e622a2acbf3dedbb5cc44df2dc0a5c49ff198faacafa1ff7c99e69313e88af0,40edc45edf4bc7d7e5fb1665c6809b9dcc12adb2dd7ee917ebb27ffec80befc1,polito.it,-61.0,35.0,51415912.0,24099841,AP-DIMEC08,Staff
be6278c821a9e3bee241b72b31da218edf13c2466a170c7476d76a8859ef3e71,776599f768783242fe28e92817ec6aed2f8e82c545a2b58bba13963d51806d60,studenti.polito.it,-37.0,57.0,11345260.0,8335489,AP-AULA4-04,Student
ad1fa6b68127117a34f79a5b37403b3962d56c1ab025d717785fba3a739f6893,51d2496d5aa9267930401009445dd53abdf4906210466f76081baf187eddf752,studenti.polito.it,-65.0,28.0,2047796.0,313234,AP-CIT-DET2-01,Student
80a60b1266a6767c0c7f509788cda45f1a931a30a93505a2fc148f9f1e8c7afe,9851e5f1c6e6a0df41818f37bfc9fbdff5bb99b4240b718b63a5c21dd55b5902,studenti.polito.it,-49.0,42.0,1838071.0,1209643,AP-AULA29B-03,Student
78b5016bea71b5540da2a87d91f65b4713ac4ecead4498fb154fdbec68864f77,14bc794732e29d5ef71d9f34eec11f2118dc894764410470bb548e82a279698f,studenti.polito.it,-57.0,35.0,57072714.0,3248499,AP-LAB-ANGLESIO-01,Student
c6d7ef5a4faf1f1e3a53ba64109461df05b6ffe9f4e98d73ba1cd17225af43c5,ea69a047ffb7ddb0bd62446f8e4cf8c8bb882c5652f22fa7cca07850efcab516,studenti.polito.it,-48.0,40.0,125190793.0,8824222,AP-AULASTUDIO3-3,Student
38dce258e781def8d2fbb7a43098f62cc906682798a3ba01862b733f5220b52e,a45e99c613f8ba9b4e84bf1a21b99ff2b7b49941674bb5de14ec2e5c9054692d,studenti.polito.it,-49.0,42.0,930063652.0,23034079,AP-AULA7N-02,Student
688c3ea663d64a7a59c87fd2a6f19f7d82e080a24526ca9c48c4799428b6e2de,28be84b9f754cbf4650a9b7ebbe7756fe5b05085d50da24730cee4b6e63b2608,studenti.polito.it,-60.0,32.0,14530247.0,876499,AP-AULA3M-03,Student
1d7464efb7ebf3bb680b6ebdf6c118aaabb9af5dea6df6168c50b45bc9da8409,599afbbd3586ef73642cd95b7ff7671e0e94b2576df2c91bd8bb8ab711a51e2e,polito.it,-50.0,43.0,8816965.0,1937364,AP-VALE-AULA8V-01,Staff
b6d639196230c81685ba4562349d206a84ef3fde682728f42764289edb42f4dc,62c70a7b128f506c33d0b8d637161ed4790c53962c026b1046e841692ceea4a3,studenti.polito.it,-43.0,50.0,73558812.0,6194107,AP-BCI-08,Student
c93c45d992200f92c430ad53173b04a416c53185cb4461bfb41c2688f5be2189,36f440969d406301f55bfe4cb6010d1ec4433c89cdcc238b9b458b6224679aa8,studenti.polito.it,-63.0,33.0,519580159.0,16409339,AP-BCI-05,Student
75caa7da4e7fe1e6ce551c66cecc5a5c5f57a599ad1b4b4bc5b499ff69b3297b,9d9af2643d6e7c3cd55443fa79a362dfe12dcc160eec3062af5bde4f31447520,studenti.polito.it,-53.0,42.0,30485795.0,3900279,AP-AULA03-02,Student
c6ffb0aaabf273f7bfea2e92c857250e5f664da42933e632e1761ace1d080646,07cc326c206cafa76ee38881f74fc6efc2bf225e079b8471216878a66bfa35c6,studenti.polito.it,-59.0,29.0,39140255.0,1124549,AP-CORRIDOIOAULER-06,Student
1f68ed6c7f9710288d3de39f42ca46924d6d7728f29da8cf8343680d98c468a0,98443f40a13c9f1af169fb45509003efe4bc5bd1102404bc1831df2e6c39cf5d,studenti.polito.it,-49.0,46.0,890581831.0,6621116,AP-AULA11-02,Student
3c16ad2c3f75f9ef1538bd0fdd66e4f552b331d1a10c22aa1308d4df069544a9,c4f5fe71d856d4a3599c6459cbea545396ed480f8a1c1024f54da82e7522e8f6,studenti.polito.it,-54.0,38.0,45168425.0,56115949,AP-CORRIDOIOAULER-12,Student
988edca78fbfb832725ba3036c59dd4f4b1ab3b4dfcbef87b06c2d2680143598,129274fa385d6813ccc3f713bfbc8b6d0aa7bcb14c5cc4206a93f443aa279691,studenti.polito.it,-73.0,23.0,15241236.0,2165469,AP-ASSTUD01,Student
af2cb750674400ac9f7bde028f661f0071c5bbd5563782a3f2f4a1033819fe81,526ab5d5640d16b984c8da26169cade465aece35089022b9ffa204c8518e0f4d,studenti.polito.it,-53.0,38.0,1309143.0,16208754,AP-AULAR3-01,Student
5718c816bc1b7fb2d24ffe2ee01ee629fe0cd18a9e19730b2b3baf15723ebef3,7e4b9a379c0ef2e7327e7a6eec920a81891c7663fd79ce9abdd3ba04a8d083b1,studenti.polito.it,-49.0,44.0,4176959.0,291238,AP-AULA5M-01,Student
247aa560d605d37efa6c697de8e9af22002bb156851c745b5b79dac1eff73b1a,c1dc2ac293a33070ab219e617cd7a9c9b777184044bb91d2b085440c697f6ad2,studenti.polito.it,-60.0,34.0,972714059.0,158736763,AP-VALE-BCA-ST-01,Student
539f2b264a548b34d7aac55bdeef4595daf8550c3c0231fbff127543275de3ec,002326730d469f1400d47b0a2c2deb16a872e8c66b604dec1013a61056846576,studenti.polito.it,-50.0,43.0,50444467.0,2933524,AP-SALASTUDIO4-01,Student
8396f7d0ce6e13d0e1ebe3c4df0547dfd1e62468433153114a49935e277112ba,f4ae7b1bb4ee852dcd4982e4b2bee2ab903588f11ee1ae39e56ccf69827ff45e,studenti.polito.it,-59.0,35.0,41602221.0,5458636,AP-CIT-EXCELID,Student
f22b8cfb8e9dac6d267f03af0f1fc77264ed09fac59e8654b9de1d01cb70cf0f,4537cbff178ce3e6f4870296d7ba16fde8701ac4ab4b9aa6c52510a76ba15b3b,studenti.polito.it,-72.0,23.0,41399.0,43005,AP-LING-AULA207,Student
b51f216d3bcaaf5d98a18922ecc4d6a3105ab5fc37be434c867d3039731474bd,b759a7c294aa3d642b254b3f829d7e2a01ec8311877bbff1a52d6a861bcb12c0,studenti.polito.it,-53.0,39.0,70445614.0,1409508,AP-EXREALEMUTUA-R2A-P0,Student
7492f5595e6c6af04acf41153f24e8bf959c8f3396849e8d753512ecb12ba11a,69a26a4a151327c8ca1118c5da68367dd33e6131e1eaffe89abc3baf2c1f3b42,studenti.polito.it,-40.0,54.0,3537532.0,1415777,AP-AULA12-03,Student
c44c460b0ac1f53d7d5f14d9a5f020535f6b95d66b2576a092ac4ce5b5e0743a,ada1b2f194c57aca9b4f9b8b8b3a3934779e235a5e3ac7bf6bf5da13be033d9e,studenti.polito.it,-42.0,51.0,475079657.0,20441023,AP-SETTE-SALASTUDIOA,Student
c686106163ad5e56076ffab891d9dd0d2570915445749440f9917e988a92d73a,f5b6122bf872114813d563fdaf1a6dd3032dfb0738a88d079ec80b7da170835f,studenti.polito.it,-56.0,38.0,59537732.0,2709581,AP-INGCINEMA-02,Student
4e828ada79ac00276fb0af2393fea278ae2932ef23d1c15b40ba590bcec4406b,e27c5bbc8e1bb95bde171c9193916f77dce0a345a3776b7eea4d0f391186b857,studenti.polito.it,-86.0,2.0,823610.0,587791,AP-ACQUARIO,Student
442574b7b4f27d86af23d1a4e1291092fb7e004793a3cd3bf44e2b7583a8bb63,ca148b97ecc54811f1f72590ee85ddff55c715477f48d11df432c715c5c49983,studenti.polito.it,-54.0,35.0,1422887.0,5533148,AP-AULASTUDIOR1-01,Student
957c0b7ae37f9f8fd1214ebb5abccc1f038809909d0d6c5d37525105a5357d85,5d8fc5b33f486d19e89649b8c9461e0cdb5531d9acc5bd396df2a17190b1b69a,studenti.polito.it,-52.0,39.0,102979151.0,356220883,AP-AULASTUDIOR1-01,Student
1ca2fe8206571a739b77c12a31d4c7db9ed42b3fc9c6863d4f1516fbea9a8d8c,7db3ac597ae699b8900cc53f3ea55abf6b5da4babc2f83aef07ee445e4cd3413,studenti.polito.it,-47.0,51.0,1309729.0,476854,AP-AULA2P-04,Student
839152845726ad31c004809c3bbb8e71915ba8fa9a9749a116daf01f54bb2d2f,,,,30.0,0.0,0,AP-AULA29-03,Unknown
f94d1512e849d43facaa7dc1b4f39de68794d8f445612fccbc3e70cabf138a95,e995c0a35fbbde915f41baa2c8d9f7a48d06a3192308040335b062178f3ae5ca,studenti.polito.it,-53.0,41.0,105908.0,111236,AP-CORTILE-02,Student
aaac6f903009a89693100d832c96149f258a174e84ae5ec0f946caece2f56b45,087bea9c5f57993d304cb72943bfbbe2d4886a22c8aa8d0e560764220f6e8866,studenti.polito.it,-53.0,40.0,1046195298.0,13796818,AP-AULA08-03,Student
9ea90e63a6fafe4dcec9ac032f75056f98b3abde6431c395e555b33a49e22d0b,fb1b9fca344a456f09f6b1f4c679bf0d2a8c6af3055bf110868e32769078f03a,polito.it,-50.0,41.0,654690.0,310822,AP-AULA01-02,Staff
56985c058d022cdda1918318d85470b3a00b1cbe7d285f0e9644d41e9261e8f7,0208a69bd44d6ea94070c36245a604977e0f886f85f619bba8da0e98eed5e0e9,studenti.polito.it,-55.0,38.0,200207256.0,111057155,AP-CIT-EXCELID,Student
2bfd006862630b62ec39cfa5161fd1efabc881afa934e6a66824dce5e24719e0,a04bbf451b7f7511a0522ac9498d9a715115be7cd62df7774808f0c6f58a5f7b,studenti.polito.it,-55.0,22.0,1336302721.0,35706872,AP-CIT-LABINF-01,Student
c5c447c723473c5babb6675ae371f876a3d805018b035a0c591ad6e0975a3946,4f6ed9014ba97a1933cf0cc0b38dfa514e2e366d1ccbb2287cb0f3700200ecd5,studenti.polito.it,-51.0,44.0,17441001.0,1741832,AP-AULA8D-01,Student
7039080fbef9875c32decb95df885fdaebe5c6fed0cf37aec0d7d940d2f8872c,c0002577280c2a0f0b00478234c8e917f150ff64cf8ff80752f7e6f19c1b1788,studenti.polito.it,-56.0,23.0,137332847.0,6348184,AP-AULA4-04,Student
37837a777bd6953c9aec69129551cfbf2605b6970de6e475a9f99ee2b6fdfcaa,c3fdfa3e7d39124c3bdffd884ff88ed634b456ba489f344579b9f774b287b4ab,studenti.polito.it,-53.0,40.0,298165465.0,10180181,AP-AULA29-04,Student
85d98fe1399a9b0291a71f8d137db322aa70deb0ff17196a23d20732786d4ad4,f6ee93a4bdf23334df9bc9569242e30b70646f71013e28aa400f38cd192f46d6,studenti.polito.it,-50.0,39.0,5652269.0,417723,AP-MIXTO-02,Student
8c1362356e6fb2424e6cb3e79ea7a310a13330016a3a53d6944e703bc5b2fd0c,1ab7edbbab3f36bf4039ac4ac34ffddb0261da8587677e5f7197b4b4b236665c,studenti.polito.it,-52.0,40.0,566645.0,526462,AP-AULASTUDIO3-3,Student
af8e9bed14976fef48873c249b74fcf4c60537ef3a0b447f3518bb8fec346c62,26cfe58b13ef252842c40062f7da8b80fde054560d621033624bc92366e74009,studenti.polito.it,-53.0,40.0,14215448.0,912167,AP-AULA12-01,Student
012ad425d8a2ffd92606e7af3ff9f6a5132a50384f013d9b43ad7e0e5e688e30,c5a093db9c655c0433824266820f7c59391782cfe8ea92629f0ab3d35d3b16f8,studenti.polito.it,-55.0,41.0,31428522.0,28141056,AP-AULAR3-04,Student
4dd7dc832b5c559059f7a17e4c962d89fc6f721e62524ab91e68de79a3a568dc,,,,22.0,20139.0,5080,AP-CORTILE-05,Unknown
7f7b2d04d474d763a84caa5717fde02692db39a8346023f0cf728a3a1715f47c,1e79a7225db4dcbb356127d3a9469248c69e344056d9d0092c92e8645c03adf4,studenti.polito.it,-57.0,38.0,61679.0,39636,AP-AULA3S-02,Student
6b790c9ce46f602dc44d0148825b6c340bbe24d77bd3fbce9d527a66f1a6c0ac,1388301ab39aac47bfb5c6799884025f2c970508c188c56000650988a31144e4,studenti.polito.it,-60.0,34.0,37017472.0,2190860,AP-AULA4N-03,Student
55e9b8b762e04e3650b10df0831c90dc2ff77f77fa95c3f73df8d22c55656082,aa7ee7b7736f31cd9737eb2cfe3c7d86d4adfc1ce105814debdd0d22a4e29ee3,polito.it,-56.0,37.0,27097868.0,6557461,AP-COV-C3B-XP03-06,Staff
372da923f9b5b63274a5b262071a52e80e6b7a21293419e493f2cd146318f398,b56d7ce71e948a3e41407dc41961e5ba8caf1c09313f5719640c5933a137ce82,studenti.polito.it,-56.0,37.0,32959607.0,4373050,AP-AULA16-02,Student
001ba69845edfad05fd2e7a6ac6b0db79dbca2d1229707041ba6c849df55b721,535109758b4d64fe78b08ce7a58fffe94e36779244bec09e66cdf6f403410121,studenti.polito.it,-48.0,44.0,966424112.0,20833703,AP-AULA4C-01,Student
3c9e1d779f4038e6380434accdad3a2ad73e2cffdfe1779799349eb5668dea1e,d71a1bebf553cef02692a82bfae3971b08629a4e35a66f40e816a2d76bb61b34,studenti.polito.it,-48.0,30.0,0.0,0,AP-CIT-LABINF-01,Student
026bb2e3bd5c0df0c45efb7431cb8c127d176285a05542131a49135cdff90785,bf46a8fa49e0bcf2c17190a9b278f3024740ee1d1e1da569a3c232abfd55cc6e,studenti.polito.it,-57.0,34.0,850758.0,631040,AP-AULA10D-01,Student
04a58d58183174845a101e1ce126a925fe0425f8b5b49f1ff685cf6af40d9dc6,86d95e4402c9fbfd3463d63574c009e0542881a881f28267cd2563254d11e47c,studenti.polito.it,-76.0,20.0,1267951.0,25364402,AP-LING-RECEPTION,Student
4b91470c12f283a267dedb110756e87490c6194437eb2a85ba3ff86d6f695f29,d42a41f1cdbcbb7f1056dd3c333eb4f6f3602cf4246f11f513d1c5c9ab3a4ab0,studenti.polito.it,-61.0,32.0,428743.0,436514,AP-VALE-BCA-ST-01,Student
cafd0639c2e5d30812d8029bfd670c0ce795ec3d7e7f6723e5c57f1fc7cd7e33,20a86aa42612804a6180073972088fc08b0baaf7fe9ef5b7bef87566c152a901,studenti.polito.it,-75.0,23.0,6593925.0,887044,AP-EXPO-107,Student
44c2b14014885b031bd07f6ee6fca361a01feaf981d8469f00ad2fd3e6d9b4cd,5bc8e1bd8bd97b5ff7435c315ac8202e8b39c31c380dc01e06ad8deffeb61359,studenti.polito.it,-66.0,27.0,73115770.0,3707761,AP-AULA3N-02,Student
6942bc9f842fc8b8f99d923b4c42fae3f8d9753420f4e4d7eb45be1b0569edb3,9a49a12d3ca8f061556d9aad09f8ce94a5fef6419775b53c4d3addeb50aa6ebb,studenti.polito.it,-54.0,39.0,27886001.0,1814894,AP-AULA2-01,Student
c4f51cf13625116ed4cad87438d4a0863fc04430c5a1db7bb180fe7bafdf3897,fb7005d7a3a474cf28beb0af3773ef910a00d17cdd3d270c07f4cdde5e1df040,studenti.polito.it,-42.0,53.0,268122939.0,8374782541,AP-AULA03-02,Student
c251b5e7d6d7029ac4850516aec3db6502eddbbf0c8ea38be03658ca0a07d900,8748125b857dea08f2d3eeed761f254c44cf14e544dd54453d7883139c43ecfb,studenti.polito.it,-48.0,45.0,3427905284.0,43726114,AP-SPECIAL-NEEDS-02,Student
b4b8ea469752f7da28751453083c36993dec409b6a0e185ca9058ee0888f787f,ee6ee2a4262ea0f56bc6375a27e3c51e6a66f713022e735cea15cd8d3ab4c98a,studenti.polito.it,-79.0,15.0,16770274.0,19820630,AP-AULA4I-01,Student
2cd079467c6890b32fc8592ed77c43ea3d8c0327279d7f3f5cb4a426039f2b20,0626f1e8e59c914647705f450f15294cc8f995082983a1a0bee6607dd7d26c7c,studenti.polito.it,-62.0,29.0,381645147.0,7853393,AP-AULA12-02,Student
e723f024b6e4eceb822765b143846af35eb3a039a9bd602d2f011c3126975bf9,1c5a4789168b430d195f7779f5c04100a4599bd906d5b074a4848764454d2679,studenti.polito.it,-53.0,41.0,4422057.0,1420216,AP-AULA01-03,Student
478a302dd7766dff8b284519d0aab52b3970e912ea5c7ba965dc7ba154e734b8,690ebcf6637288671ac6ff250442e473458927b13c2cebe2d08575206db0bda7,polito.it,-57.0,38.0,12572236.0,732128,AP-AULA08-03,Staff
b0fa7e0636cfc9dd77eca0fd22e9c1892742d08c2e085d1d1824c437e75f4dc5,e4c8ce9db26bf5a334a6f072ecb55c46fb5d569fa1327de407f5cfd5853a9110,studenti.polito.it,-52.0,44.0,53572474.0,5125371,AP-AULA4-02,Student
31dbcaf318920482ae013131d79f54d6f898c9270903bede9f17e6aba14dfb87,04914a71e5df6f361f9e197b308418683a3742a58473ef95224b8ad411b7f265,studenti.polito.it,-79.0,11.0,15803140.0,5303410,AP-LING-AULA207,Student
d42848f9a0299c15527405fa5e37f2be96904630815b35b985a14945be6fe3ac,bb305d34c442ebb4cc7b678b37da67ed7fd7a7877d8f65e39fa1218852f2d3e6,studenti.polito.it,-63.0,9.0,4259704.0,1745226,AP-TRIN-02,Student
00ad00c7ac479f37e13d3958c264bb1eb300b333523d06fe2c1bfe8df3c8a88c,abb6f46b78c0c706105a0a680bf4ef960265f206d8e8971c9e87b32409e39cd6,studenti.polito.it,-49.0,47.0,108264.0,55434,AP-AULA4P-04,Student
167061a0fa445d2cb814f80b035d7d6e40b60b3edda570d2ba7bff6e5d8d5b64,ef764cc481891a07c2c2ee123e6ea3e81951caae913313fbd6edb953c434cdc3,studenti.polito.it,-47.0,45.0,5497784.0,432312,AP-SALASTUDIO4-02,Student
f17251d7febb41f9197e51110c949fdeb5ee22eae958d9e986ae50e8336d77fa,a7ae50f8d2ef6b778a1072102b9e9cb8b315b1e6048f5572c8f960998e3096c5,polito.it,-61.0,32.0,136669521.0,7649668,AP-DELET02,Staff
ca752e51e17977032f2af3da49a9937630fcb5cbcbb54ce3b00bb171c319d255,627138f45efd436aa17cc17ab6e7496066b4749e14b4166287ad4efa38a89831,studenti.polito.it,-66.0,23.0,35349268.0,739025605,AP-DITAG01,Student
1d73b4241bd9b2970a95ba81861256a37c6a07b5dca6458456472f5543b8346f,,,,31.0,0.0,0,AP-AULA3P-03,Unknown
d87477ef26cd4ef6b8cc63439a1564894f212198dbb4fea3fc7ad6ea04dc0c17,e3df0d6a2bc8329d949bc7351bac47fcde5b873248043d2ca97f6db7a89b8b69,polito.it,-48.0,43.0,175556215.0,25006311,AP-DET-P3-3,Staff
ae30cb0d74a6174104b6c349f1790fd2da14e4ed560b6da84abf8390e9443264,865e0e955e263433dd1c65da860abc46d933b81d1173d43ebcf22ed29fd0380a,studenti.polito.it,-52.0,34.0,955063.0,680314,AP-VALE-BCA-01,Student
90dabc77c9273eb6d789f140122ad107a7121e6d5bf16092dee773c4bfe26600,18e1f585971766099787c08f6e6bcb6a5200032982c7e6e42ec377c8b307447b,studenti.polito.it,-55.0,44.0,5217015.0,1082757,AP-AULA10,Student
4869b2bfe31adec675d76fb5520280cfb522e2d66c9c73900546bb154fed3d7c,71310db3307f26f3aa84362c94a707977f1a5791638010b0ba8966030aeac6f9,studenti.polito.it,-76.0,17.0,35965.0,18696,AP-EXPO-107,Student
c803e6b4e90ee1794494b02eb2a8d761c610e0359af4cb753fab5d2cc6d4a88d,0ee42b39290d9ec1efa00931a2989e61587f450ebcfb2b0a5d65002cfdf14713,studenti.polito.it,-67.0,26.0,2377088.0,665367,AP-AULA2I-01,Student
5c3718ce09ecd102d9c7a7c713c06a23f73c8d54e96553a478c8e6dfeb4973f6,0646f22f7670193d14d29c4ab7497ca5b5f61d0f499ea52db4f0334b5057027b,studenti.polito.it,-65.0,23.0,27930020.0,1504526,AP-CIT-DET2-01,Student
3c440045627e603267f51b6f712847d81cf4f4afb5f2345f30b249b4a6700a89,7a734b45eb3231cca90d0283c1a030c294ee021d30dc0c70fd0f6bdfa1b6ce17,studenti.polito.it,-59.0,34.0,78629555.0,15509159,AP-DIASP06,Student
3db9324a4fbf28c693dc93863cacc28bd590603b59dcd83eae3afda00acfa230,7996fa72199dfa585f9eb1ec535f3b5b996a64445525881fc3b14919e65f912d,studenti.polito.it,-46.0,48.0,117886586.0,14060290,AP-AULA2M-02,Student
6f36ee46e23e0611bb7cab1f825bbb57ec948919f19aa644f78c93224a493ba1,a6b69fae17f24a9a55f2ba2a32732cac93d69a93b0fd6f602b1938d4cd8cf810,studenti.polito.it,-55.0,41.0,27508232.0,59740403,AP-LING-AULA208,Student
de028463b1552fc449b0506b1a7ee9c68e4f37c67a63968b217357ccb4734267,60d7a19f3f235ee3c90fb9b39c29b2088497b6b45a8a84c673d951a12f53a83c,polito.it,-62.0,33.0,139473063.0,99392115,AP-CIT-DET4-04,Staff
ca001c3367b98c04abf3518b6426b880886c5e4540acf5b5eadb898f824d30d5,c59cb758764887f236741e706f4339205e7b4c2e56f9c682efa48c4f2e707613,studenti.polito.it,-61.0,31.0,3082846.0,930746,AP-LING-AULA206,Student
f16a13897e3695fa28c27fc8f402051952a42cb9001e581f238e792cb7e5daa0,b21c93569a22081dee9cf370d08283852cf62143c0ce307bb64d2dd1cbd323c0,studenti.polito.it,-45.0,48.0,211456783.0,7398809,AP-SETTE-AULA12AM,Student
5eb47a03cba2b1936d49591f93e9fdcc5a0519ea6ed1b1575fb132740ebb868e,4bd8609b0e67877dd1a7c4f41fa36fe7a744e01c5cea919de579c60c13b4c3db,polito.it,-79.0,16.0,221159124.0,22794959,AP-LING-RECEPTION,Staff
839caa17734ee9b87ed4f5c603d70a2bba2b96e2e8fdec1c4e4e9b0519107806,81ece1f15dd08fc57bf2346e55aa5361ea00926229825791d3bb21a7595b2ef7,studenti.polito.it,-56.0,38.0,4156626.0,2638747,AP-INGCINEMA-02,Student
bc434b54956e5166d6315815615b649117ca69176f84e45ca9f3fecfbcaea7dd,5c9aa7963620473c9c7debc172992cef85d392164366e48457882996821d22e6,studenti.polito.it,-68.0,26.0,15242479.0,133795662,AP-VALE-MN1-03,Student
14cbad9d65ca4f7b77c1b4e51f0500e38840a93a4ee2bd7566996d7e13a74c62,fe1dda5ea92ed5fe683a33bf9a2fa04278ab38baac23e451ce076a2e7a511f84,edu.unito.it,-54.0,39.0,51713156.0,9671030,AP-INGCINEMA-02,External
eb2d208f6897a5ea28480fe97f875d510d07dc1d8b0f4dcb535e86e0935a7b8d,e8cb2ffeb06f799e9039f622185652783987d85e6a743aecc80499a8da125bc4,vki.ac.be,-55.0,38.0,4367441455.0,221517938,AP-ENERGY-EC1A-02,External
ed3ac245664dae8ee8c3b2929df609f526099144b4b27cde262f168dbcdcf8ef,8382b4e41caefa8d9444911c92072fea949fe27eabc2f99a3870f80e6ebbba4e,polito.it,-69.0,9.0,595598239.0,53808545,AP-VALE-MN2-02,Staff
e0bfad6a23b198b69a4ae9619fa4a2b587cc1f0eca51be16dbbca42b39807efa,4c06afe17ffac7d62bd441ccfb309694fcc3419708e27c4df71e173b6350f198,studenti.polito.it,-51.0,43.0,0.0,0,AP-BCI-08,Student
f45cc4330c70e6d818f8d4ced0becc7e0246055767960907bcf5fdccc6d6ac4b,0e2a2016bfc849a9eb3181009ea9d7361eeab8a910645939f94b713302ff6a66,polito.it,-70.0,23.0,315310209.0,148539037,AP-DELEN06,Staff
e5684cf7dac86a2d3fa70a008eef6ed911c0d4abf88d86a17b138f3d9be5a121,b95e452f2801084bfe550986cea198850f4e3f0b581902650b8163fdab96241f,tudelft.net,-56.0,42.0,10322263.0,3502891,AP-AULA29-02,External
6662214d26d61a43f9dc1816c66a198426e59bf7f565349942c4718cfccad013,ad2b16e50bd9866c409e9a0b36529643a03fd97f3722eefb7de6d16ed79f96b8,studenti.polito.it,-73.0,22.0,36776482.0,22956878,AP-ASSTUD01,Student
1b27623e392bf04762ca1be8fc52af879ba8e1b8288d369dac9adcb01784f218,b7a4b34ea2c8cf347b5e0575ad1289506113746e1e739f050e2227a756c3724f,polito.it,-62.0,32.0,1650138719.0,477705796,AP-CIT-DET4-05,Staff
41487e726e1e7951a126a61c229494c4fc7c79679e5387ec0eb36b22d267716b,aa5744aff75dd1bcd8d3211afc15e4a23e222eb5b74074354c9f9db28f73f283,kth.se,-46.0,47.0,6343336.0,2491659,AP-AULA7-01,External
99ee47e8742ea687fb7aa6c5d47fe939514b7c50a98e3d13993b054ba589094e,8a3614b0fce18a3c1256efe3173537831c41541c008be96b9790876c05bebc24,studenti.polito.it,-53.0,41.0,167286824.0,11023492,AP-AULASTUDIO3-2,Student
466b1a77622782ba50d7d1bda814cbe9051ae1b0316373ca1fc2a1e9e3ce2c15,363fb54cc90f95a4a097efe0ffecc067170d6ac7265f0082bf9cd2d05f497a02,studenti.polito.it,-54.0,38.0,44579304.0,1996829,AP-AULA12A-01,Student
589ae5bd30d208f67878c84fe8af683e65e9c0e7dd00449d4523c431826a653b,03083cc4a45aad5e63917cfd9de76f515a9af65c62299de19234d386632f6345,polito.it,-55.0,37.0,33126203.0,18885056,AP-CIT-DET3-02,Staff
b367c293a1ab332091e22b62bc352f3e8fe4e6d7af4ca7ec1bc1f10e6dd5d007,f1a7c007a63921cbca1196e744d66cbfee2c0540957983d45cb8ff8a06d6a02c,studenti.polito.it,-62.0,30.0,1703176360.0,63016747,AP-VALE-BCA-ST-01,Student
9e9a9e249be47da56cf587a59cb2b0113d93cf269d697e069cc3b42ecf6eafb9,3eb64b5cbd987497e687e26a29cfd46e29dbf6e91ea245181c40efaab10310c0,studenti.polito.it,-70.0,28.0,19048977.0,1740618,AP-CIT-DET2-03,Student
6e8a5367de1c2541d0927b6bec1943155e4ca9bf09ada7a42951d1203e85f309,a3970f9577486ca2b306d8f110831ba265a20b7f21fd32a47e3eba2c5a56b7d7,studenti.polito.it,-53.0,34.0,82149.0,52047,AP-AULAR1-04,Student
b25bb18d4e0aecde10d938008c423a739ea35740c5a207b9ffd42e39de464ed6,a4ae4d89821e79a8f52d9a3bd2c7b04a14a0141d40357b93e260e2e58fb58943,studenti.polito.it,-77.0,18.0,323916871.0,18913460,AP-LING-RECEPTION,Student
ae6cbadd3139f338edf7e6aef978482679b1d469fd580b123d9590f6a695238c,130c6d848c52d1654a20af0ee07ee6fe2fa803e22c30aa614c44479ff91d4402,studenti.polito.it,-45.0,47.0,218755708.0,30651767,AP-LING-AULA203,Student
8a9d6e52449b31b66c7cfe5efc13be4fa0dfc5ed0a82e22a63c590adc14037bb,a3018bd4f97f520977cb5d1f40846b146fef1a1befa678a417f5c9e526fe59ee,studenti.polito.it,-63.0,31.0,14270929907.0,596006807,AP-GESD2-02,Student
9dd078e7c1b2bf8a8961633dc12e162bbe3aed866218b93038c444bc8d630ad4,4b7acecc0c8e979b57bffb66dcb4e69872d315d868214c64b9a338f22775faeb,polito.it,-72.0,21.0,499094046.0,39322300,AP-DIMAT07,Staff
9acdfb9bb166912d23829f7f947090765a9c059b2ec3eb7c554db66e9f174e82,12f61fd839b173a7abb095234696b97b86dba4dd04bcf92a835726df0d99c390,studenti.polito.it,-52.0,41.0,12503358.0,1640266,AP-GESD2-03,Student
f81a395c434f1dedacb8f60295b727fa1f93a424b1b88332fc4b545bfefd5c58,c8002f98c10089e28d5189261e411dd9ac9a8d28e316c5d7e759dc1790a2726f,polito.it,-68.0,23.0,85280979.0,35339126,AP-SETTE-AULA01AM,Staff
286c33993cd4ae9194b6789d484bda18610598f372752ccb94b9bb2fc3cb74ef,,,,41.0,0.0,0,AP-CIT-DAUIN2-02,Unknown
a7690b82ce4521bdfb73108aa01ddb5318118a5840c9b8d40e39bd03192c6cbb,1b3bde979c37b103c79e6f8a8ecf4f029003244a132d327faca17423d94de10c,studenti.polito.it,-63.0,33.0,91879920.0,65201243,AP-DIASP07,Student
3125cea3570d860fd1a2f3a4a2713bfc62ff1af735a3e7741ce03c4946f429e8,351f4a90566b6c367121e79950ec4d2be57b6240033d360945d66dded3520a48,studenti.polito.it,-55.0,32.0,2357745.0,995044,AP-AULASTUDIO3-3,Student
a12e535d06407ef2324778466229700d57ff57864712448a602112184894a499,772fa1c7c13d5d1fb76e9d466c0646343fc3e2c1ee0c4f59dd68eeb5b8e5b6a5,studenti.polito.it,-56.0,36.0,243112222.0,8410122,AP-SETTE-AULA14AM,Student
1628f1587f1af18c6c079b3abc2480f916d1652c9acfbc73423668f303c8bdba,fbfca13c489394824630fdeaab40984cb5681d313732a57a402694be47b81299,studenti.polito.it,-49.0,47.0,26233575.0,7244214,AP-AULAR3-03,Student
02db1deeec59f90469b3802dc9d7647987b1c91c1b9404dce9639fc549bf1d3b,a137ae884c1d77e0d8be7eb9c807e3a4c3a4eee2a02be9d203cf9122df8a61b3,studenti.polito.it,-46.0,34.0,194713835.0,43399150,AP-AULA3D-02,Student
0546f5efb2b5e176ff24a0e8bb6d6c04053c8c3c7220555ecda11af2af606dba,5a3a8465abcca7a239d464da996a3c54edc1617a4ca511a83c6affa522e4adf4,polito.it,-45.0,47.0,87224582.0,6613838,AP-LING-AULA303,Staff
651e28b9713deaf3a21d3e44630bb91929b0fd11a541dc116215952a6fffb1ab,6b8b8fd1de6a01e58e149aaa2dff32ee92fbbee81356bb8750b3e5fe18bc726b,polito.it,-74.0,14.0,72368161.0,57806858,AP-DELEN05,Staff
6533265aec0e2d7925bf2b05a8817d2f5b02a8876cfad1632994ed27957e5040,d7f03bf43a473ae0fce62361a29f398342e126ddbdf4b6baded6282ea8eecf47,polito.it,-72.0,21.0,446036031.0,199538416,AP-DENERCT02,Staff
afefbf917e7232a73c2fd4e6171c75a77334b9c8be7d50eb867eeb0cd83c375b,9105cc9b9922577aae8b5552dd4dc947ed2c89e5751be8c8d764ee73bc706ffe,studenti.polito.it,-52.0,40.0,374446045.0,146131271,AP-DENERCT01,Student
28b540cd735048be2d016941ac8823714b574a33786049f4ee153d57284b6c65,5eb7a5f351a834f54170238d24d003f8700f510b48b3660599b6417de8328cda,studenti.polito.it,-67.0,23.0,1865995957.0,1211691334,AP-DELET02,Student
25803dcb96f1256947c75d2aa4d6f95f946ecd3ee807c16421cebf8c93e19d27,2642f2c7fb0ec0337d80508ac29a60bdfcf8d84f4c7cb8580f5e1f8255ec2cc7,polito.it,-47.0,46.0,419116823.0,16730811,AP-DELEN-2J-07,Staff
1ac0045057f5fb1211de6fbafc437847447b2dc7596a3bcfc0378d5e944c5c8d,c826472a95971c2dc5051344093740633a14c79d353234df58636b65223bbb86,polito.it,-45.0,47.0,1167226448.0,284496360,AP-LAB-ANGLESIO-02,Staff
da31934d3424f2369fb6e6cd0a16e2778d9f8d5ed4b683dd9ae09f8becca2517,e9e97af3864f4c1cc3ec0e5199c448bcac46aa67e15676e8c11e6dceec3c310a,polito.it,-63.0,20.0,275096473.0,28520871,AP-DENER10,Staff
4132387d0d8f6e22262e1e086cc220529036048ab865bf995edcfe81124e2245,3576ea9f0a8c14d4777e09432a9503fb01a8b5f29f7eac609f66ace58e12db74,polito.it,-50.0,42.0,39266099.0,16873127,AP-VALE-BCA-ST-02,Staff
d4cbea1197e548e0d976bf117f825cb3048227fe2205be09d7cb5052b9cf4d9c,f61139e7f0f91d487246e545f29e49cda357acc1d82c937d415f95850fbbf973,polito.it,-42.0,47.0,309415300.0,136919553,AP-ENERGY-EC1A-01,Staff
6ddbe59b81459df8b6a44c593e0ca480976ae3b50e9cf163565925ac96798c6e,60dc8df3f3e8dcf09b6af2f259bc2ac9a43bd44f7aeeee82d364b6f6373e8993,studenti.polito.it,-51.0,41.0,391534718.0,65644692,AP-VALE-AULA4V,Student
8eede20ebfd6cb8b14a454b8b41c76ae1686569c02b599ad11eebb4f28eff1fd,0c974bf0c3845bcbe78d0c18a65ca87aeefbeb3ede44c0146f06538698499e27,studenti.polito.it,-50.0,22.0,85848150.0,3406498,AP-LAIB2B-02,Student
25c4dfbcc926439058af1b8754729feb8174b87d59dba98ff372f6e6dcccb1e6,268e6c7e0a5969cfecd3f392ec55207d219dd55d12820881d04a284d13cac77f,studenti.polito.it,-62.0,30.0,57065355.0,10996865,AP-AULA6I-01,Student
1e69df96efcd9b5403b61268398132c9fb4fa086fb7ffecfd8ff7ef5195e33fd,363a65765f741ff136f3d97f49b2641f76399b92fd8ca8de71eb7692db510b46,studenti.polito.it,-60.0,30.0,25017223.0,2070260,AP-DIMAT05,Student
72b55ba0d58f1b24df9dbb88790d68946b2af6d64886e8e5aeb85b1e5ffa606d,2da3ead5989b6f054ffd4b19bd94ae1a5d5cc7673d22caf7468504d426d47b7b,polito.it,-49.0,44.0,108413373.0,3678082,AP-VALE-AULA8V-01,Staff
794041b14856016da8a290f4293f2698acd8691c8a126256af5b2c92bed101b3,6466f75cf5dfe3102d06753e9ebba997be330d13618384cbeb37d5614088ec66,studenti.polito.it,-53.0,38.0,726343365.0,39390807,AP-LING-AULA212,Student
591108f2b0c3f180d0a3ed549ae1fb7cc682569ec8b98f676049bd3034b7a1ac,4c42f9fa19fe864c2262214a1fd2eb9680b828da180adc06ab18c64c83e8262f,ntnu.no,-44.0,51.0,14095044.0,4544010,AP-AULA05-04,External
d43e2a5950f7604108f1e8f7d2ea1d8eaf5a2f9b0e7a2e0269c8dc7abbc2283b,4ec1de091111384bd259f8447a7bdde79ad53e9433b43eee27c216e8520ad755,studenti.polito.it,-46.0,44.0,12310197.0,3724408,AP-AULA7-02,Student
7007522e891e8d02193f675906c8b68e5bc396035bd7e4d2d88926e5b52692ff,e915268090d8e628eb97ec126571ef3e128526ee8ed26394f349da710e86ad7d,studenti.polito.it,-61.0,30.0,48650.0,42555,AP-AULA6I-01,Student
f860c3de2eb81ded3a544d985a2d12d22dfa96b65bb532056a0eef18c1610d9d,01b4f92635feb6546c60ebe7e02a2a3072d1bdbc4c7a0c9104e9930bd875e433,studenti.polito.it,-51.0,42.0,26373397.0,4867835,AP-SETTE-AULA13AM,Student
b0b36ee5bf469e464bf33ca55d2e1e9c507551ceabd46bd214fc5dc72ce3881c,9b5c355fd656b4c6246565e3b55ece818dad6fc0e24ce1eac0495a2a741c51ad,studenti.polito.it,-57.0,36.0,42453027.0,9131872,AP-SETTE-SALASTUDIOA,Student
b8c719ed57c9799109ce1d04f7c145402481c5b1ff2442510b5f6f969576ca5c,47486ac95569894771bc9c14dd45051d3a2606c28b347160cbae1f97f428d9bc,studenti.uniroma1.it,-78.0,13.0,705587297.0,81799268,AP-FISLAB3,External
6a95e6b70065d51da892338dc32e5de5691383f7e22fc84e0887eb9d5e0d35bf,ad963adbe35b67f7f239e6c21ec17ee328939c56e85b525f776f40f237af3bef,studenti.polito.it,-76.0,20.0,595844096.0,101538016,AP-DAUIN04,Student
8b8e577e55b3d491e726ff3566f1afd7540924cc823aafbf1ef33523368b0c14,da12cb15062a17a85d364168c5e3d553771c07c282f86f1498479dc57f70c836,edu.unito.it,-70.0,25.0,780778254.0,62696898,AP-DIMEC18,External
842d53248072cec5573be13c756dc3433bad51fe275c3ba1afae5b39f4a974c2,6d1834eb1a3f5a2b6f37eb325828e3f0f5469d1661ec3b761f306e44e557349d,polito.guest,-48.0,44.0,1360352545.0,7346361,AP-SETTE-AULA-CAMERANA,Guest
92d605344bda598c39c2b2964de6de1cc5f32d6a539821c92c96322dbf77eb36,4676a0b40bac2c2d86cd88eddb4fef1a8a9f2aa088898f854fdaafe41bad4ffc,studenti.polito.it,-55.0,40.0,22785332.0,6974694,AP-LING-AULA206,Student
54c6454dc0c03c5f9996739ea2aa45bea361efbeb27c75cb90c58ef2588ee1df,a406bec28fe870699b9a3e3951c07820b258973caa4922646d28a3f96972eb1d,studenti.polito.it,-52.0,43.0,57040610.0,11297555,AP-SETTE-AULA11AM-1,Student
fe928f2b659023f6ee07f9402581373cf9c7984b3d89c557e9fc84a0a73dfd54,27b92b060b94498bdfe27f43948375e773d358c61b9bffdb34d606224b8c06c7,studenti.polito.it,-61.0,34.0,4158792.0,1971240,AP-AULA2T-01,Student
4ba30d13e2cc59e265a48733805b2464b100240eee2c25fb13114eb51b3e4f3a,6fb5c269ae3fc6ff659f0aea537c64195718e5c8b94ea9bc68614217e8e41ec4,polito.it,-42.0,51.0,709921254.0,48228181,AP-DET2-2H-2P-ACQUARIO,Staff
e750b9726e1e5412731f2eb3bfe6267f9801b759d99c9595a3661b83c058edc3,47542c820c14312b8ee30ed78f83bf53d3431e7746eb23f104dd8c261a3e4187,studenti.polito.it,-40.0,51.0,256253986.0,5416056,AP-BCI-08,Student
0a8866821bed2136c0f711e8817454695322c158e397f301583bfeaedbb4ca88,eb84cbdf5887c687f2ecc0fd91566695c7bfce72dcee185841994a04656f5665,polito.guest,-49.0,36.0,333032654.0,45073024,AP-SETTE-AULA-CAMERANA,Guest
e67eb38ddd728f20455792763b18422bcf7706661fa052223213e1d85218db7e,10e4b8635b7ae1364c91fdd762673921e2a6fbb9d62e9a64bc38162b6b06ac40,polito.guest,-55.0,32.0,172013376.0,85339314,AP-SETTE-DAD-03,Guest
28032ab08f3d127230984b2463019c5d3b9b918d05116e5552fe9cd0e3d918c9,3eae608cee2c412f6297386e7d68a54f0f34fe9a5dc9bf0bdfea858ae1bdfdc2,polito.guest,-54.0,35.0,317228266.0,31430592,AP-SETTE-DAD-03,Guest
1e9f3a4066317993742d10b19f4bc3a05f70985ad70fb3e48b4ac3c1592ee68b,332875d959c7499d0e538111ecbb4799d24d3892fcf9704cb000212d9e1445db,polito.guest,-50.0,39.0,191985602.0,2341793,AP-SETTE-AULA-CAMERANA,Guest
e17d20137e6a9a748fa48ac36cdf94d7810fc096b98ff3e8042140cdf474dfc7,e3bee454207a01a6599027d13e74686bcdf425c6e858693c0a8784e7f6eeaf87,polito.guest,-41.0,51.0,558222160.0,155584630,AP-SETTE-DAD-03,Guest
3c568d4c4231bf3b8676044ae2f6fc9adda6ce5f2164d0cc9edeb99e59b518c1,4d915b28fbd81d3ee5e03e69d34211ee0d6003d2afd3b510fc0c6250a71c9da7,polito.guest,-48.0,42.0,2635053520.0,38699552,AP-SETTE-AULA-CAMERANA,Guest
7c5472e5a208570dc58b7590f18f90f32a58e57bbb9add1472dd45c30201bd9b,822ae2a9a4094b0ed77c34b6d530af16eefed1865a574fd94ef83a09e6a813fd,polito.guest,-46.0,45.0,540894557.0,98750686,AP-SETTE-AULA-CAMERANA,Guest
77b79c5dd5dcc2d96b3a74e4510a337be3d014031fad00dcc1fa6f6388f1a1ea,fcaf6b5751898e4c2000c856a3b051112907fe26ca3b6ebfa940366333ef456c,polito.guest,-52.0,40.0,1758271217.0,117984577,AP-SETTE-DAD-03,Guest
bf335a7c5277366f4e09daf3e235c7104c586329c9b8113ce429d1dce7297715,e4f22fec7362339a612b47c2e7e9f71f43fe50123fa72208ce4e18072cf483ae,studenti.polito.it,-39.0,45.0,1879615036.0,46380396,AP-SETTE-AULA-CAMERANA,Student
f2694d58942dbee27a6dc29ef10fbbc10fa0e2c7501a05809796a39911ed39d2,17c849fe2dbcf15bc42aad018075540abcc20bb1439e655c477130ece1115418,polito.guest,-48.0,42.0,293342269.0,36193648,AP-SETTE-AULA-CAMERANA,Guest
0428383ba7467ff1d0cf837c5658c5f1cdbd34396bddef33455b03e8acee9bd5,332875d959c7499d0e538111ecbb4799d24d3892fcf9704cb000212d9e1445db,polito.guest,-49.0,45.0,126228552.0,39760657,AP-SETTE-AULA-CAMERANA,Guest
fffe740f699daa0e07dfaebb9a19fada19d9a21c0e2f73e55e28d5582379616d,ee5f2147a6f37964a40093cb3f03caa345d6bac8ab1898e0cd6e3cda4fd93141,polito.guest,-51.0,37.0,741371908.0,185795129,AP-SETTE-AULA-CAMERANA,Guest
c616f7e7f91c14915c63fab553373ae8acae185067b4b78f3df43409918d30b6,ec1376ef1f49b05162932933305da923eb2c023d570514242fafd6af53204539,polito.guest,-56.0,29.0,622529687.0,56590450,AP-SETTE-DAD-03,Guest
94ed08b44be75cf2eb9f21bd655ead325d3a9b023f7b98948e76aca3e4a83819,6d1834eb1a3f5a2b6f37eb325828e3f0f5469d1661ec3b761f306e44e557349d,polito.guest,-63.0,27.0,81912687.0,16673554,AP-SETTE-DAD-03,Guest
a72ffa56656d663453620b096e765470cf9116b9b0c0dac3f1a7efe903c4219b,59ad35925fbcbda90a36bf3009ef4625f7c466290925c48976fb74dfb3154a60,polito.guest,-48.0,42.0,119937243.0,197452438,AP-SETTE-AULA-CAMERANA,Guest
94e29e65c68fee60dbe484b705222380e02ad675df80a51224faca60abf6085f,697399bf7f5b47a5c4719a4e106dc7d818ea6af0736cbe715c2951500d8815f4,polito.guest,-53.0,37.0,1641717475.0,184015380,AP-SETTE-DAD-03,Guest
4f9c56daf3661e0fd80d9d0f8ed8c93db5c3241778105d56a84ecd1a1e81d94c,339c907152e115230f9fa768f1a90665ea2a3f6eb0d7c5b4679beabb80b8cafc,studenti.polito.it,-62.0,28.0,375972580.0,40602268,AP-INGCINEMA-01,Student
086abebc9717a55eeba2f2913ad12782a9db025848f993e49a62f45f9b3a4720,3b6b4ad0ea95b6aa056ad417734e13c0ece2061a991a2e7d3e661f005698e367,polito.guest,-43.0,43.0,1324903807.0,50325466,AP-SETTE-AULA-CAMERANA,Guest
2babdd5d33383108f5e96a8f431df32cac3fda4fc7f2b88fcd870243cfe0bac5,822ae2a9a4094b0ed77c34b6d530af16eefed1865a574fd94ef83a09e6a813fd,polito.guest,-59.0,26.0,129992442.0,27492799,AP-SETTE-DAD-03,Guest
c8a8e5228efbda30eeb506e0bf631c92f508d114d78c27f656513c24b4fb4a22,27a0223bba65e1ea4edc4cdab1bf4d8f99e5e7e857204d0f2562d4ec1129ec91,polito.guest,-49.0,40.0,955654855.0,139765528,AP-SETTE-AULA-CAMERANA,Guest
15c390e67f0ae1b158e07f3edbbd6e551455ba6113994a8639bef8dcaa2bcae8,90c74ee717d0a140b1bf359aac0b0400f6b8a209748a24e1533cd91c0fb3d54e,polito.guest,-51.0,33.0,813346330.0,116938378,AP-SETTE-AULA-CAMERANA,Guest
f6a71ae370c50f98932c1ba842e04fac850a1815a3137acf5919603a3db3f2e3,33f1dc2fa8eacdb43364040098d68e5671324bc03b94a121be95c63453ec9ae4,polito.guest,-47.0,41.0,1573867146.0,70010869,AP-SETTE-AULA-CAMERANA,Guest
f958d94220074575ab50079b3abd4343666d5f82a6dfbcbba1be464693b0e32b,327a9694190060eb5fcc535d84b4b3afac37b78fd1868920e93157ddec789474,polito.guest,-49.0,41.0,1332802979.0,24376473,AP-SETTE-AULA-CAMERANA,Guest
79c50269f0c9934c26a70f4440bb4ad8f7dece646a5603b89bb3374db1ad39d5,e1a1c1a4596dfb98be52d174b3b53b1d8e04e7c0541b291502a150a9e6f07b19,studenti.polito.it,-60.0,35.0,870026147.0,811068682,AP-AULA03-01,Student
df9216a802be6afdf83af91aa1d0ed721748f1217d0262a6e7759d72df4364aa,60c06fa790146849e65b094670d4a85747430d9d6c56b35aeff0792f7d493b2b,polito.it,-54.0,37.0,411756736.0,3029386013,AP-DISMIC25,Staff
50dafc8eeb7fd633b959545830ab1ac63cbc0dd820f40e25e16eb01725bb84a3,6bf5fa8305a4adcd0c6cad517663ab9598e4efb1ca34091ee9b39aaf72183b55,studenti.polito.it,-44.0,48.0,107665227.0,599789193,AP-LISIN01,Student
9a2d061b48420bd965f66b8bf6919fefe97bb20494d13d25bf3d8d8abea20dc7,4537cbff178ce3e6f4870296d7ba16fde8701ac4ab4b9aa6c52510a76ba15b3b,studenti.polito.it,-63.0,29.0,50628308.0,57738789,AP-LING-AULA207,Student
7eaf75a8a34966f23fba74e46e76bc11cc5e910d02247f313384e905ee68dc91,3bad4474aa152e70766d3c8dd757b523bd0954e335d8d2ffc8d2ff10a9123a16,studenti.polito.it,-57.0,28.0,368335471.0,51596615,AP-DIASP06,Student
586aa97f134903fd4abacc018304a8b1b63a92abfe56d4672085c48af62608bd,39043ee3cb60beedf97e2d3e499a7d95ea9a06b7b87925e9971e25201e62e191,studenti.polito.it,-65.0,23.0,30497.0,39264,AP-AULA12-03,Student
e3e5bb8ff6cc651174a6a00bb8a6c88890b83f4815d3be0a7f63a35988e9b653,f708f60a92dd7c44f4ad2b8c59e0ac1f422becb4e40ea6a8e16938d482fff3dd,studenti.polito.it,-48.0,45.0,104282866.0,16069974,AP-AULA4VM-01,Student
fd37e91ea21c6f52afcd39b6a59eac7328b2c6082cbcee9673c7f12fad3118bc,231c79dbbb7174d135c1f720b345080f0647913b642cf5d937cd6904f3807c05,studenti.polito.it,-58.0,39.0,422570170.0,20289833,AP-BCI-ST-10,Student
c8acc789d26c924eb13a47ee48ba80963c21d2f144acabcea90371976b9169c8,c92844e31e3747b81c9ea04ccaf2199ab08bc798acbc31c9ea5895f3e95d0695,polito.it,-73.0,18.0,1343721231.0,251833567,AP-CIT-DAUIN3-01,Staff
4679be6412d176caad5ec4ff52c76865abf57234dcc9647761c9dd5bfa909947,27a19f6a16082827927d4c33be9137f44d9e3083f8844be2d73899d4a522bcd9,studenti.polito.it,-58.0,37.0,94778933.0,36672488,AP-AULA4C-02,Student
51c133d056050dc22462a12faf3fe180b3509c790acf9de5e2702a96de9196d5,6b1d56e0f282d4d58421e04f18a97a476b763821af762b6b443559f6f5d5bea3,studenti.polito.it,-74.0,16.0,75235.0,61241,AP-CORRIDOIOAULER-01,Student
9b1ff069e89404034a1ee841064624d1f4417cd9673940e5057ecc8332a917d1,223a8f5fd98785a035fa31b5ff3e97b25b69875754ccc4b26b5b8a393b7dee7e,studenti.polito.it,-76.0,16.0,16663819.0,2347017,AP-CIT-DET2-03,Student
31cf1a3d40694d7734a0fa9345f9c18b46fe7bd4c1dab302cb9e6f6a2f01c7d9,36f3785ad60cca3f497096d882bc998b43a26b9c395510c8be1515dbbd8aea08,studenti.polito.it,-46.0,36.0,143898968.0,15592228,AP-MIXTO-03,Student
462dfd3ab4166ab93e616bc81b2a7af86d01a5d17adb089ee44311465a9d39c8,53a75cd243707edd5247999887356a5f44d03d4938cb70bc216f3608ee82b6ac,studenti.polito.it,-74.0,16.0,961682854.0,689176688,AP-CIT-DET3-03,Student
04af6a1a0b0b35084183602c85b5dddf74322fe9bfea662ffddb253163b0bb15,6c4b5b86f8405d47f34ad432cff32535994affafa3c86d89673a275887f35800,studenti.polito.it,-54.0,40.0,49103398.0,5774712,AP-AULA12I-01,Student
e4530f4c6b21775f732aad301e0e1120d2b7e98a487877c976d7ec0d0cf4e252,06cc9dc929cd6704aafddaab5a0340445c50878d496ff87ed0896d5ac86ae5cf,studenti.polito.it,-50.0,43.0,11122355.0,1118990,AP-UFFPOSTA,Student
d98f437d2bc10cc5d1c368708431a7400eb10d5009772aaf5713618c31b37d35,4300c1b5a2b8e5e784fc974382a8432d584633c67e91ba8a90decb3f0565a083,studenti.polito.it,-72.0,22.0,5167876.0,2699008,AP-AULA10,Student
975e760514f9b3f658153e6508accf76b4c6d4b76c7966065a7d56b21e0956e4,627d47a197c79e9f3841ea80f7087a1271484dc9dea0a52544d4de39e2fb9497,studenti.unisa.it,-53.0,39.0,48671551.0,98678669,AP-AULA4T-01,External
d25249203648371395250d2321e5c75e11a092a7b9114c5ea771eef433ccf08a,878ec035d8ef8767522ee732c7b2658ce0d28ea89ffd483120a365a7bb51bcf5,studenti.polito.it,-70.0,21.0,7816061.0,536725,AP-A1-DISAT,Student
101e464ac1f09fe6a4f2abacfa3384eda58ac0ef6abfafdfc78dd854317124d7,,,,0.0,0.0,0,AP-DENER10,Unknown
cc269b022a3bd8d9bc447982505fcbef729eda92530a113d8b6d73b78e418e31,a346d38f45f22db1a6dc5df813b8fc85aefa923be7100089c28da00b4f46be33,studenti.polito.it,-61.0,36.0,431304761.0,32428235,AP-BCI-07,Student
d382741fb9b277c652caed242583badcf8135d5e83ba9e18be9d204c633ed159,4edb9c29cdb02d3280310701ddac95f273752d997369e0741817932e087914f6,ntnu.no,-51.0,43.0,95724695.0,4611438,AP-AULA05-01,External
d16a08dd2ed083e91a09d9562dac2e568d4f040791087d9d2d5a4d0a6d8ac808,ab9e66863aa1dd9fced1568024570428bd05f2626de8673bfaacc2f6570a995c,studenti.polito.it,-46.0,48.0,8076778.0,21105181,AP-AULA6-02,Student
26dc936dfd329b4c938bc176b5c27e1616876067be62ac622f18b33d4dd617da,7bbe28b127dd5b64a0c366a42cc2ea3c6d08c4a9629110214a7e998af99d1a68,studenti.polito.it,-51.0,43.0,187866144.0,7981488,AP-LAIB3D-02,Student
0c92d66609d75d96ccf9d5113f332c86223130078d9dcfc0b4210d202f7ccadb,72e8a36731c46440343837ad14f28a4b1b7db1a31fd62b06910962dcd1f738ff,studenti.polito.it,-57.0,40.0,34547884.0,6876197,AP-AULA4-02,Student
3d56de18cf18a05ab3a312893a8c94fbf1168fdd22fe6dac2ca8ad8fbaa0a72a,49245addc4fda6f854b900aa358ab6d428964b540a2c492b77651694026df2f4,studenti.polito.it,-49.0,47.0,22006514.0,4925545,AP-AULA4-02,Student
7c5ffdc0475e2847088f11d90927d546c5f88bc4bf2e018c861891872e76d84d,5249c1e7eb82908560d66696944a65f37501f9a5b512f33a012bca00e12e16f7,studenti.polito.it,-57.0,36.0,126716303.0,13146551,AP-EXREALEMUTUA-R2A-P0,Student
40eff024dcc5e3d520dd1a227f127baaaf388d3deb65a5f5a5bccca9807c05e2,4043742a511e2de9fb545a81d9777432dfc96c8c7b5968c7e35b823bae803480,studenti.polito.it,-69.0,22.0,7794.0,1871,AP-DITAG01,Student
cf7bc2cf95969cb70941f7bc11161b2859fa69bfb0ede9aaf5f36ab6de3d7115,d817d5065264fd178a13c2bcb96eeed1b95b6c5963c1237e8ebdb86dacd3fd9e,studenti.polito.it,-70.0,26.0,858027509.0,31427656,AP-BCI-ST-09,Student
c7b19056890114736c2a1bb62a6f43c8400986a52f25ee535459d43fce2d1330,3cdb464f8decbec2a6b321f9c4aebf5987d9e35c4f17c416cb9ab4f6a33c7d9a,studenti.polito.it,-60.0,33.0,68564015.0,945404,AP-INGCINEMA-02,Student
c2deae7a8ff3638f9bef4b025e9e4d5cdd51b2e1c3e08e7a5314a6f6805fcaba,78e7b65f649e39c83c1588e57cad136f5bd2cfdf8930f19ce2680f7b4b7f2517,studenti.polito.it,-61.0,34.0,28141127.0,4993699,AP-LING-AULA201,Student
67dc3a156627cb6b550f42d854234e2d52dda1c4a42cd3344d09521b60297e37,8ae34c8efec8f375524c5b26fef80a9517a776d142e4b32c21a6ff85c6e9a5aa,studenti.polito.it,-54.0,38.0,204952141.0,11807500,AP-VALE-BCA-ST-02,Student
45219567bfeabfa05c7551d46be9e11d8a896b0e5fd6c74ddb2112c3a9813128,32519ed450a69222f2c1481132d03255bf90ee34c38dff7751faea57f4c39743,tecnico.ulisboa.pt,-80.0,16.0,89908.0,64933,AP-DISMIC18,External
1cb0898d0e354f5a832fd749fe9bb4e6d569c5dc1b7c1fd1b24bfa8b349c34a8,70880fa10b882ba9f7d97b128b1c7591cc4c37e6f32310e231603f44fa102c85,studenti.polito.it,-57.0,35.0,10206557.0,482604,AP-AULASTUDIO3-2,Student
bca11880d722fa69ef6b93448259bd038d87d042798059a14011b6960bc04e91,3c641789fb796733cce90607cfd202312bb26f8a50c4abbaa0c244c27cb93cb6,studenti.polito.it,-58.0,32.0,226631002.0,20116618,AP-GESD2-02,Student
089d67a7f794f8c0b5eff2a13290af7803d7d50603dffa9b2a9be61da85a2de7,3574fe609e84b5f06baed955c30069a5c32e56106e197b04101adb136885a4fe,studenti.polito.it,-48.0,46.0,18925387.0,1695308,AP-AULA03-04,Student
427c37074dd8532bd22ec1be9fec60ae4fb7f31456ae34bae4051ddd12fde49e,0aa8fe558b45b525b06748987288cb7e7c9ca0220c9c2cf645deedb98f41d197,studenti.polito.it,-45.0,43.0,37050859.0,20143865,AP-LAIB1B,Student
1ea87cc390d26e7dd9f5026e72c4f83ca43152ddb5b550bb46f6648c4132f821,0e1b9fc2f4ce1b1cf61de1238d23023e358ec3cbef2ce3c74a6b752c3b0a0faa,ntnu.no,-84.0,10.0,6579128.0,3335395,AP-LING-AULA212,External
08af1179459a0080164785fba96057281420f36bd4261bf9395f80ef2f09a816,27eddd814b7a3bbf6a819194e5be0233cb04d1d374b3872c7fd72ff1e1e741d5,studenti.polito.it,-50.0,39.0,5766726.0,1924019,AP-AULASTUDIOR1-02,Student
b38b5279a343248bec6d83a8c3ac65c0e52dc6ade4eb990ef0aab8558ab73e32,f93c64f83832d454720f26eb3b85c15acdc1dd4ea2d2eb3615a9331361f3508c,polito.it,-71.0,22.0,3684163.0,454959,AP-DIMAT02,Staff
0b6af2f64c8b41d6744efb115f00bb744cbd8422586baef0df858eba022058ae,1c21bcf6a81b00c6a38ea4a6b90e9af8884ae047814123268453427ed13ecc47,polito.it,-55.0,40.0,366937759.0,568799018,AP-AULA2-04,Staff
722dcdc4a8149325dc66380b04e9031b8aef2679ae723737547c212db6093bf0,5f899a9b5c799a90af5dd8dadfa3ec0b4bed3080e7336c322060bbddfd4604b0,studenti.polito.it,-56.0,38.0,3703701.0,1789891,AP-AULA8N-01,Student
d1966b3cc9fd77960b0b8038b17e3f74a92c20a152f814823a9a04938d42f564,1e2fb8f43d819165938532df481bf3f112ba07afde3d5d9a8998978631a83a7b,studenti.polito.it,-51.0,41.0,48412177.0,2270600,AP-AULA5M-01,Student
ce6b206a55fe3f47361ce28ee9c5ab9e7598ca5bb2dc2aa9bc32a0fa62b0a363,6c29e2370eba45f90f6582ffb1891f10cf5ae45b217e6ff6cf32a439d26a4cc0,studenti.polito.it,-71.0,21.0,92102.0,56928,AP-LING-AULA305,Student
6c3cd16222454f81da4e7b162f32f6a679f9f825ddc883da1c8e2d13781dde9d,a6751970f1fc62610420f8b96e29611ec28903dc3a81886901089ffbe0997f30,studenti.polito.it,-81.0,13.0,405.0,793,AP-AULA1T-01,Student
418376ccac666b5a9201f67966d309ae1891478709d045375878d37c53ece52e,80ff68c30adf3f9a16e66a5c88cb14f4679a61a67ce369cedeea9b2b01e83aca,studenti.polito.it,-54.0,42.0,337135340.0,30150104,AP-AULA4-04,Student
4c63d78b33e3e7d4b5b677bd8c4ab1d6dd2f6e0b82eea413cfce396d73f57058,73ecff56ce7ace09d294fc8297c4dae03ec31785a427b7ecd3c3d76e310a4644,studenti.polito.it,-51.0,39.0,8613157.0,791542,AP-AULA13B-02,Student
2725e541b1ab70c0ff6cf73fb089b8e018cfa6d41da78573d2113487113c917f,93c4aadc478b9493701e25a22dc669c8c5cfb0ba94126dc66e1730b17224486c,studenti.polito.it,-71.0,21.0,4804243.0,3290897,AP-AULA23-TM-01,Student
c9240a3457162f149f46df17b6e56ef43fcd5c0f1958792936076b8aafdda500,70d515a76719899c4468917f8818e85e9d5a6d7ca6b6be1ce6671519d093a014,studenti.polito.it,-85.0,10.0,74152456.0,5021459,AP-DENERCT02,Student
11d22a6d18dbd30eda7d18da696073e1f0cb49bf3960c065026f5f27b4ec5264,448ddfd76c19fb964ab5d374169084a9f24dec5701214cac721367544e6b21de,studenti.polito.it,-65.0,26.0,146310964.0,19075549,AP-AULA5T-01,Student
be0384816139b0d4104e1a7bcdfdd471f9c1c834e800724a94b6a0136f11ef4a,f374d99275a9533b9b5dbc739bb41aee52fcdbdb45b3ac6c6b7ec086ca0cee9c,studenti.polito.it,-55.0,38.0,1305661.0,497313,AP-AULA3I-03,Student
954c12173dee5b92d99ac604f5302703d68150bb10025cf0114e384771765643,4395b9a22c4a63944eaa2714be9b3bd6c8b4fe013e7f98faaee8447060ab5924,studenti.polito.it,-63.0,28.0,61795699.0,61277751,AP-LING-AULA309,Student
a5ec3841d22599d5256225f55457889daf8d670a561dd3f6b1ebd9909fd1ffbd,fde8f0bc24eb090c14a5f1235393bd4e14f497ad1d391bcfadbe39e8dc2d850c,studenti.polito.it,-57.0,40.0,987730.0,563555,AP-CORTILE-01,Student
2a42930e204b42535f5e6d6f622f3cc8908263ddcd6fe425975739df5ffa5501,d9ae87989971ad468a98b0edd44c3fd1cd55e78d1ec246b31d479edc56819cb7,polito.it,-52.0,42.0,372185784.0,41333647,AP-DIMAT-SALA-OSPITI,Staff
29af638da6fe596e585175275113bf74a1e42dbd3fe2e31bed7f5bc61ebdd758,5b80b9420941488a7b6c2d3c17a2533186b33c67d354a84b8970605b07d8f910,studenti.polito.it,-82.0,9.0,23779298.0,21042140,AP-AULA10,Student
3a5b9ed9bb1b065088b31452d5b2ae37a147f5a8842cca98e0741cc6c9a80c20,efb56ca71afab66cf3b90ad123a9a6a89fcea4a68d5ea2e3bdc1332a9a3d413e,studenti.polito.it,-54.0,41.0,52348334.0,5304557,AP-AULA4-02,Student
8e1d5ac1fffa2c5df248bb4c0e2063fb1b152311a01f479ac8ed14c5773ed18e,c3d414998064500dab4268ec120ce7ad03e78fee01bbfbb086f394e542af7ab0,studenti.polito.it,-58.0,34.0,5364598.0,1874477,AP-AULA4N-01,Student
49842c8656797649c7fbe4b73f9ff5f404175a42718db0c2b6104656e69c7972,96b5ac1f7a0d03a4c170b9cd1492511e2f918bbe88c9a843bd1e13965e8607c9,studenti.polito.it,-60.0,33.0,117224096.0,3389272,AP-BCI-ST-10,Student
61b941345398203e76a5e4750fc7dbf15a7ec2a0b0409e87f728ff467e0412d9,d9354681f0cffffc8bf500a1e435d094629128c7088a6082a417fee0c70d8fff,studenti.polito.it,-69.0,21.0,1581619.0,569679,AP-AULASTUDIOR2-01,Student
5044bd4381cee77a298a748924e6c5e14ae1cfc7964ed75c7c39519416325e74,22900a7fcbd872f013f12aad1f348d8aa63e4f5e1a93425d653b0d2f81b5bba4,polito.it,-68.0,25.0,3343636.0,667657,AP-DITAG03,Staff
19249cd2401d9b24bbcfcd7fbee699bba0395f15bd553ab42651e018b03100d3,7356a936d783b0a009f129bf8063e7022ccf00d6b0b5d003c5283f702a69c73f,studenti.polito.it,-61.0,33.0,1629339.0,795349,AP-LING-AULA206,Student
5de96a5557b9eea2de3f3ca6e1e55fdc335db7567dc4b79dc303395b50fc4f66,c8ae9c3c899542e412b8648a4e37888cf6a15fe7904a6992bb87554f93ffd5a5,studenti.polito.it,-65.0,28.0,14056745.0,1968060,AP-AULA4T-03,Student
11821840cbf2cf60a2ff50ee872bdcc5978a5610019aed1804b33cf2383cbbf3,f3bec15513d1218024b1f5389c572192d4aad80bbc53719cc5840fb7620bace2,studenti.polito.it,-41.0,48.0,9245710.0,1433723,AP-MIXTO-02,Student
0cb5e9791daaeddc5af26b921da9ae4fe2d84d01a33b19e3e24da5a0616d4eb2,,,,11.0,184.0,93,AP-AREAIT-2D-XP02-SAG,Unknown
34851270f9eb4da88ebcb71ad35be7861ae122f23ce27301ed058c3fa3196a07,5bdcca2e7c9ebd217aed17e34d9e5c7b8a14ffb1e41fab9ce2c11ebf4f34def8,studenti.polito.it,-66.0,28.0,4346893.0,1281990,AP-CIT-DET2-01,Student
e689ae908078be1ed82438bffcdef68d0bcf114eae0d024463b4afd0899117b2,afd3935a529b7b79a90102e01fee27581c3464cbf6cc49b893a9246b75be47da,studenti.polito.it,-77.0,19.0,1444316.0,556135,AP-TRIN-01,Student
7d9ce97dc71a0356062a126aba80a9357043634a8b5f2f657ecff6dab95e10b8,58f6d9fc9fcdb30d04ac29195de9c6e65a27c60cb06d5bfc0450dcb529fe0c0a,studenti.polito.it,-64.0,30.0,225489763.0,18778563,AP-AULA10C-01,Student
643266a7b2b4b5e327908dd90880100b6594e35bc70cffeddd3794c273260b19,d3fd3b9f3522d5560bb9a84f11d26de35dcb2f5719dc661618f38debd4ff08e0,studenti.polito.it,-65.0,28.0,6892320.0,1938059,AP-INGCINEMA-02,Student
e1a3d356d9b9d83b9c098cd499f29cb69c1de5698de63f6b3288558b76021ec2,7b94145a2844e41289db5ba72b9056dbb9e84ed2301c27acf856360b2b88bf8e,studenti.polito.it,-44.0,48.0,2258989.0,990050,AP-LAIB3D-02,Student
ccc4445944a9b1ac8b525a94795f770b570ce967a369cf7e842c83f89a230aed,a16506cd779c8d4e5cac2c1980838dc2c5c4c84da4fc35d0392a0dda40c95018,studenti.polito.it,-62.0,31.0,15334006.0,11428534,AP-MIXTO-01,Student
49867375b2633d71bc34b58c5df00763ba2ba1166416d28d1844f785d14128f4,fadc493cf46b0d87d2ce2f54a39f3f77f044a8c92414db217a596b3fed9aeb8c,studenti.polito.it,-78.0,20.0,1216465172.0,28539801,AP-TRIN-01,Student
dafc7f2a37bdcb18c6a0d98828e70c8507c8928e84237e2452764c303c2b3bf7,3720362531dc61b6faeacb8096d84807ab3f16c367fd9aae431033c93e59a465,studenti.polito.it,-60.0,27.0,17032166.0,1406268,AP-INGCINEMA-01,Student
84c9f74a37057a7de0768b55100d6bd08b8df952088b3efda3de9a0bd0867f12,57ec7b6e4091bbfd4f4624632271f0a42ded9520efe64c71c6871626e9a7a6b5,studenti.polito.it,-50.0,44.0,226185846.0,12199090583,AP-CIT-EXCELID,Student
934c3784f4491376f0c4b653683254448d698b6b9867a65121ba4898ffd68fb1,95c83386eb73018005449fe4a5c3a0d0fd7478d29d56c43b96da0d4c396a6b0c,studenti.polito.it,-38.0,59.0,84216172.0,4105884,AP-BCI-ST-08,Student
78f05dac48bc3773fef235842222ae3f4721b6e5a24704e98072f3a217759c2e,c36d0bf74bb663f3f76563013727af0e60f706ff85eca1004a169959857776e8,polito.it,-73.0,18.0,1378947.0,573853,AP-DISTR05,Staff
7aa47c325d80cb4011fc144708afabc55aa93b833fcd7ef6e68ed83b1384c20f,23f9b772a2075c0a69446d2f173123e2490c03e79cb7002df2152feb85b32f79,studenti.polito.it,-60.0,31.0,221001492.0,760305968,AP-CIT-LABINF-02,Student
978f84fad18a14d524bdde6b6573b48c0a69e69ca222bad6d90929efe244469b,ada406f249d427d95ed293e132f382e6c760f80f4ae91e0cb5d788b23e304579,studenti.polito.it,-47.0,49.0,89936780.0,9253056,AP-AULA2P-01,Student
84685e708cb2e8eb4df7fc7b47114694922684572e6405b681e9196ece5d9d12,b8096f6b9cfc4d9220b4727b1acb4b3fc6dfa16521fb92c86086b0cc9681d8fa,studenti.polito.it,-74.0,20.0,8124.0,4609,AP-DISMIC09,Student
17abf537f59a05fe454d2ba0966bf6ed8ec750015adea15eb28923bb763bb112,c8d16b24b950fcba59d833eb8cebdee6e23ff2dbaea22f43f91ca4816a1ef2b5,studenti.polito.it,-55.0,37.0,793722.0,246876,AP-AULA12-03,Student
6c849ff080de7acbc1214dbe3224f844ea3f2aec35514c75075308cbec1842bd,29732e209e72ac230a3d87e0e52cdcf55218568528bc7347453f54e5de147867,studenti.polito.it,-63.0,28.0,36582403.0,3181007,AP-LING-AULA207,Student
d8665c5ef36a5a37c24e6b110b000cf966f4d2a96a8cd86f82119bb5471fc414,ba414b21b1593f0156e12bd4c4fec49131a3a24cb2e91a91e8453cbd586a5103,studenti.polito.it,-55.0,38.0,9865832.0,311467072,AP-LING-AULA203,Student
782fbf3ec477538470422361084b3847c1744b46c2fe8e53b49983679f403883,8536664cb404df53e6f0495287b53bbb1f274d9e415607685041af4376bea122,studenti.polito.it,-56.0,33.0,69982586.0,10501545,AP-LING-AULA300-2,Student
aefb178d41480e3d80eeb784f680d706869dff38a7e20de893b7eefea9bd5a49,01616c7d6b06a9f2910a7fde8e564d1554b52de166063567fd4117ab32cb4bfd,polito.it,-64.0,29.0,1764433.0,711959,AP-DISMIC09,Staff
23a402830c977c58fac29a37ece03161b47c2de09e92b6db768ae9990b617e12,14f9227580e966bca38bd4eb8d27d71e439b77959ea3b91d09a5630648d16227,studenti.polito.it,-66.0,26.0,6861605.0,716541,AP-AULA10,Student
f8efe7d5876287c29c7eab37871711cdcafc2970a85ddccec9ea51199617c556,20326acdd234abc5a8226abb86045f5d2c0696cd02549cbe4b61da1f2b264f42,studenti.polito.it,-45.0,47.0,9743659.0,2669249,AP-AULA12D-02,Student
072474dc07a565c791cbd7c089469e44b871690688de9a57f381e7b44003acf9,31527fc50c53e99e3bae5a78e4e8b8fe30ef4ce7fda6d570764b70bcf366f6b8,studenti.polito.it,-52.0,41.0,143495.0,73013,AP-AULA5S-01,Student
2382a584c18c6d07904922ec2b43bf81d42759818714ca2112a41779f9d45a6c,2952b4d72e0927772a71c1fe02ac39f16048c5a395e30e99477a9833326532c3,polito.it,-60.0,33.0,166237883.0,21463357,AP-ENERGY-EC3A-02,Staff
6976218fba7b370c6bf9013a03f694eeeea9affe775431cd1493dfbbe90899f5,fa89bcf0a963003e0694f36e774b297c455f41ca1c8537b06b731b95246e088c,studenti.polito.it,-82.0,13.0,39924287.0,3493856,AP-LING-AULA208,Student
b8eb928023656e62e31fe89b832788e76ac7a5e30a35dd375eb83ae73e7a003d,c2844ff7a21e51acaed47b24abcc679f70dc26223fd7eb588c97eb6c3f0e08af,polito.it,-50.0,43.0,165054786.0,49223126,AP-AULA23-TM-01,Staff
377c7ce82e2e17f15dab8d53ab749c35e2f3c649be007a571388fad0ee979b29,19badc8655195f0dabab586559b707f337c83ff2954d244a883a1ef8141e86d6,studenti.polito.it,-55.0,40.0,409623725.0,309992278,AP-AULA11-01,Student
74fc08f4a01cf514c0108f9669e78cf6ee4578b23d8d472e597b16db4372870b,b7bdb4bd86ed965c474fd7887313a2c82a2a9ed37c6736e40f39aa4e233cf97b,studenti.polito.it,-67.0,28.0,108637.0,154133,AP-MIXTO-03,Student
e9258fd96f95f6f988c90c4b5b3bd42c076b39a5726a80b76ac34f3fb250f78b,bb88fc827cd9695623d39f3b07ca4f3bdff3486821a43d3f18a0b5cafa790b5f,studenti.polito.it,-68.0,24.0,231588064.0,11878210,AP-AULA12-03,Student
f10d2377ff3156bab12096ee4781683720ebe9b4d3606338114a46f66e5c45ce,0438878671aca0379f3efc53c1a75290242c9a4f2ae599d5fb0350aaadc82fd1,studenti.polito.it,-49.0,44.0,150669271.0,381713473,AP-BCI-TZ-01,Student
bfd7ef47396d896ea004f971c049cb2317df8c4b2ff43a08a5d109121cb14f69,6b4438a59db465cecf55b737dbc52ae37ae34b7e0ec9dc9953757c75aafd84ea,studenti.polito.it,-61.0,37.0,67198625.0,3313760,AP-AULAR2-01,Student
5cb00d770a5db0fa0e19858987887d715f4d62416c0f2ab5eb00bac38c9bc1ad,ab8f463c2d86ea311be5f680b0e72dd7fc67816667bc07e0a5bdea538b6d88d8,studenti.polito.it,-51.0,41.0,1471937.0,251647,AP-LING-AULA301-1,Student
950597299ff46680d94050978e6f9b01206b88d1eb58775e84c449df2130f9c9,4c2ac57f98fa9259330fc681d37ffd12953746399204c2b533ee59018e71d201,polito.it,-47.0,47.0,22658445.0,4324971,AP-ENERGY-03,Staff
c5e73b2747a3e679c3bb8571e8ad93631ce03e600f39a564760fcd187863df8c,356e42897cff04bc836d55e5c88ae41db37ef8ac6ef49df9ee3042f3da61d2f9,studenti.polito.it,-55.0,38.0,908346508.0,15919883385,AP-SALASTUDIO4-01,Student
f297a6d3cbe32552c4b06786f911f7fa6533a6b610ac235c0be8486028c7b274,491601f1872e1a00f774ad711c5268b7d8fc527a302e0ad7ea76d1255d551dd4,studenti.polito.it,-52.0,42.0,82357.0,42062,AP-LAIB4-02,Student
550e01b9dcf4aef297f0ec265fe70d24573b60f86df4884317fef69cdd904bd6,12f91f9e1fb4e4c0bfda9706c7b17836b005d7219f462033329400e91505de40,studenti.polito.it,-69.0,24.0,110629094.0,11116535,AP-CIT-DET2-02,Student
9a1aa83faf64dea1cc479b23a8a884db05a99bb46263a7758db26093b17db9cd,f708f60a92dd7c44f4ad2b8c59e0ac1f422becb4e40ea6a8e16938d482fff3dd,studenti.polito.it,-50.0,43.0,45230929.0,2963749,AP-AULA4VM-01,Student
a4e8a59cda00ef1ca37ca0dc36f2161a071aff8e3224b32207da8301a04d60b2,70d9258a3d8b13afc51c4a0e4797c9a6cad812cb903b7125778ced26f439abb8,studenti.polito.it,-61.0,29.0,6776129.0,1017658,AP-VALE-BCA-04,Student
d559e2b71236cda1be570ee03e199342812cead8689f8d975bfa6cb9ba0823e4,8d364c2db6315ff0dee615cc86c0d305aed2a7c81dbb94dc1ca1c4519ebaba2b,studenti.polito.it,-53.0,39.0,388886003.0,31426124,AP-AULA08-05,Student
291f34f9e908cd669c19a3eadddbb328777c6338fef5e831f7115dc84f2de388,e29f34513219eb5ea4a5c94242f291606b0a62cd3b482d523dc2c7a68e4efeec,studenti.polito.it,-49.0,46.0,11359663.0,75428590,AP-BCI-ST-10,Student
159034d41c2ba09c219ae4ff6450bac48eb52b32c4e19efec143cd96430c0ade,60ad6f6da7e1b459050141750bc34f726a498b5c75f4cf0051beb2d96bb4beb8,studenti.polito.it,-66.0,27.0,448968.0,203258,AP-CIT-DET2-02,Student
c6c6f09d789157aa2c81739dbafe32823ec825c10af3d0ddc1f8e9beab48517c,e2b9c6d8b7537f2e96363605e48fc4dcc947061e191de43af7742909ad324af1,studenti.polito.it,-55.0,38.0,125745.0,125045,AP-LING-AULA212,Student
623c3fd8d2a12ef0d7c79f1d2804f8fc9341f6e99ece20b1b0a88a1adeeb1512,ecf700e206d2083a738eb3f5643742f8e6882b23e2aed1390706b44f7917a2d3,studenti.polito.it,-49.0,47.0,1541028.0,643862,AP-AULA3I-02,Student
c9192a737935e2d75a9a16f88503a692c3e948958a221d13d8dbc15428ec53b9,da991dd3b81423aa3f5d6d7004da7dd87e87b187cdd08b7da41458987370eb7c,studenti.polito.it,-46.0,45.0,6796295.0,1947707,AP-ENERGY-LAB01,Student
7a6958ee02d76de02826e19302f35db592c1338faf51db9fcdbdb059c5ce30a1,00442457291a6e7b67a0955b6bf9fc56d433dfcdf2384f09b14cac9551f67a1c,studenti.polito.it,-66.0,23.0,267190778.0,85611155,AP-LING-AULA305,Student
e70819347446b45a40cdeab658338df30fe383aeeb29c9e4c19e6dec77f10194,02ec1136d61a741274c493cb53a2c812c1817f2ad9027f1729d1b76cf6a8c774,polito.it,-74.0,19.0,75967566.0,80173521,AP-DENERCT01,Staff
6c9dbe7d35cd6a53b100859e5f962446654219839d50b5951a3dcd2d1b3f563a,90c88b06088280355d1a1272a20c44d655d0950698d25bae4bc1a2d2f582bf64,studenti.polito.it,-53.0,40.0,28661046.0,4410391,AP-AULA4T-01,Student
e79ae1b037ab5859e3469e3d66238dcbdd89e2d99a8ef8fe39e658e66b671be3,0e14889e6b8ef554990b37f91b59d5a5de35d2fc38dcdc75795eeba1dc523aa4,polito.it,-59.0,34.0,143053669.0,19667330,AP-CIT-DET4-05,Staff
e6bb0fd58166605f3ffe5e53da5d39a3d59ccc85309e10c6d2b196d0b16db528,82c28c841a1b1ea079ed29112f6aa94b8be5432284b47f1e0963ed3408a8604e,studenti.polito.it,-56.0,36.0,1061457823.0,86550592,AP-LING-AULA300-2,Student
4cc73dff39dbfe79727b546ba73090ac8e76705fdd51aa0fe6043379e0e0a407,e801ecc1c681c646c32f47af203d1c2aff6e298e1ac3dc1ec6a7e628840e960f,polito.it,-67.0,24.0,12615801186.0,237145359,AP-DISMIC21,Staff
2cebfe05c91071e63753a025442c07bfdbb13863516dc9932d3043ad4ea2ae99,509dedf5b8e42b4fab5dfbaf86156d0110845022df854eb171a4e23f4a78d3b6,studenti.polito.it,-54.0,45.0,392865232.0,8915027,AP-AULA05-03,Student
6db7b2ced327f6a6ef468de2a8ced3527baf00587aa5e903e6659a10ff36e97c,3d52ee1ee4823e83ef4c0f5b56283af4d63dbe8ab9b3b1c0ce0495b49e40ad02,studenti.polito.it,-63.0,31.0,1592435942.0,142500379,AP-DISTR06,Student
e387db422787b0478ddb4712024ac52679b40812edb329afac2809afaad6a0c8,227af15024d2fe99f25cd91125e2669777e03b268663e9e8d0384f4ada7e347f,studenti.polito.it,-50.0,43.0,438833917.0,23252069,AP-AULA2VM-02,Student
8111b4b14deea94d00af277e4f47b15035d1b5e5a5fe89a5e7860742d856d894,959504064f100299d6d83d0117e7b30e9105fb28eec122954cb1409f039a6561,studenti.polito.it,-62.0,30.0,286140086.0,14755264,AP-ENERGY-04,Student
b27490c6c7b73c1a64832ebd3bb9d10f26a8c03abe2d03ca15d5e5368377a57f,e7a1c76ef86cef4ad2d7451fd556d2093b7badae9cbff46e8b56b7f8446f1815,studenti.polito.it,-51.0,42.0,265327853.0,2864101,AP-AULASTUDIO3-2,Student
eeb475b5acfd582ffe91cae5d64ff4b5c65121bdb71ca00bdaa6130323558443,f24d37497c72a5478816a6063b0174cdcf74260853cc234a220353572cc81aba,polito.it,-56.0,37.0,217130463.0,25843633,AP-ENERGY-EC3A-02,Staff
e5b49e315cadb184c0079fabac44f67e48c1246c655676c858158ea358134bbd,59de576911d6b500219a26833d4deab89b3f02554192c42ddc44a333cefc6934,studenti.polito.it,-78.0,14.0,627903394.0,31025940,AP-DISTR06,Student
cf839c8cc45ac16d63be45425d51f68ccc22778719a91f838cea5c9db763d8b3,e87fd486a577834e4c81ee2398b41e0f1201e40ba929b27874a465c3d112f346,studenti.polito.it,-49.0,42.0,71063897.0,8776449,AP-AULA3D-01,Student
4a74223dadea4b76af790bff9387aae08958c7501a7913f49f39b4dd3a191061,240aaf0785cebd88f715a26065cc20bc32469b55b56d63d410c112ec504b41b6,polito.it,-68.0,25.0,3451534787.0,4147654747,AP-CAPETTI-TD-XP01-01,Staff
1f3adbc278d4e4cb488aa3365550016b9e1c3226bde3781f983be7e627ed7281,f2cf0cd036351937ddf04554efe77635214232256e0425fb7462f9c1fad59aca,studenti.polito.it,-69.0,22.0,27785073.0,5156661,AP-CIT-DAUIN2-02,Student
b3ce81e32d9b54027aabedab11fb9f9780765857e2a01b26c3000db3e6d18128,76c73791e5c4e556a360305962bec239de7aa24e597f7eb58d61ceda21b76d55,studenti.polito.it,-46.0,46.0,1038459878.0,46592744,AP-LAB-ANGLESIO-04,Student
bc8660c293c30985aa9f031329b269e6ce986a4d44c08bc7675949ff9aafaf2a,702e7423af8fea991bd3a88619c54609144bf328aa46dcb0b7256dbb9c0b0934,studenti.polito.it,-47.0,47.0,147062240.0,7164132,AP-GESD2-05,Student
2184b35ee25a3a7e8f0952cf983357755bbc5ca93878daa47eaac0218efa0df6,6cccc79fe0c59979bcdfa3b21495ad7f4772af136e202b1dd301eaec5e84608b,polito.it,-62.0,29.0,792183320.0,582589132,AP-DAUIN01,Staff
2fe5421dd7f74bdf16b1594f1275721b054f3b874d446bd5f791ed60b63777a0,7b32edca8a5403ed8143acdbdb5661a1def0a87cf1f68e76ed8ea2220a460f00,studenti.polito.it,-59.0,34.0,87905141.0,29326921,AP-AULA9S-01,Student
b84d4bcaaf8d76ed4614f825aa5464fcb0c6bedf8c9ee6e672f482c4b85a7530,347b9b403d880fc7eb7ea018d2604b9531e689236f4e4cf37be518a3731d53ac,polito.it,-58.0,34.0,676989167.0,118414766,AP-CIT-DET4-01,Staff
43c5be1f858ef6423c5c9f6df2550d3e39e3fe2f07c70be127eb746ab91f53fc,5c0303200d955187f6bb0ee9b156096a7be7fe1b5a55632af7fc1729180f8adf,kth.se,-52.0,42.0,80805640.0,8451309,AP-VALE-AULA8V-01,External
c58852591e441a39bbde75cd4f979d95271586d1592e69f58269c01148227650,e9d0790fbf268958b70cf397c5e82b5251c8fd26d73b2ed0a6b3139b0fd57640,polito.it,-63.0,30.0,1221246963.0,36231668,AP-CIT-DET3-02,Staff
6ca51a9077cdc7e20185370e2e5fd9aa2bd55e6867fffa29663184e06f4d15c4,d9ae87989971ad468a98b0edd44c3fd1cd55e78d1ec246b31d479edc56819cb7,polito.it,-56.0,39.0,227610505.0,125317498,AP-DIMAT-SALA-OSPITI,Staff
7e87a92048e5b8304c002dd689a41363a07598c52e3c0ebafffa35c799b62e2a,e74ace36152457e1b05e57d9ea0d1773136335ff617129e3c1821ed841d634e9,studenti.polito.it,-54.0,32.0,428679491.0,146473343,AP-LING-AULA306-1,Student
4a735ccf6e072d4f7b6af5d3723ca4e90fe2100975b3998f4adf539234fc0dd1,a45300e203c140e964e5993c3d8de8c91c905bcc54f8bccf24a368be3fdc5009,studenti.polito.it,-69.0,26.0,20251.0,22757,AP-AULA01-01,Student
bae9a1c52b52a4e4a98b6e1e28f00a8b914ffea0dc26ac4ab41397984aa5f6f1,5f41dc5d825b1ad3d861d8d3106b4fb9f6217448c430949c98aeb568327d3f2c,studenti.polito.it,-85.0,12.0,39819334.0,3560618,AP-VALE-LOGI-1,Student
cebdb367c1f7d1669c620df8a2f3ca9bb11676cebcc111d5794862c7bc85e23b,352989d6cadd6b9f8009143f46ad365e2b015ceed15a8f3e88fa3cde64e329f1,studenti.polito.it,-53.0,40.0,128959804.0,25726393,AP-AULA4T-01,Student
a6cb985da304887ea897ed23e0b90296253cb06439abaf5bcf5af86174d77fa4,539625d2277d113612f313354011f1d73e2220d14f5bb9b8a06264dbcb020dac,studenti.polito.it,-57.0,11.0,12624229.0,856159,AP-CIT-LABINF-01,Student
a78518a0ed50d7a3ce20bdd3e09ddc5f1016809ee204f63dda2f319cc2544cf3,0413b40991446383e7a7b667ead211da05803ad827aaeeefe788e47f96fcc3df,studenti.polito.it,-46.0,47.0,89228.0,1788195,AP-AULA4-03,Student
c211701da892aab22ab1b890ec14981d1c9d0271a8d590396c7fc9db9b9bb2b9,2702914d10f897e069decdcf3b1b6e04b4b0d8de2af1de6308d27cef1c2cc5ed,studenti.polito.it,-69.0,26.0,628247170.0,12988453,AP-LING-RECEPTION,Student
fa347145908ad1da8072a40ac60ac0783a59bab6061f5b0442f9a6ca4cc26513,429e4f31824ab70fef3e4d96def0b4681b0020ab577754abda774eb0f5eb2250,studenti.polito.it,-48.0,44.0,42895494.0,5229211,AP-AULA05-02,Student
1922d8ce1ca6168884473eefb531e94a0698acce22c3f724c8d614f987fa7e2b,ea17626d73e19f3aa1020daa8879fb014ed7a5c9b9d2a7905264d7c5d4615bc2,studenti.polito.it,-64.0,29.0,100131092.0,19399644,AP-DIMAT01,Student
54f58f989df59881738ecc0e5243a3196c94645aae4943d9ac252c70f39c1ef0,85c2361ba80414e717b2fdc34f033f70330026526e1448527817f3756f5e2a87,studenti.polito.it,-58.0,34.0,32033643.0,6445113,AP-AULA05-01,Student
9b788824045f55a7f2e813b1fb9cccdcb54143d71a8d0ebfa3d7bc7c7c5fc309,04268fd5ffa0539ab12182ff05bb35bd74b076709882aa43f5a9f42b6f57dcfe,studenti.polito.it,-50.0,44.0,115032824.0,12130049,AP-AULAR3-01,Student
3829fb96c77f5a6cc949dda91387b6597956e8ab667342c80c5c8c9a5134b8ad,5246008f25a952106d4a33f1123b557ede1c0335f2cd26bda476e540366969b1,studenti.polito.it,-57.0,39.0,15019861.0,4867172,AP-AULA08-05,Student
e74131d1b6d06b4ed9a58c3d650de57de5d410823a2e061ae66d1e3eae6878ec,3daab33a115ffdc28db4b516f1b8c798909c041bcfac643297a14fdbe3c42e55,studenti.polito.it,-54.0,39.0,845880689.0,65894623,AP-ENERGY-EC1A-01,Student
8c4d226d362381569913ba86fe049973b829b41d539faee13bad609ec8f44033,e19558d7f530098d5d487d872e4044f9e94f106d2137256afed375ddcefc310a,studenti.polito.it,-58.0,37.0,28071619.0,19535679,AP-AULAR3-04,Student
87cb3f9552239661d2bfb2abfd0cd32c487f0a9f0875c31a8209195e06a1a315,622a7b314f494aeb7a742701afd6e528e9825115f2201a2572849719a4e7d067,polito.it,-70.0,21.0,1539584709.0,27963568,AP-DELEN05,Staff
0ec5563d8ef5c3bdcd12cada9962397809cce8e43e1202a0e6bfd714d47a1cc3,b7f637bebfb44967f692b342523d3b5254b7c1525be38f2ef042741447fe5d3c,studenti.polito.it,-52.0,33.0,69362754.0,17809213,AP-VALE-BCA-04,Student
af04fc8584e238e2e800aa76e68e5a2a05d87cbeb4cb8c614d447d79eb571939,02b74be288a16175b9dcab95077da27ca53de29649bf1c71c6927340e3c8f13f,studenti.polito.it,-52.0,41.0,244283236.0,13149084,AP-AULA5M-02,Student
114aca07f775a82b45cbb196897a8ae20d169ec72862c815cd7b5b95c16bcee2,b2afb388fe294a4771cc76f02d6176d58f2abd19688626abac47cabeff92bf20,studenti.polito.it,-60.0,34.0,374384571.0,107989326,AP-CIT-EXCELID,Student
c17584aaffc1496a60d9aa0560148c6892ff21e89123a59e96228670d8659d2c,c679316577b9f766ecef258d8ae1163dbfaf1d4fe721d2c4c1f6709dde6768db,studenti.polito.it,-45.0,47.0,32174482.0,3241927,AP-AULAR2B-03,Student
4aaa4110f52292c73130423e801a597a38da7d3e46e243241b88cf93ec0d6aa7,bfed5890c38dca69a14f108a05517d7774d18ad1bed7f987619259b7827e59eb,polito.it,-64.0,34.0,833442.0,429543,AP-RMLAB-DSH-S1-01,Staff
7ae57f96ce18d2d3545c782837b9373db209504640cbcd4f8e83e50167098b78,8f2478bffcd26f721f0d14227cefde29e7d95d1978abbfcf1005e388b2a942dd,studenti.polito.it,-54.0,38.0,2230390667.0,20608614,AP-VALE-DAD18,Student
38808605877940f78adb9080a47233d2291c5e9e265b80dec191171578405c0c,337113aee47af5f95239b1a6365ecc4bf42665e7b92b39daf5a9b805d8662ee6,studenti.polito.it,-64.0,28.0,11019296.0,11554200,AP-VALE-BCA-03,Student
19e24aef9f660593b2ecdea1d91118cb0152cb5f93ce0388c1dc3f80ec24d42a,49c63b0c7ce991441d85807cd3fbcce55b5aec4ac6ea25024b9b7129231dcf6c,studenti.polito.it,-52.0,40.0,124982170.0,20018710,AP-DISET-01,Student
0fda8da4ccff31b21a5d45784ce0052cc11966d2fdd67f1524c0294339c10427,5f2354bcbbe86d1e527c6a1d4fc4c830f3917fc6f66e752cef630e446c5937cb,studenti.polito.it,-57.0,37.0,184823016.0,43406615,AP-LAIB3D-01,Student
04d37436bb4af715b9252a8a1538e8fe99df407b2809bf090b74d852c9ae9834,0e886c419c7eb9c3df38b39b842625d16530f1e539b131b359a60823496762ae,studenti.polito.it,-65.0,12.0,5757308528.0,110316008,AP-LING-AULA212,Student
0b609e0a3718c5e428f35b839f2f5ea31d591b5e2fa9d3241fc9a1cbd835ac71,4dcfb1cebe3c9cb976bbc038d2416acde9894d6c6e3e99b38f7411b98f4e2f70,studenti.polito.it,-48.0,48.0,68039847.0,7731667,AP-AULAR3-02,Student
5e2982ca91c1a3bb35b0809d0f38b906eee01c2d9a6605437e75fba860bc38c6,99a2c9fc1268c0fb18ecae7cd94f663625a6bb5301b70e082d2264cc79e7b7e4,polito.it,-65.0,23.0,190249877.0,64255010,AP-DITIC07,Staff
aaf7539e5642ec457ffbda259f0ac46fc70960c0c0e5f18e393f0d555828ef84,5635a02b591f8f2679fce6733b0314f8959ac57f002a76bac5f2f95389de9e21,studenti.polito.it,-78.0,17.0,335638319.0,146949166,AP-LING-AULA201,Student
87b458e278e901b88728535a141a8ef8e017322fbf42d3577f9982ca35e88d0d,6f4dabe6471e85c31ef9d50cde0255556efe0479da6f0679209d4d7c75cb34e3,studenti.polito.it,-34.0,57.0,61476887.0,2160573,AP-AULA4N-03,Student
c2e326e1cc159655390a4ad0737f3f760d86f91eca4d618f6b0087ceeda08ba0,c6409e0edf4871c7ac15f87da04bd1e15360f9c02356dfe3878bebd22ef2f2d3,polito.it,-51.0,40.0,6948331.0,3543775,AP-AULAR1-04,Staff
f317ccb24565b2ba3434a92f7c301adadd39dfa6c93af64449ba69e579c192cb,8f8c073a149558cb03493b9cb83ec9849614c83ac0f4a33dca3f7b0bfd28e5fd,studenti.polito.it,-57.0,35.0,2680069.0,1493370,AP-AULA13S-01,Student
ff52b516656bf4500bf93c3df5e376d5dadd1d865f3c38ee79fe7924ab860809,312e1ad6284f697b077aec1ee7cc2e2181235716719c297e04fd20809e254e17,studenti.polito.it,-58.0,37.0,233111643.0,29816454,AP-AULA01-03,Student
3d4a9032aaffc7b1283d5d114a234c69a97ab92618d408b48954e88a1c3d1e6f,6268eb44cead5b41bac4f3ea50b76f211ce6f0130a4881282f34152b1417af6e,polito.it,-58.0,38.0,1444940992.0,14366664092,AP-DISPEA04,Staff
e36843f5d92bcbe97aa08e3812a468ee8b6d9e2095ddba8e2ce58337ec3ac92b,fe171029cb14244d4c46e635b1ab8d464334673cfdb4528051f3eac120cc7200,studenti.polito.it,-45.0,47.0,1946643352.0,1344293627,AP-SETTE-AULA13AM,Student
803d1a50fade9018c9cf6eef44767cb1e59ce7980fcbba18d94879240cb675f8,6ce99158b399bb3fa5aa75450212b838841bde354514a72ecd087876c5e02678,polito.it,-70.0,21.0,16002449588.0,23450170736,AP-DIMAT07,Staff
6b245998fefad31512a6f556ec271fcd0fd7f85ce34d5edec02985a3ded7b1ef,420e95356119aae87e49bd8fe9ac9816e8c5f97a7dff33d61ee40b06ff8453c7,studenti.polito.it,-54.0,39.0,201253366.0,44918379,AP-LING-AULA305,Student
f5e13c4c1ae7fc1d8b2955c055f5e227285b4890f98db05db62aa92ce10aa616,703facf9e769749e6f0b5ab953e5dd4c3f85cc8058f4afb52a8c983dc52cde2c,studenti.polito.it,-66.0,28.0,11710440.0,2814646,AP-AULA12I-02,Student
72af172441bb75999ab034bc7d1e0cd5dd367f5908443c15a9ea686f61b438a4,47486ac95569894771bc9c14dd45051d3a2606c28b347160cbae1f97f428d9bc,rwth.edufi.de,-61.0,28.0,14462408.0,12366512,AP-DISPEA02,External
580a8c720f9f6e88b1c4a00fa7d3c3b4449936f99eed62a1adc72db5aaa81a8c,,,,35.0,161253.0,492650,AP-DISMIC21,Unknown
3ad4609226aaa4122160584877c9ea34406d097acef3e56d206032f68c686bee,39b1fa5a3ebb40e9a7f890f18b3ebc7d4b148e0e1ba18388eadc3bda7bfe2807,polito.it,-72.0,21.0,168890.0,589690,AP-DIMAT07,Staff
444661eb238a87b1759dd353442c20b8d44cab37381b58800a1fa49fe5ab0395,92c20992def7acaa51808a408c70b1364ced252165051e9b1b5c861faf47e871,polito.it,-56.0,37.0,2539915938.0,52300475,AP-AULA1VM-01,Staff
32af04793f82944c3b40f304b536674cefd383244be43e5c76c5fd68c15b06ab,7cbe1a33742d2313f2ee4c3695d49aa34f0ce0a033dac8f0e8b8cb8768504413,studenti.polito.it,-69.0,23.0,74310084.0,5534481,AP-LING-AULA309,Student
e0a76975a8f20793ac849935936c34d6959bf42578a606822e4e8f43891064a3,13d5ff16bcdd06ddd519665565366da3fb7db7c8d7b88f636671c6c5bf665579,studenti.polito.it,-54.0,37.0,82296113.0,11245356,AP-VALE-BCA-ST-02,Student
3b4a852d2a2f79384c39bd539d3d69a2c05f01496a5e527a401db83d9cbea31b,548e4f42530f0f94527265b6270afed96caf4f9723770be2bea94840b0ae39b4,polito.it,-76.0,16.0,270130833.0,57258992,AP-DISTR07,Staff
10e8ca94cf772c660895b5da806644693eab2037abf9ed2ef390860f21ed0dd9,4e768f7668bde81ba0e5b1269a70d90011b1c8a63e1840a4dd22c5948bbd28c5,studenti.polito.it,-53.0,42.0,12722868.0,1866170,AP-AULAR1B-04,Student
60f54ba10e1fe0d654600056f66e4778b8ad9229ca3e6f8ab0c937cc41f93663,838fb02fe4b51e1d079868f4ac3239eec3d9a0fdb30c5157ae191060699366f3,studenti.polito.it,-50.0,42.0,34595759.0,16776797,AP-AULA4M-01,Student
6607f158c5fc6a49a9ce73fdeeb37b95660055350f4bb165d8bd160a849abf0d,059477fdcc54d01f467fd3ed4f5c2442d6173738ff77e900604f6257aede9d6e,studenti.polito.it,-64.0,29.0,483028.0,294114,AP-CORTILE-02,Student
8e2c77bf547cd2bc4c013c9df616e0f6092eeb34aab66eac0ac249b883fb3490,b066dc95952a0b42088d8a557c6aaaf73b086328d0b89a3e1259fe8079ea5ba6,studenti.polito.it,-46.0,43.0,214759643.0,22264994,AP-AULA3D-01,Student
5d6bf2e628a0af5f4a6e31e91cc5111bed10ac3f3ce996628b58bb0bb824cf21,600a13ca42e13d96235746a2508eb4af35c93bda2a2e681f0dab3dc237deeb65,polito.it,-56.0,31.0,5977814.0,7556751,AP-CIT-DET4-03,Staff
005646d0b132e8ea701a5700875ed7e66ec9fdd7a85257786ea270075ba595bc,ab1b6b65f5c4d145aef9f064bc70beba2b875d828437aec1f0611b578f724efe,studenti.polito.it,-53.0,40.0,63424059.0,168704420,AP-VALE-AULA8V-02,Student
35ac0ab0c0d1ced93757a90cd81477ee6bda48efbca9895eabced3d83d096641,715d9150b1ac6de3a45c50f225b350e6b16171a880291c0a5605fe8d99e7de01,studenti.polito.it,-67.0,25.0,38093234.0,2527697,AP-AULA12I-01,Student
708e7c2f795f6039b42ca68054c40819c58b9fc8acb11feb10f021805ad462f7,1272bb595c1e09bda55ce27bb193fcc470961142595f61ec2cfb06bbf8dabc96,studenti.polito.it,-56.0,36.0,48360166.0,2258432,AP-AULA12-01,Student
8c84f495eb04af847529466f9a81cc28c434bb4c9b8e0409b2aad52ad20849e2,c4486bd46d548f052d5aff20435594c546a30ebaf65f9b355f9c3ea6a17f1c34,studenti.polito.it,-54.0,39.0,94279545.0,7068588,AP-ASSTUD01,Student
80ee95aea4d7db51809a8676234240268b8e338724b1ff80e7988d47746c4e4b,e39a52645a063c5e26965b60e3e75275b6a1baa98cedffe40b35390cf175560a,studenti.polito.it,-55.0,36.0,791526525.0,22544786,AP-SETTE-SALASTUDIOE,Student
164535579a26bdcaa1a2ecb9f46627d5a8b2d47b0088459e04714fedf3f72bf7,f28669d06978d55be4356a278caf239bc8475d6ce441585dab2373606adb8432,studenti.polito.it,-49.0,47.0,8481.0,2965,AP-CORTILE-04,Student
761823599a1116350309ed3840a5eae2f309cbbdead34ba7d6049404a6a9ccc7,e6c8e7a8fc1d2f76ec9e1371c0c1cd6b7cfcb788ea50a448af5ff74ee7b15179,studenti.polito.it,-53.0,41.0,849292763.0,9878261,AP-AULA27B-01,Student
3ed89e29d90ab28e913d9b9089592d48f958438f415bba47d39da03b21a1b24f,77793475d60fb3320f3a7ff36f83912d03b6ddf23a6210e1a5daad704f902ff9,studenti.unipd.it,-77.0,20.0,31252104.0,8270269,AP-VALE-AULA1V-2,External
ab3ac136ec8d543a16f1fb3e399d85828745f7eda26be7b208a8aa05035673ed,,,,11.0,6723.0,896,AP-GESD2-04,Unknown
eb64f3b399d6ec12ac322586dcbb3c2e3b4199ee66d0629ad817925c9c750267,1f44dc07498ed3ce17f61c209b7e38f779807bb68c2697919ecf72450cd8ad8c,studenti.polito.it,-45.0,46.0,14091075.0,2495155,AP-BCI-TZ-01,Student
e4f49794f30162b660b8003c25e62939bce4dfecbdc77f71a9d22343b0907849,880011f6962ab997939ef5b0c2ecddf6602349feb5f2bf77a0d41f157f21d507,studenti.polito.it,-58.0,35.0,13184751.0,3169123,AP-INGCINEMA-01,Student
094f870bf3ae45a6c2c4f0228e7313d6543de2656077df0c9e5244b0abcebd4e,6b8cebd8ba18bb725c9b766f5c2ca608208bba76ae64098e11beb4628f0e385c,studenti.polito.it,-58.0,39.0,209463143.0,15562074,AP-AULA03-05,Student
86a2eda0e03c7b409d61cdbc195ca18d00f9008c0d7014ec913135b4e0f0e249,64c4cce74612e6f065147eaba68b035ed108d4b7fd8c505156393a7422cdcf26,studenti.polito.it,-64.0,30.0,148458308.0,9300866,AP-SETTE-AULA14AM,Student
94323bb143043d8a1adf2881e235d45b48af7c7e84ed1080c8e8ff38cae5509c,1eaefdc74eca0e1043c06b9ca6c53156186adfaaac600c18b78d1293b376316d,polito.it,-53.0,44.0,12198853.0,420890009,AP-BCI-07,Staff
582298f6451bd48642683860c161b2c4e422171895b504e477f78470628feb5b,af1ed0e7ffc05a3a69b78f9a51511f2c8fbd6972f12e20ef4cb9ce638227be5c,studenti.polito.it,-59.0,31.0,111611490.0,3462133,AP-LAIB5D-01,Student
206283d05b312bbaeea1cdd2e6ab376cad44137a2dda800a4a1e55d0f832b07c,f8702680d26d00f3e81e938baea8827ef807d44e274bc67bf57cab68a30707c3,polito.it,-85.0,7.0,121419.0,13574,AP-EXREALEMUTUA-R2A-P0,Staff
1a68c798e7e4763b0224af76ca5982b98177d0acb4654f7e9c00481cf4032ada,fb5782b970ccd152e3af6a57749e3d1f1b05881b027b03343602d6f0aa24a237,polito.it,-50.0,43.0,201469008.0,26607089,AP-AULA4C-01,Staff
0a5fbe67712033899fc42d1c77e9bd5366dc10bd197bc8ae2ff46750ba907d25,5da577537010c36b454f2176b97c8be6840774591be9ff4d6e1d6650174f851c,studenti.polito.it,-55.0,39.0,1787090.0,389931,AP-AULA2T-03,Student
5f837ea33d5d0fc10bff0a60643d5944b2fc7ef44d81ddd27f9924d90938ec76,4b86e1bec1018b54d1967f178613a4cc74373a7fbc5b380e2687008184091e0a,studenti.polito.it,-54.0,41.0,30031758.0,27898081,AP-SETTE-AULA14AM,Student
03d3257d2148eac76ae77da69227125de698f468f0fb18aa75a92827b043a75b,56f37b590f4e63a5e194f7ae4103b673779846b136068b236ffd859322a8d170,studenti.polito.it,-44.0,49.0,96093535.0,194841414,AP-MIXTO-03,Student
5149c592383be996693e139a6ce33d72d44b424a64ebf1398c5259382b7b7213,6c59495bb0fa0bd2e6b30a796b4bc07012c7c4680feb561e8a73673c49eb19cf,studenti.polito.it,-53.0,40.0,70566238.0,4285358,AP-AULA08-02,Student
4f05493be134c95f881878c7fd6bd3138bd47344dbe9cea4fc1d2ef626d45dfe,225b8d894dea55c6a015814c1224fd38cbc78ddeb7d01481365e18f37dc0a92f,studenti.polito.it,-78.0,15.0,366133.0,65426,AP-CIT-DAUIN3-04,Student
24aa1c0fe1c02814e09288f317a5fdff24956b7a6c35945ad7442a109f20f520,fe7a5e98a3c2451e55cbf7c5f4adcf55480c1cb18b143f665af136173f6c46d5,studenti.polito.it,-54.0,43.0,29945750.0,1146648,AP-AULA4-02,Student
d84c7d5b063ba75df0f041c41195423238b7f339293c01963f39edec96a14c41,,,,12.0,240.0,489,AP-ATRIOSCF-02,Unknown
6105bed1af606524b8d07942fb648cbe72717adbb73cf78cb10974a539457cee,8a336d87f8583eec8d28c41c3f8d7edd6bbae2f1dd1db6f125400f8b44c1b0e5,polito.it,-66.0,28.0,124769208.0,6023585,AP-DISMIC23,Staff
b423afe7f9c1f9342a21fe075a88083b1fc4e3c4ab9fb941a4280ab3b5ec2efe,8f604492368550ae86ed8895d492c11294c9058ffc811b4a30ab16953177b744,studenti.polito.it,-64.0,33.0,72549954.0,1846396,AP-AULA05-03,Student
c819a1f36cbb6196ce4cd0118905f8e7a6f7f8c2bb76ca7ac4fe2aa1ec91078a,c33d8df6432285e582423d0d914e7e930e1b6893168bb7bdbccc840feb902bd8,studenti.polito.it,-55.0,42.0,2665369.0,3086884,AP-AULAR3-04,Student
c850450e0ac31f996facc7666eab4086fd030c7ecbdcb764860da6014b28b2da,0b96b763d9f7469bece748ef2f1b4775ce21999313f929ab9c20d61e7378e336,studenti.polito.it,-63.0,29.0,3040715.0,930786,AP-AULA6I-01,Student
a0cfaf65180748e9ed2f610474f4737282c9181babf0bd65951916c7931baf51,a66a72213308647c57349e1e85a54a47936daac0e2c11edd8bc4d7d7dafb3e1c,studenti.polito.it,-47.0,31.0,45025596.0,3283856,AP-MIXTO-02,Student
db4ae98c2d6f5ed237389db61f29e89577ac9f51da3ce9276a4fdd6b0cc9646a,eead310d5c4aa71a483785882327ab3bb4f4273fed49d95bdfbc96276a62bddd,studenti.polito.it,-73.0,20.0,8368860.0,1251866,AP-DISMIC04,Student
64805814b74e96ddab560209660c7485a88e3ac9458244fff2e089b2f9172561,b07c0b1006da9f571bce69531b30726e0cf7eceabac72f2496e10a922a029875,studenti.polito.it,-88.0,4.0,143718455.0,60517707,AP-CIT-DAUIN4-04,Student
de2d9a13bd53af27035ff66e210752aa9d1214288f4c071b417b4143979cc4b1,f378fe953484d8fac49cbcaa8531b029e6c9d99d5dbaf63f43b87eb4db16fefc,polito.it,-63.0,29.0,3220051.0,608199,AP-AULA2-04,Staff
50673cda4389105a955874b820e2e0c25cd3369046e3a85466f3806d05fbc463,f2dce568697c91c669ece3ef0333676ba5d82f092f36ad8b0dee6654f2c6948f,studenti.polito.it,-61.0,33.0,34285075.0,32279406,AP-AULA12-02,Student
f5cf5a068749648645e963c51bd103d45c10e8bcfa485338f68881d304af1d19,79be06e8632895bed031c9a622a14369567bcf9e247ee2390080263e9c11683b,studenti.polito.it,-56.0,40.0,92173964.0,87955955,AP-LING-AULA208,Student
6d29f00e06e3140b40e509d490e37511d9b46b234434dd54b39dacfbff5cbde1,96c0a1000c4fdba8edb80e1ab8f30c183244c9e51b64543bbfa3c7db196045b3,studenti.polito.it,-58.0,35.0,24893280.0,38212770,AP-AULA12-02,Student
89fa1e18ef5eeb4e1ef2e7cce0f7b43f88b01f85476acfab2e0196e22befb1a5,f6c100463ebf9ea3322efe9bdb53d8e0ea1ac6e054089825b19f7158085bd0b2,studenti.polito.it,-64.0,30.0,1824227.0,824196,AP-AULA08-05,Student
011d86a934b36dee001c76082e29835009542e154ba97cda21c1a3d31de094ff,bca8607f882498ce69d5c1a8d39ee792bc4a37fa709d88114878827d65399804,studenti.polito.it,-82.0,8.0,172774.0,78770,AP-TRIN-02,Student
2ac0def5a909dd23967bc6ac6cb767f6a5242d9aa9dac7e53f2878bd83d14a90,5681d43a73f06dc97185df17e2d00c8e8e7cee3b8f3da548718a0a671e93d6c6,studenti.polito.it,-39.0,43.0,244571794.0,2849048,AP-AULA4C-02,Student
0d8d86d5c893a2c1172a59bf2db4e87dffc6df21dde76e127aa847318137400d,3f0ef0e8e697e34de52f264a5ebe1b58a67361e6f2299800cedfe26a29ae6730,studenti.polito.it,-62.0,28.0,197123.0,280168,AP-INGCINEMA-01,Student
ffae0ef18efa87ad78d9104851864e41d7f65e510d1a7d54ebe986282ad4a32b,792793054fad9ed2269d14bc36365df3a097aeafe551f73f0d6ad39a0cc1e393,studenti.polito.it,-50.0,43.0,1299341.0,1947895,AP-INGCINEMA-03,Student
35c0e55bbf800273249f850c0e1a06c3bfd48af657c271e10dbf7651d70c91a3,78cc5bbed071f0e1dd615a306ccd28bcbd879915566977f8ab571b17780783c6,studenti.polito.it,-64.0,29.0,122047.0,115592,AP-AULAR4-04,Student
c08ebac13c0dd0b6ca8e70a95f4e8842494b2c669bd41c973c76b3e5e4b5dfda,40faa87a43522af755b9b2110da6df1fb4514a57de80adbd39d8253433166339,studenti.polito.it,-42.0,46.0,11597288.0,1506134,AP-LAIB3D-02,Student
50303b7b0195f3e6349b2eeb3489789b11ce40f30b1c8ca4ef8c7f861f93f6ec,030e5ed64594a2141692696e44d18810e9d124542cb90532c70943527377ef88,studenti.polito.it,-57.0,35.0,6640016.0,586322,AP-VALE-BCA-ST-02,Student
f0432487bde0a91f6d00938b46268d0a1bcf9ecaeaa745d1e77eba4117fd9119,aacc34217f2b9d1210d649a803021e878a20995efdd96bee941479182fd582dc,studenti.polito.it,-42.0,51.0,289973.0,150884,AP-AULA25-TM-01,Student
70dc731d7e3fa5096fb527bcae2c1729450e9d504352bc725e4bd2af1fd2ac89,272599f5a43568deb0747c03ff6a0ffad8ee15485f6f9d79340be6a76e312918,polito.it,-70.0,25.0,15043247.0,2436770,AP-CIT-DET3-01,Staff
32a08fa6e16a7ceebc4127c1db39869c8895d62fe029541817a78ed2fefbc788,216a85874a73053fdc3f4986d853949254ba7f96f4e5c12d6cf992a660309c82,studenti.polito.it,-57.0,38.0,6886654.0,1076398,AP-BCI-ST-08,Student
4c3dc3d3a6fd74ec8f82aa20a08c45f4eb859ceed70fe90c977511188e1d9e37,06e7f80c15bfd448a1710fcff3d15d83565f8c8c48262b61d21244bbdb4df397,studenti.polito.it,-59.0,37.0,4210255.0,667943,AP-AULA08-04,Student
e7283b43c619a71946ae04926abdd289edbb1cca3e5a1190d717fb2f9e1596e6,1b18da76bd89a60c398976017bd77d4780d9a0a296299256866400201bc7c74f,studenti.polito.it,-57.0,37.0,53721385.0,1610178,AP-AULA4I-01,Student
f56fd052bf9cbf02b5c234818f979d8b038fc30b8b7235650d373939e369eb23,c088cea7dab492859e0380211e89564fce5ee682e4a512e9f85346c1a1b7caf5,studenti.polito.it,-52.0,42.0,5549629.0,1198942,AP-AULA5M-02,Student
4b92b6ba58eb8f69956516de141dca219aaaa30642e4a9ea0dcb5a291268a710,bef79c4a67611f666e4c578a82f096ce463b6d43ae5a09b7169d3f33477f942e,studenti.polito.it,-50.0,47.0,16300002.0,3524549,AP-AULA2-01,Student
7ba9e2c1c4ba039ecc1f410972cabc67ee9725ce34835ff4ccfb5152f0584e7e,b77a9659a43add34d02802142a19ffbd3a54d5277e8d638fb7c9ab0148922bba,studenti.polito.it,-73.0,22.0,25789641.0,1611960,AP-AULA10,Student
c5801db9cebb980250821691ef05b97c8c3a2f0890392be5acfa2661c0677e1f,90a1569c8a1c3e09370c4716d59fa70168b49413b869ddef90e99fe663683b22,studenti.polito.it,-51.0,45.0,3015379.0,327041,AP-SETTE-SALASTUDIOA,Student
49e88d2a2d205748c097f06619e579806f6014f0166025d548ddef983f7233a6,510a92ef855014ed9fe2b4358d038258741446af58569eb6a3579e1f9cf4b913,studenti.polito.it,-74.0,21.0,10696916.0,1318455,AP-AULA10,Student
5685173948267ad830f071938faf6ae1d660df9b953537937a8b7579c970ecda,95c83386eb73018005449fe4a5c3a0d0fd7478d29d56c43b96da0d4c396a6b0c,studenti.polito.it,-39.0,55.0,74253485.0,2256412,AP-BCI-ST-08,Student
8984f3485a6a28b2bd6d6b4373563c56e685a3b7f734442b9dc2f4fbf321cc3a,4710e12a359dac8b72bf3f8e5756e319c99819f3d10d2f07d6683aeff1abf202,studenti.polito.it,-45.0,48.0,5310856.0,6088690,AP-AULA2P-04,Student
cc7475de1c06046f60954c6c26fa6de2ac7b1692059fd5d7a4f8caad7f7dbad2,4fd3932d6b4e4364633e0d0e151b5a1d45a9d79506661b52f31d5f274d4c3495,studenti.polito.it,-43.0,48.0,5253946.0,8870578,AP-SETTE-AULA12AM,Student
2bfae3fc3f9985786248519b1504f58cb48970bb53b59136b1963a956c787b72,556a75b1f1e15fff06f8d926e45e479e6806fdc1fce67ad953c905019ee1ad85,studenti.polito.it,-55.0,38.0,128418075.0,10799781,AP-SETTE-LAIB2S,Student
c261f0f74460411b7895b08825538140a479c8b996f95a19a7f19bc00bfbf0de,bb45ee3d2988c55fad4fb76aef2faad94bd3c922805c93ca36955dd5d587f13f,studenti.polito.it,-40.0,53.0,99516517.0,17000459,AP-AULASTUDIOR2-02,Student
44f55bedb30377eaee36d46a22a69ca3678bab8cdf2e612980edadf9fb4f1ea1,1adbbb28e14952aa0490e8c487b66cbeebb476769cc806a3474fac93a00da5db,studenti.polito.it,-51.0,45.0,7656236.0,1912820,AP-AULA4-03,Student
de5f79c8dcbf92e0304fc6623dc8a728a36712adfd4f81779bf8999d4758643d,09abc8d0dccda891fd1cc4a2e1d7393d7887745f45c2bef7a975fa5886b08562,studenti.polito.it,-55.0,30.0,465044943.0,18298574,AP-AULA08-02,Student
2f70acc257047b2a4f42821881892ee1f251083ee8c820c4b786d41bc018c732,e14a589f08c2ce40faac54e7830432eb6c60de4848c255b7c1d6be36afd6165e,studenti.polito.it,-46.0,49.0,13481850.0,6405769,AP-AULASTUDIOR1-02,Student
3fd8e17d94f264927cfe4cff2b291e46a3fcd3e0df1c55a42925da437404a0f0,,,,33.0,70202.0,7446,AP-AULA11T-02,Unknown
a8a8b4c1da8199d6be3e0a4b905b435ee87f8eae6d4ac0c098b2a57647fdd0fb,29702296349fe12d3977da500ed969b7ffa6ae1c09344a31a6f0e09260766c01,polito.it,-61.0,29.0,76719812.0,8814147,AP-CIT-DET3-01,Staff
438ff6105e300ef8c548bb2114d0eb4c64729a9d7ca8a80e25d54414e15b90f2,,,,,0.0,0,AP-AULA10C-01,Unknown
1e26fb33d97b1687c40c1cb2559a20cd9b7377a34abd402fd5c2ff1f896b2000,d8c1b7cddac2138705238e86f5469e9d87c37d8ee366df4c9b45cfc91f6ec559,studenti.polito.it,-56.0,34.0,450556578.0,10510983,AP-AULA2C-01,Student
d748d796c886f60dcedf25072fb8879a50052b2001c25f30f2c526c8ad6e9689,a38f5328adc6b055fce8db032e16972617f13ce5dbd9ec699560c20fbaa72df3,studenti.polito.it,-51.0,45.0,8043219.0,2638038,AP-AULA4-02,Student
c150ae87d20b5d7165aef5a8012b8d26e51978bac14a3caaeb9d75d1bf78d5e7,70f1e6bad1ee95fc9923cbbd0611ad0217786dc52774c7ad89f7fdbd78b2d3c2,grenoble-inp.fr,-44.0,46.0,1511386.0,511805,AP-LAIB1B,External
6b61ca3899acd822ee7e3e4ec12b5125943fff98a1e807d275c46d43e57ce8cb,5971b6bf7ee0b19991b567cbbb3d4dcced83485785d0cb6e46ac5c8b4f0d818b,studenti.polito.it,-51.0,42.0,93349.0,73113,AP-CIT-DET2-01,Student
fbc8a61f345e561e12c129ad3a1434cda8dd4b5f3d90803eb153186b7ce5cb1f,09a5ab76b69078008b0dee67bcaacfcc9f0d506854542c1223eb51c543662cee,studenti.polito.it,-53.0,38.0,1046643.0,379015,AP-AULAR1-04,Student
9a97e5504c9dabddcfc623dba9a572e87ed601fac1f57ebefa566a3011544cfd,3c211acd4c3ded754ae92ab8d4e3f1f58940e0cf36d3f2351d0b1fb837b3c4dd,ntnu.no,-54.0,41.0,97788.0,79761,AP-BCI-ST-09,External
ba5c41388c8bf8dd5d1d0c2f3a9bba8b6b0ee73224004cbb8e79b6e1c8b6a018,07fe3da2e7b6fc439d7580dc1bc4b50241a7a596508f386feed2ded890d8047c,studenti.polito.it,-70.0,23.0,12473320.0,11084748,AP-SETTE-LAIB2S,Student
8800886aef442c52a10c703a851866fc959a8039b4d24dabe801a6c5b8cef0f1,46ccaee1b421f14bccbae7108b88403787f2711ff4455a4adea2e29eb0151006,studenti.polito.it,-75.0,15.0,78422.0,108919,AP-CORRIDOIOAULER-02,Student
017b28d654a9fdca71a7f48f1512391de5af159740b41ec0628407e4c1ea6fb4,9a7cdd31441fe6296defee8342851ea6a9815b207b07cc3f9e17d0061655235a,studenti.polito.it,-45.0,45.0,102581936.0,6708429,AP-AULA4D-01,Student
a42f620a5e7836359e648ddf8b549d910c84bd1271eb46dcf7cc427922ca1135,2acc1bd4c5519e808b508a74c215d3becbb5ca114c60836988a391cc2f163999,studenti.polito.it,-40.0,52.0,136918400.0,6364072,AP-DIMAT04,Student
c7e43816e1206ffd32eec665fdd0c667fe7b6c6481440d6d439c467e5e772cf1,779fff4ce41dbb1477df345dbb4f6736ecde9e17c2c377a858303389d32245a0,studenti.polito.it,-45.0,48.0,507942653.0,312029675,AP-SALASTUDIO4-02,Student
fde0a0e7885e60070350a0d07d47b01fb83e4c018ec7b21f30b6fc978babea25,69cb1a29972ddc47666d9aa42fbd7d79ce1550b96d9c60565252a8775ed906e4,polito.it,-62.0,31.0,323801192.0,12988880,AP-DIMAT01,Staff
e5d663355d00f2025f137eea3c4e348f3aa8e1707ab4e6995c29d287cd3c6352,be44588325afc3b2b39ea2f28392a338955be61078577a552bf97c7fb1ed2f81,studenti.polito.it,-47.0,46.0,123809006.0,3270076,AP-AULA15-02,Student
ec398da82146c285f2b7207e0dbafbc2d27024a64edbdcb1cc107187f052a343,,,,36.0,0.0,0,AP-AULA29-03,Unknown
5bdbc5c4dee32981ec00ceeef578739419c2f0617f6de3bb75ee14c89986f57f,b4476635269542d1372608b4aaebc7658fb73411a1cf07f88af01ca2461a76b6,studenti.polito.it,-44.0,30.0,147826919.0,36610613,AP-CORRIDOIOAULER-08,Student
29f7beede6d641b5a8ebc4ec57edbc1ee6904aa9ab3276c95094991074c8b24e,0142dfe9024b59544e54a3caaabb02c96b6cac1587ee3f7453b938c2906538ab,studenti.polito.it,-54.0,39.0,23766697.0,3284398,AP-AULA3M-03,Student
c65e5addcebf0ab621185bdef1af806a85aecad96fc404ac77c32459cd7e075a,3e4dbcb7300b3252b3b6ede73aae0c2662ce3783ca4456378700937b055ed670,studenti.polito.it,-45.0,51.0,151110.0,88579,AP-BCI-07,Student
e68481423ddfb4495ae2894a2b3db0ec2ce52e3a88763ff2268135fa737e9ab9,14c538159d65c9abf46d5791102acc226dc3e957f6f0df7d0f323c80920c00ff,polito.it,-91.0,3.0,731508056.0,38405538,AP-BCI-05,Staff
8fe4f351b6ba5b693f6d1f0c2cb72a6d4cfb2f167e93166b95d281514e257204,4f51f3f44d4de6c07309bf9789446cd2d58f73a9047579defbf4b57ccb4526c5,studenti.polito.it,-49.0,40.0,25292237.0,9136233,AP-AULA1S-03,Student
f24cf29a6b306d6a10dcc668ef82161757ae6bf8c78d6c36c020282e17586ddb,12c2d5b2e3759d693f976eafdbb8de6627cb03b83e620351003c84661014ddc1,studenti.polito.it,-65.0,23.0,64023.0,85526,AP-AULA4N-01,Student
406706cc10150a970f1e87f968faa966c8c4426a72176f98af5ee66291e47c91,4dd8ec0de34aa5667129a59aea6836f9bb1149f6978c01f9a345690b0b908f37,studenti.polito.it,-52.0,40.0,382301147.0,10566505,AP-EXREALEMUTUA-R2A-P0,Student
04199c1b81b01a44a077891e6736507e511540ed2d52c316c7ba8c71733b4feb,87cf505de6ccc5a35ee1cf7d108a633eb4eb5d9d16cfa860033ab3b85deac53d,studenti.polito.it,-69.0,15.0,661371166.0,7216919,AP-AULA8C-02,Student
78d61faa7a2da91794581571c5f3a7025be36070aa2699228234922ae77d02bc,1f71a70a063772988f79d9fb9bc596e7a2bcfc7586897fc5b9d458b723211caa,chalmers.se,-84.0,4.0,3322905.0,267492,AP-ALESSANDRIA06,External
4e010e2e1ee39644046709c342cfc29687697b889bdd02665380633d9d54cb1d,54c184bddb5a8b2c5d817af87f0a2899bd4644ca323bc797544a135ed2ab6015,polito.it,-63.0,30.0,4757473.0,2304222,AP-DISPEA06,Staff
9d2efb1948aee5311371856a9e008bb77d4ae7d2f3d1cb2e0a1dba874fd88947,e32b7a35c7c0a933f9f7c4f3172901eded0ceaeaa74a7dcaec67522979522d47,ntnu.no,-87.0,4.0,54527.0,59626,AP-AULA1T-02,External
7c31e03c4bfdaac30f3bf737cb092b5ffe2267f24be3879646023718fdaa1c8a,7ebda7bcfe927c29da7aea39ffa246e7d02cc7a5bb16bc892fad6edfff6be627,edu.unito.it,-84.0,7.0,4291235.0,9692106,AP-INTE03,External
4f1121b28cca42c6b7456e14457e8391a834ed61bfe774a5be875b19adb15681,3e9876f2d375716a122fb6f448cd9448e359521265dda10d3865306f8a7d5c0a,studenti.polito.it,-58.0,37.0,10691271.0,1958573,AP-AULAR1-04,Student
04af0bd951326f3369e657950ce2a394b6c45e0428be1e314b286b573728a4cb,89bbb3c03ccbafdb938d5413aea79860e84765cdb3f6ed9496a41a852d92dcd5,polito.it,-49.0,40.0,2590598.0,8850271,AP-CIT-DAUIN2-02,Staff
0678fe4d3812cfced99f2a3b8adb8e404b841cebc8419cb041501364316d6756,87eecedf58fea9313986fa2b1246d5b447a2af3f808401204ceb5c81f0103e0a,studenti.polito.it,-59.0,33.0,13264325.0,1192623,AP-EXREALEMUTUA-R2A-P0,Student
a2e55a82f1b51ea1daf3810cec97dab808b508834c5b73187fdd53e0e4d153a2,aa2d7ab8866de93fcccf4c478706d48c6b2af99e4547374894a2dfe7b1f1c1e1,studenti.polito.it,-48.0,41.0,246269353.0,22990768,AP-AULASTUDIOR2-01,Student
8d8ee549b560fba22117245100720dd05848877e50376c66b61f8da3138dd4b4,1c83a21b6d42e7a8bad8c5762432c1cae48b95c712ea5feac314adfc0f334031,studenti.polito.it,-47.0,37.0,37730854.0,17120071,AP-SETTE-LAIB1S,Student
769dc2d3750ffa1e9720ceb3416a0e0e179f4cc77bbce6b6b2f52b7d86a6790e,3024889735f29802e52f25aef1f2ef6322994a082283d63d971198a796c5b7e3,studenti.polito.it,-63.0,29.0,1401458910.0,18864022,AP-CIT-DET2-01,Student
2569c3fd07e30a8377e8959eee0be165b727473b54cf8f7ab83358d6208ab30d,444d89548641c02771985b12c6a29938de6a3b3e00a619bda0798372e05d7c7d,studenti.polito.it,-63.0,32.0,93671322.0,12171420,AP-LING-AULA208,Student
4a40469f4c842e42194719bbb6f3f1894a3ed72e45c8c092b7ededb7c5cf29fb,7a11085560fd7d5a01a80ef88186abfec007d7d3e4acf1951a4183f4e04a56c3,studenti.polito.it,-62.0,32.0,12146519.0,1010621,AP-INGCINEMA-02,Student
73cebb8fa1f755fd585ce7fe71f7dae1c5ca2f02dba1546a71d64af378c50d95,12e0c207b26023b9a82014c86a4d8f21b44257157a204f2ee8eb869a25b7f89f,studenti.polito.it,-53.0,45.0,1281730.0,708222,AP-AULA2P-01,Student
9d9d342214798977c244d236add4fbf746c8715a5be10e6132103b71c331c0f7,,,,23.0,138973.0,1501331,AP-DIFIS04,Unknown
fe1a898b1853c9db34bbfe65a3c4130073ab025cd15e72d79395bdd6bfee5529,844d71fa22c648ce947ee0a40c2d4414ffd1c69905a3a597f3cac8466f2eb463,studenti.polito.it,-55.0,41.0,24719807.0,2388556,AP-AULA2D-01,Student
8e8f7b34dfef3bdcbd27b125954e4c4dda9aac2b0ae717b1e3ca462d3c7a7463,effeaa3d45b95a2c8a244e811909271332dd2cd49eac0d78712a869b5b01b18d,studenti.polito.it,-80.0,13.0,262280336.0,18585203,AP-VALE-AULA1V-2,Student
b167146e43854e667a9d20ba2a66fa2ec9ef21e66f30be8d7c919dffd85c9ee4,a1cb1eeb71d9c3961c80f7082c33f6038b964ebe3351563614f9eb938b7dddd8,studenti.polito.it,-59.0,35.0,9562898.0,5932131,AP-SETTE-AULA11AM-2,Student
fe24bc0e9ee6c1aa26b3f3ab975783f6a3f260c32b987cbe22ad9b3dfddd5c4b,2ff7a538e06d74c7b21250c79e18eb81ba9120ecc56c72b1765bdc1303bd7e33,studenti.polito.it,-57.0,33.0,182966240.0,12516328,AP-AULA2I-02,Student
f4db81129df908cb0c13bf2d9263563374ac1a90647b72d73b84bbb9130d276e,5d1cdbfe1a54739bff18ce98034800449bf7f02f33a68e6994d30cf8e714e04c,studenti.polito.it,-59.0,37.0,5792383.0,1016852,AP-AULA11-03,Student
5e53d38c32b466bcd44565ced2abb7d8ed19a64211887e5c9d637e45aee054a9,559f1cacf64b234082a347c4fbd2dc93dd96ac192a75b272f958c02ff94b0df4,studenti.polito.it,-61.0,25.0,1655888.0,870388,AP-AULA4N-01,Student
eb362f57b2c4adf7d029722cec5fb08b81d291029b840dd42972db2f43dd6dfc,465afceb9ec1038fa71896fc32941fc07925cfbc0d9926ada66b013107894b41,studenti.polito.it,-57.0,38.0,235324365.0,73667980,AP-SETTE-AULA04AM-1,Student
1f7011f7a0ec6a18b7203bcae87f0dbbdebb8c93a4eb3cb3db6087ef6b91e87a,8da608a6d8be1038c17ccb66bac4ae97eb451079bd631dbcb1f20394a6985fef,studenti.polito.it,-53.0,41.0,1664031.0,1009394,AP-AULA4N-02,Student
8e2cc7454ffb19fcfe4d8bd9526242ea625dc636e71a2d134253394df045375e,654f4e8362c4646129e7f4e58fe7c127f4760f0714975e4ca0411c34ebf113a9,polito.it,-66.0,27.0,533808.0,1289981,AP-DIMAT01,Staff
ac799dd8f677f16f8ddcb80b3c369af12cd718e77b0520b97ad9766dc34431b3,b426566584c7c7df92bdcd851678a3bd872c1f52cabfeaf862423f0d37334a93,studenti.polito.it,-63.0,30.0,117954513.0,22783989,AP-AULA3I-03,Student
e262945939d38c2dd4d484cd910215bf4cdafc404b236501edaa8ccb2e01c051,a33ccf9325acce3054c80e9f2a7b64df7c2174cbceccf5596d64ccc1527d55bd,studenti.polito.it,-67.0,26.0,81631572.0,2575418,AP-BCI-ST-09,Student
b991d53c519e7bf0a89f54126c39086a61d772475a95fb07fff297ea4716deef,203ba67aa631de702c5f3d179e548893aa0d3e457cdbec8fd34138caefcd14b4,studenti.polito.it,-61.0,31.0,41618943.0,7094919,AP-SETTE-AULA13AM,Student
e7cdd6d717da457c89df013fd194520ca2e0465a7b40be2752baf58f19936a99,e76774fdbd24cbffecfd9b114eedc2447d92eac982cd7108949e6cd1d02608f5,studenti.polito.it,-45.0,32.0,1348141360.0,74381810,AP-CIT-LABINF-01,Student
b1f239ec0df65443a5d89a800163b365494b94e841c75835ecde0ea039749981,fff8eaa1a20592d2348f9167db33b081a98641af5886767d55e142898caab364,studenti.polito.it,-54.0,40.0,447810610.0,251782955,AP-SETTE-AULA14AM,Student
03e5ebc5829fb5c8292fbd80837c2efa417dcdcde51e4762e71054d84a2dfd0e,4f1e56007cae8597a088f3c92ffbbaca73ebb217ae288072fbcb5a46bdf1210b,polito.it,-52.0,40.0,41800655.0,277257201,AP-AULA8C-02,Staff
4f9ad505d6542b9ba1533087c626bbbe6ddcb495f8332ddd3b1581413ccfc54e,d5dd5fdf88c4d7147c2dd8e43e3ba11d66de6c15aa768e2da4fd38ebb36e8ab2,studenti.polito.it,-49.0,46.0,29240779.0,2712446,AP-BCI-ST-08,Student
d831dd85b2d9ca9e7589241df7770b149cb9d2bfbe21a81a256c9198929caf2d,7c7e088aa89caaab6f441bb7c001a82e38e75b57852978c347e8893806279775,studenti.polito.it,-55.0,38.0,30507053.0,5976359,AP-MVI-AULAMAGNA-03,Student
5712186a0b5d6175a7fea5adabc1f1bed3988b7abe509c809c7ea2ddffecd1e6,c7b6dceb9abc2663a94c8541e2072e77ae9bd80f8610f464dc8f014ab521d63c,studenti.polito.it,-76.0,19.0,8832282.0,2233963,AP-AULA2T-02,Student
dca1c1edc7b1fb821b0ea7887f11b5f2d52b42c1d6ffa8fad5d13ba9d49aecab,f51eace1e156a99e41ea74ac2c8075c65683b4dce2ce2f5e39be82d6a6d6728f,studenti.polito.it,-62.0,32.0,4707583.0,4747593,AP-AULA11T-01,Student
58bea3f6faca05e5c7ecd41cbcd6461807953aeeaa8d6d01cc3fc4426af80664,307e6e3083e28cd0c97b17b971f31485f1cfedc3972d35237ecba4c97cd55d38,studenti.polito.it,-36.0,49.0,70962775.0,7391704,AP-AULA27B-02,Student
4cb13ed7c558e2d80a9023bfc0480d9885c49ad8672b167a22390ef46ead036a,de0d50e90ddf3b8821b57497d9ffd095be7215070235a2af277bac1f1c2b6738,studenti.polito.it,-70.0,19.0,336178761.0,281816244,AP-LING-AULA309,Student
6351d202566680d8e51662b02ed6aa197a1308df24a9f466acd4a296a0b8a344,8c4fa4c4e11b13c0ff02384678142a92fd615612774f64d2be674a96a19d2248,studenti.polito.it,-52.0,40.0,186178149.0,13646940,AP-AULA4C-01,Student
849d985f0a930d5a6390201d505f2a8703c6cab4730a04f432b2bb7346af0c1d,d2716d950d778cf6dbfcd6526d819402af408be6ef563742c574dd0aace68107,studenti.polito.it,-63.0,31.0,149186616.0,10143245,AP-AULA4N-03,Student
5dc2c34144ec4d4138f3ca38df52da36c1de53c22bb2a07c6567bd810c4ea21d,5509a44ea9d893134bde3868bb945b1d7ac969f25f6493bdbec0fed84e0a6700,studenti.polito.it,-51.0,44.0,694653834.0,30705691,AP-AULA3P-04,Student
d043388dac5fa32307763c55cb9cfac0e915cbc20f3dc134aa24b4fb1079567e,eada3020f970006eb8caecf96362841ea934a8a8151a470bfdb3d5783d9504dc,studenti.polito.it,-46.0,46.0,45165195.0,7612375,AP-AULASTUDIOR2-01,Student
55e2f05cab1039d4506fb4147fcb48c00b5be247bce3b8eddfb6501efccc6701,99603d9f0fe0b90d9ec37975a66a7ee05129f044bc46aa1fd9b740d09741dd5d,studenti.polito.it,-57.0,37.0,1019203914.0,26030955,AP-ASSTUD01,Student
351599f581cae9c0307bf9dec6dd8bbfb046628a87c20204beeb94bf8053102b,55ed668ef167564a659f8c3130269b4218b498ff49effc7a679b7294437d7140,studenti.polito.it,-57.0,38.0,664430.0,784254,AP-AULA29B-03,Student
b73b3c5954091adacd5e37a78819c2011bd028881c42f5c726d2e0358442cda0,,,,43.0,54463781.0,8821205,AP-AULA2I-02,Unknown
a4e284217c5661098d1f2b31f529bfad7fa13671d63716267bf3735e41823b6a,197b357b3b2850a7883abb91ba7ec51053b10a2384e9fe1d010e5cf35d49aa58,polito.it,-53.0,39.0,1004558560.0,55964243,AP-DELEN-2J-07,Staff
713beac3ab264e3aaff512640404121ce4c3ecf54eeb360b27666d11276ce815,322decf5675f95564a7c2cb70f3313de0fd292b2f67831b196feb544c602e453,studenti.polito.it,-56.0,34.0,167771186.0,5063081,AP-VALE-AULA10V,Student
e939878a010dd184c6e7939f77d168ab3623a724972338d8b880fb4f4dc3b31d,,,,13.0,0.0,0,AP-DENER04,Unknown
638c3eeffb11faef819c29b5420f421fd228cefab71f99de4637b377fe391cd2,c8e70181dd4ce9b2734c76d254664b7a3a7d3700872c013a84cf94332e5e5868,studenti.polito.it,-56.0,36.0,1347567.0,538210,AP-AULA5S-03,Student
36a21c429a2f4a447d09ff64f802fe03bcda6e6be4831a07b49128c16cbfbf32,5b90ec461879265fe210959f493b3f8682b5b3b07b62d40c028faf92adac9fbf,polito.it,-64.0,30.0,11881673.0,3316872,AP-AULA2I-02,Staff
1b844d00f2556c31587e7c54f026e0a02f81d6457b6b82ed86ef55e03dfc0ef6,980d33f68065d3ef06e55bda95944840186fc580e8b719f9d7b5708443c0125a,studenti.polito.it,-54.0,43.0,183544259.0,20568961,AP-AULA3P-01,Student
3b002357b28c92e9a71fa31faf60eab86a075b6ed24b909f8c90ebb1b0d6fe39,26e47af27eb67c18e83c0407f488195dac53aff601c2d7c9b0a813a5e521cf44,studenti.polito.it,-74.0,17.0,88913654.0,20974749,AP-SETTE-REALLAB,Student
7c8dbc54668d687292b85373a93453226262bba4928038c1a91be0ef280fdce7,655dc485f3992906139d1765b12a5b3abcfe0537c137e068b4af84e3bd17299a,polito.it,-70.0,22.0,70493915.0,10022194,AP-SETTE-AULA13AM,Staff
96f7142e2340f006432feadca99f01b66abafc95b6bd743df2ac7e4cc404bd3d,876ac9013c0be2074471e0eff07d0049810684aaabcdf7f9d875674cf2ab6c0c,studenti.polito.it,-73.0,18.0,235884285.0,2569491336,AP-DISMIC21,Student
ce89dcfc303612e340926e5d9b38b11f2fae4d267cbd65c52399c153f4fd5b08,e51a4c2d862e231c7d46508a0a62590084e718a09e8c4087acee241dd5696a09,polito.it,-78.0,17.0,19940608.0,3816998,AP-LING-RECEPTION,Staff
7a863a93b4014837bfa4a741826ba049c9a8f3b48da403c1b161b980eaa8a4a3,af8f0c8547585e646e0328451c7b39c407974cae9888154fd77f93acee31ac34,studenti.polito.it,-50.0,41.0,1037659.0,166921,AP-AULAR2-03,Student
3ca2dc208a5e592823f98cbcacab7dc2d17fd6fc4aaea25277e6b19ef4878ff0,1272bb595c1e09bda55ce27bb193fcc470961142595f61ec2cfb06bbf8dabc96,studenti.polito.it,-53.0,39.0,11364268.0,1764680,AP-AULA12-01,Student
de9bf93ba8d287184b93e567068d050e2554dee535db039606217bba4dfcc524,d4b41a34c4cb7ac220b8b7b7f1d5fc5b68f1a46cd8376db146e133c21e31a2d8,studenti.polito.it,-56.0,33.0,211136386.0,109676820,AP-VALE-BCA-04,Student
fab2bf3c344b3381e32f396f53ad1dc8752366e6bdde641d19133ba40c12e56c,bd6aecd7183ca783112eb0d872ade44f71e0cfaf8299facc8dff06784416a507,studenti.polito.it,-43.0,49.0,35818471.0,235942285,AP-VALE-AULA10V,Student
2a0117a3044c41816b50a3bb8306a3e7d138dc5452b314fbd16d84343f1ea356,814c5b5d18fa7cc86c136b26b8b0f925391ac7109af4cfc739c53fe771310aa1,studenti.polito.it,-60.0,35.0,157131443.0,3064308,AP-BCI-06,Student
f76257ebee06835def331481e074a6f530da8a2d7a49ca12e6830209ca0aa95a,e6c8e7a8fc1d2f76ec9e1371c0c1cd6b7cfcb788ea50a448af5ff74ee7b15179,studenti.polito.it,-48.0,49.0,262999225.0,13434362,AP-AULA27B-01,Student
b4213c00bbc8963663745dced13a3be754019506831e949061b609419958275a,c29dee4d02da0a4926d0dcea39c0b225e97be12bf778ebe95d26723d9a9420cf,studenti.polito.it,-63.0,32.0,6716825.0,2342032,AP-BCI-06,Student
2654be6eecac20b171a44e482ce53f356868517e365f90c048e323e1a24e476a,aaf7e6f094ad562b8567050306c5e77bf6a59ece2fa51d6f8fbbe1648bd0b172,studenti.polito.it,-41.0,51.0,11146388.0,1707741,AP-AULA03-03,Student
ba6687bed78f376a5da4e3c7b74390f462ff709c0bde65889d2edd055e6635f5,a264bf3e67c1d5434e835149499cdd064d1bd3096cfc50de064e98493ef7e54c,studenti.polito.it,-57.0,34.0,16935009.0,1206005,AP-INGCINEMA-01,Student
aaf78929da01a994db202c6c97efaae12affcf3c8be4118e7ab5dc4b504b7b4d,c1d9d267089ff048723ea3d23efda0c39b2b40bd133eb8e44eb95fc79ad560fb,polito.guest,-52.0,41.0,16286566.0,15829509,AP-SETTE-VIRTUALLAB,Guest
242e3bd708d32311359865255c7acd3e0540bf142d3959838fe8b001dffd4401,2a8e369682554fbd575c0006f9965a43b6848caeb8f371ef7e63c516839cafb6,polito.guest,-47.0,46.0,40237527.0,12984708,AP-SETTE-VIRTUALLAB,Guest
e34dbc3808ed0f16dcd6ba9cbd096e9a44e4020e372ea80af578e1eb99596fac,4487953c453dc9ae0aa16e72f997a33d810ed277d1796dce807a99a5ffe90e64,polito.it,-73.0,19.0,79859.0,61409,AP-DENER09,Staff
0c2cbd271d2143e111effa02a6bce3bf7a1fef40833a71cc8ac8be3563caba58,81d9352503ba3de88964c1fc55e649b538bd440837b4470d09ec4e00a0c89c1b,studenti.polito.it,-54.0,42.0,120182660.0,51599047,AP-AULA3P-04,Student
14521dd45cd5f4e5194ab2af69fa21f3052e148227e6da3bf6c836066b761900,457eb808342dbd561df239820e1ae0c7eb728d6946c0674a2fd603699f5639ea,studenti.polito.it,-52.0,42.0,54827693.0,8555348,AP-AULA7T-01,Student
2b8645182e37ba59cbbf747257ca0a7cc887ded38d381a8b2583a3fd1483eee2,a15d6b1d648d678c0429a6254aebeb43a319ce1214c0df16985336d26d4c9f5b,studenti.polito.it,-46.0,45.0,17052818.0,2861439,AP-CIT-EXCELID,Student
096440f8d87699345b630fe393e90665609bfed213823fe27cf2506dbfedb701,d344d8d3be78313b204ee98d1bc7102ce7a10563fca86bf42e8550c2a4f77f2f,studenti.polito.it,-55.0,37.0,23467081.0,5157387,AP-AULAR4-04,Student
2bd23dc0986a96efc9c956a5cf9e9fc9f1ec643cab27727c6d2b1aa499792de4,f718e8240a71b0a882733f6cdc274fc235c08908f39b9099d0d1115edab08957,studenti.polito.it,-60.0,33.0,34421268.0,19914940,AP-AULA05-01,Student
ad88e7e9b8adbe4229dd40152eda569a8f7e5042eca3a8c3c6e3434a045324e5,bd942c90e83ee04d367138b3e74bf4f80ea437917d588a9ed3aea83b47cdf41b,studenti.polito.it,-59.0,21.0,787851392.0,27206574,AP-AULA3D-02,Student
03d1eb58d9409ca8ab9cc7f29f56883b310b4c2a42b52d844926ba77c5509a44,7286ccf007c47a05642a04397a98e900b21c1d9c12d0b8c0f2a50ff07063d245,studenti.polito.it,-50.0,45.0,83132778.0,16759101,AP-AULA4M-01,Student
0cb4c08e672e45333bde04abb1583502f45e39d4290a8db4db4b0b3ec71c3f0d,9a9f21776e473ef9851e389f256c3ef8e95d97a667df72e822ae1400981c78af,studenti.polito.it,-75.0,17.0,102609240.0,63089366,AP-CIT-DET2-01,Student
97102db66598478c05a097188f05d966a207a75d2a4f27e7ce7569e7f90f4ecb,d173b3b8d28061e778babe174d73f6c6967f619c0ccd8ce28ff0eeb2b99b67e3,studenti.polito.it,-47.0,46.0,181768478.0,97765321,AP-SETTE-AULA01AM,Student
3aed84449160cff1be54582fb9cb24682269e9d8d4927a5763306c2cef77dcef,96674ad415c8c43e8dbabc6fb86c37b7f1b1b3aeb7dc3ebfa82116c230deddf0,unipv.it,-47.0,46.0,4107303.0,1980694,AP-AULA5S-03,External
392e948d87a95adbf7f17411faca37e1673089aade19ae6c457b35c22bb4d42e,bb2674256dd0facf264a7a1e9cfcfaa79b8c5453382ac68ebd0a047e3abe4ec1,studenti.polito.it,-69.0,24.0,2369465.0,1338321,AP-AULA4VM-01,Student
c0cceebab3b46f382e9f63129e66b9beb709f7b29fee4e2dce46c2aad6c168ab,a9d741cedaef3d35c685e84c74404258f7903f41bf728a262fc0625635763a5b,polito.it,-56.0,36.0,5270757.0,512179,AP-DAUIN01,Staff
7347b5147b55a87b2d8e4e257fdd5c70e37958236bfb04822966131ddb15725a,d3140698bd5999e5607ef6f3418cacec600f269012febbcdbdd969ae6a439527,polito.it,-58.0,35.0,10535753.0,6324304,AP-DAUIN04,Staff
0db84c864637c38d8b4ae025f17a4ac964631ce8ef20a0f8c4ef232a38dd9e7e,93bf2d77f36e04594a47d9d98bc6da34850ac335299e8a1183869b24cf59e7f0,polito.it,-62.0,30.0,256208046.0,314761553,AP-DAUIN01,Staff
a8c33bbe426563065b84d3f497e27136d88304e7b63d2de664c1fb433adb75b3,0ed27acf48b0fd6c927b8c5e823886f53ccf684d6ad0f48fe5ef3e112c8692bd,studenti.polito.it,-73.0,20.0,33931065.0,4302921,AP-AULA1B,Student
3c7dc8689fb2d88342bddb9fc4020b4cb53b761a2106aae6a364a289b19f7f09,6e4c1112bb5e1841bad70c15c7971e41472ea796d98729b8f9d64a456244941d,studenti.polito.it,-41.0,39.0,79094847.0,4381956,AP-BCI-ST-09,Student
3339e00d2337d913f302f03bc2504c10ce7725ed11ef7162226d4eb285723f4c,0c196df1e15b0cd5d8c39a28fa8e974d44514ab4967e11093646ca83c488c4d9,studenti.polito.it,-73.0,20.0,18162706.0,9291956,AP-DIASP06,Student
dfe58dac6317347266248c03c1a98bb9e69574eb7cff08c5906ad73dab3f3b76,767dfdc353b6146969eafbf1c1bc71b72185eabf40ea1dc73037ed450b97c00c,polito.it,-83.0,8.0,156766935.0,495493851,AP-DISTR01,Staff
4cf7b08dd059ac19165c65bccbee66320b8749a04d9fb31243994816ce671a48,9ac1af6c32b28ffa23b66a8e9d74629bd1ed1e5543ba6ace49b47165cc1dbed7,studenti.polito.it,-56.0,38.0,721069172.0,40010739,AP-AULA1I-03,Student
9b91c00028f63e5cf3919f79a102a1e7309af8d9ea46f761095c17dd249b3815,0ab37a1748fca09c2b0e62d0e3ddb4a059ab3357aad22f5b743ac375babef389,studenti.polito.it,-56.0,37.0,13819337.0,3656336,AP-AULA27-01,Student
500288e0bfcb9a9575ce3dfa6ed8fa510f72eff02909da12bd7fd6a2414571d6,d6b94362754ed7c366ea965aaf375dbce720a7a463be692346be377a6a84543f,polito.it,-60.0,33.0,539804952.0,47379225,AP-LAB-ANGLESIO-01,Staff
777c12e79631d85aeb5d56bca8675d64e1bac4bf345a7636723d580d8325d2d9,730bf047dde5d734125408c00186b97ef3ada55dd474222bd039390a449b1594,studenti.polito.it,-77.0,13.0,227035213.0,9314597,AP-CIT-DAUIN2-01,Student
fb386ef8c6923bf4064918e11080c8a271e189ee3ab42167b7219e562690a89f,3d8cca56c4da02045c4f2fc8332b5c5f725bb4ac4053d33a78d94a0eda5b35c4,polito.it,-65.0,27.0,151484252.0,11270710,AP-AULA1B,Staff
978f233f56de6f225c4dcb626e2a1616b3b40deda3728ab4248ca04a79f80c22,8b60bfc31dff6eafbbc4729a0116e5b6d681934096e832470a890b814a3ac201,polito.it,-66.0,24.0,1288740.0,268472,AP-DISET-1E-03,Staff
769ce54d00ddb407944fb484620a8d4da849ef4403b58ca65445d15bc553045a,2e7c005395d5228b697a1cae3c005e2003007030294d8ee893c7821102edea5f,polito.it,-52.0,42.0,127753621.0,17671797,AP-VALE-DIST-01,Staff
9e2493742d7e639fdbd2a0e309b07fd94d203c980a104ef2232edf477a0c44fc,c6661d8d7fc3bc4353e856a7d19f90186fb2fd1081deb1d5e19f308608173370,studenti.polito.it,-48.0,46.0,198513140.0,49359954,AP-VALE-AULA7V-01,Student
487d2eb9d5ff95cb64715851918ffea39f23ca400e744356564cae07671197aa,8b227baf21823d55a38c7716db6622aeb7330dfc8e71463fb48954fcd7d5fee0,polito.it,-47.0,47.0,2627025597.0,1896456764,AP-ENERGY-EC1A-02,Staff
165aa063c8eba25001700964223d3390503e6830673b155546cbee77600c1799,1f328c9f25a010ef60e9c86af66d4dbfe237490ab8368899007a6b7706ed9d15,studenti.polito.it,-60.0,34.0,79649911.0,7268303,AP-LAIB2B-01,Student
00449b797f5733ab1d1c4d28855c7dc727b4e35bc1c8a0e0e6034d860a3f9ce5,12665a5fd30b19a0fba8e93e4cfc2d42f88c2605ef61748218542b9fdb4ed3cd,studenti.polito.it,-47.0,45.0,298650223.0,9110985,AP-VALE-AULA6V-02,Student
8a1ecca61bd45e27abd4be0463aae5cb1ee88e3982b2f0cb2bcd9d8a9963d16f,94f4bfe984b280d87790580860cf5fae52e38f0775870951eec8e013bd6fceae,polito.it,-51.0,42.0,159415577.0,2960369,AP-VALE-DAD18,Staff
273b88a71998d76b23e47cac5c2f0e50fb6cf4fcc458dfa3479ba0695f840a6b,ff6b88bfc60effb320c118f22d73ae4846ce9ca3fa485585fe545f37a43cd0e6,studenti.polito.it,-53.0,41.0,636291607.0,35625949,AP-CIT-EXCELID,Student
3f4fa5cd8d73f7f4a64ab71c32477a1e73ba97632976466b3dc94ea910f18cd2,0c2c0e92c3cc7e0ae0efed1a45611638d011e18e076938ee6d500c14d885de34,studenti.polito.it,-64.0,27.0,526351294.0,38525248,AP-LING-AULA309,Student
a8fa3654f686e2388d7ed3ac8ec9fd04f14594a50a81e1e8a7f9057a4a4bac8a,150ade7a698a0aaf0b8f2ed15b3c337ebec019a92f74b481c74a688092f62892,polito.it,-61.0,32.0,1178261686.0,73552257,AP-CIT-DET4-03,Staff
af6fd68c59b27fcf1905d1b22844dd3ce607dfdf82fbe72eca3c91c65510611a,3867c0ae9a76223b170cd050b646c6e6ff1cbfa7381d7fd8f500edb87106b806,studenti.polito.it,-61.0,30.0,274979942.0,12770409,AP-SETTE-SALASTUDIOE,Student
3d55526d80c1c3b685fd45b70cdb7116d4d737b8f2888f9dc64cd250dae8d1fd,7bdbfd64b6ef71aa890e7d9ed696e86f385a99c8f9b2ac071e60e36ed08eef73,studenti.polito.it,-62.0,31.0,71681677.0,6862075,AP-AULA4N-03,Student
1ce16ea83cde9ecb21b22197e289f056c92ad7cc31228003a9f7a0a45f47fe8a,15a549f59cba124ff87d8540f4bb0e7f0e87e19e717241b9a9b50dc50a300de1,polito.it,-66.0,28.0,29696.0,134990,AP-BIBLIOMAT-01,Staff
e8f0c265764c91e67189ad2eebe5f9e175562fa72734437c72b2fc6b4f9ab847,46dd0bad9cc563ab0672e2f3bab8df078d79520260f43f6e4c92e6729dfa351c,studenti.polito.it,-67.0,28.0,5456460143.0,151558217,AP-DIMEAS04,Student
a4f21d2f9bb58350a4f8b911247d5f4928b46fc4c0ad02768934b56af98dc7f8,cc662555078d353d92341bbb9dc35f433f5a37fe8d9442d9cac42a2cffe23e76,polito.it,-52.0,41.0,2479196650.0,444141654,AP-ENERGY-EC1A-02,Staff
4c609920049fd90b005a413d6e879c1ef9cdfc7d2820868b873e95e951deca13,6ea219b72f5664e1be4a8683a6b4e91b7d0a1bf09a90f549fb3e10f85bc0a1e8,polito.it,-87.0,9.0,18131522.0,2569750,AP-DET2-2H-2P-ACQUARIO,Staff
d290db189a85e28761815e6c65a40bd3bf495cd4032ea214268a49927b891aba,d5bdfad95f10bcccf90a7bda2db5d5734125cbf49b8c8de9ef259dfbaf6d4d57,studenti.polito.it,-54.0,41.0,3613665.0,857740,AP-AULAR1-01,Student
1f8ac1cf086e1f09bd03754176b3beae0076dc294fa4e3185a982b7402bcc720,d6085d5b88ddaec226b52ad110bd2ebb274a172d52c059b25cbed9321e308c41,sissa.it,-56.0,37.0,7593674.0,15742648,AP-COV-C3A-XP03-10,External
ffe40a7c0d77d7140610b0018118343f169decf02244ffe8f3a51977f0c52fac,6b9b128b33de72f895f8c26cd983e16c824335d561eb422a97f7d2a9052801ad,polito.it,-63.0,30.0,6683745486.0,1560459349,AP-DISTR07,Staff
d9f9b4f934068d989f579e2e6b95fa1dc90a24df147ae22d226a925939ff06e9,e5f1c522596d057d7004e10727f5266f25d57854f9bd7318381285f1990451e6,studenti.polito.it,-52.0,43.0,2694944732.0,46699875,AP-AULA11-02,Student
739764e9e86c516dd4b7aabd8370a4729679bad450502cf944313e7bfe2f2f43,9f7cc045c076ba2e6454f215255e6e916e51af909c7cf1356557ccee39cea096,studenti.polito.it,-55.0,40.0,20845040.0,1930051,AP-CIT-EXCELID,Student
7c4df1efff78295635c272829afee0b76a342731283617c680fec674738e65f3,afa0d75177bb19f049bf86c8086f3b90a65b079442185ccfa03bf532c74ccebd,studenti.polito.it,-54.0,41.0,2553878168.0,56401624,AP-LING-AULA208,Student
6ccdfdf822f5ec2f3187909d90bc2b4abb5fd94ab295ac321705afed18f67362,ccb9d6ad297a6868dba98fba26b85547e63f0b993bf2513701e270080fd09447,studenti.polito.it,-64.0,29.0,7971764.0,2645865,AP-AULA4I-02,Student
e2c6fe954cd558e752df0b06365aa09981974dc50fdcb485e8fe4e2001e14460,ce8a8418892975f7ec1529745d1885396bdf6809f7d8f2a667baf2e3ccf97064,polito.it,-72.0,20.0,3041888.0,226321,AP-PORTINERIA,Staff
5b65d6cfcdec4d7204cdd9b9747306a695abc44a25bf186859ab5f0739294c95,214d67746a53f8f799edac58f09deb582c47b879710f191eaec05afcb4dfb3b5,studenti.polito.it,-49.0,32.0,82759365.0,4413812,AP-AULA3D-02,Student
a8e995524e2599d126a04a1f3887bc6d24ed0cb7e6d991fc29bbef5e49774baf,8ec5d3c140fc264c5790400c4dd897358865fc4afbacc38c3efe61959479917e,studenti.polito.it,-85.0,6.0,17681435.0,2681607,AP-DENERCT02,Student
6fd0b347b3198e019bcffad0061b9f4dbabc0044ac61aa916569b9c79034a05a,a8e979e70950531dc71b399f8e6ec9b8c497b9e99760acde5ae21f9a8ff53115,studenti.polito.it,-51.0,45.0,87418360.0,11045364,AP-AULA03-04,Student
f985fff2bf406a35ebeca196f441edd0334d6e6d8cf535ff0f0c508903b838cc,e5921e153f54bd2fe7f5b10ceb671ef5a7305ca86a08eed8b01f991fabda640f,polito.it,-78.0,15.0,1840817.0,984272,AP-DAUIN01,Staff
da98caf17ef10a0f5c12f6d8be5a5df318e492f3eb71b081686b9b4f45c55071,c2b06f86ab7c8e743671bf09378a1f2980dafa75160b2b6aec31c977a546353a,studenti.polito.it,-69.0,27.0,32184626.0,1235848752,AP-BCI-ST-10,Student
7a7b26d0186511c851030ed983e6accc85508fc49e2190eef3f898379b20a00f,f7baf7d3cc0d45f84a067af8afdbfba4c68552f6a1b7441db50aee9b87cfddbd,studenti.polito.it,-53.0,40.0,24897123.0,1300123,AP-VALE-AULA8V-01,Student
116efe11a2ee9637d1534f8ce72aa69d5e63ce73b81b63abcd8c6416b0a063e4,a5ce9df00f3890b26fa93b442a0899538d1d9b492bf56f937850168977bca629,studenti.polito.it,-57.0,39.0,34561836.0,23367804,AP-AULA3P-02,Student
184d89d332fac6f34bda79fed3d14563aaff13fb37886b86c3561dbf5c4e4280,de0d50e90ddf3b8821b57497d9ffd095be7215070235a2af277bac1f1c2b6738,studenti.polito.it,-66.0,21.0,310827237.0,928490576,AP-LING-AULA308,Student
61e9ae427524ff51c50de2cda667ebc0a4737e9488d55b530a19c31144cf1811,9001c9e0477b3ccc3b30d66d49ffc23898ef778a7108763c055143a1b1c78ccc,studenti.polito.it,-56.0,38.0,124569519.0,64100936,AP-CIT-DET2-02,Student
f2cdc4aab31f2e882f9071709ff756e2eb545f0dca67fc3846a6b405c98beeb6,,,,41.0,6713.0,883,AP-EXREALEMUTUA-R2A-P0,Unknown
de605928b924c3122c9ab84ba1a0da43dfb085c713da136f03d08238ca030c67,12af7e7d2d022be3583ab20b07b2e4df3459c7151c34f295405ddfcc163fed69,studenti.polito.it,-76.0,16.0,330601.0,156061,AP-CORTILE-04,Student
7627202ee4013aeba78f4d8195b9917f315e3d4a7a919fddc2766bb97333abae,ec803ef52bce8725c713020daf21c9f212413a10137f5b82190cc884cfee0edb,studenti.polito.it,-57.0,41.0,326844901.0,28495421,AP-BCI-ST-10,Student
9e60be577ab186521d5ffe3a7b5934cec1eb396d6e6b6e8c4a8ccabf7104e39f,d1f71a3d77c9a9620b31461f22ece6416ff24bcd711c6d0008e354b522a2363b,studenti.polito.it,-52.0,39.0,1105456.0,6931900,AP-AULAR2-03,Student
89b8b821ce0b43c99e770965da44373b4a97f4033e67607f73074d67ca4641d1,a9e73a8baa5767d1ee157775ff997522e9c5a934ac13d8341902b049a1eb03e6,studenti.polito.it,-45.0,50.0,176794772.0,4175751,AP-AULA29-02,Student
27ed2a4268e88d64e7f75ac428360bde98adc0aee682e9093e37e98477b89b1e,a1f33ae5c520870e0f5bce6c1db91478978eb57245cba18d89b9da5e14ec3d1c,studenti.polito.it,-41.0,45.0,340801930.0,9076433,AP-AULA3D-02,Student
aaa97d5fa2fd3407574296e3fd9f154d2bc7885f8754107a5958441bad6cb6e5,07126005dd4373fce24eff1ea9d7346a4b0936fa6714372dcc20be82742b8ffa,studenti.polito.it,-54.0,41.0,157768529.0,4381377,AP-AULA4-03,Student
152218fa9259a92cd54e53ea82d7b488ae0cfd0a20b6a9ec3d31bd35333a1272,4fc8392efff399b9b859af1f0c8b72705b74f4a00386c2d6ff666f24132ed066,studenti.polito.it,-62.0,35.0,16044282.0,28628588,AP-AULA27B-05,Student
7b447489cc6766a3f26e2700060fa2e5e3d9029792549f8e250f16fdbd522387,868fb92159c71315e2442aec4f7f5de42897b483c56e310bcb3b4c2e6260ed6b,studenti.polito.it,-55.0,36.0,41504754.0,21611792,AP-AULASTUDIOR2-01,Student
3d700317de64b4af6b0252bb7883f00685ae04edf571467131e41f679a2b712f,92a0ff398659afa25465240fa10b623739fb6bf13215f456324ce2a13e351b55,studenti.polito.it,-50.0,33.0,1325792676.0,19947572,AP-CIT-LABINF-01,Student
07c2cf7ef329407f416191f4a151e28f53ea8d3da428d9f12f87d4e364db0431,5629f36f0bcaa6424c6f9d4f45ca7eb0ec7bf2ddfe2446d9392a420d2eb494c6,polito.it,-77.0,15.0,122019516.0,4887666,AP-TRIN-01,Staff
d3d1a98e08b59d867a1604c091d6e28dc4d713599fe046d2f4f296323b9e4259,71c90e9f7949a8cb8920a0d79f91747a3582783e63d632dfbda4ca99db44b623,polito.it,-49.0,43.0,50219627.0,7671786,AP-AULA2-03,Staff
e61cc42574b178c72a879359de915c3561f36d325d2667157ce79109d2a5c61d,851f6689e83d3be63ca2bd371fa5bb93b8089c4674d35f70bdb8e651a4d41f32,studenti.polito.it,-52.0,43.0,957590.0,616895,AP-VALE-AULA9V-02,Student
81906af5f4b9fed27926b9f25c0a48951362dcacf83add51355634d7344da3f3,f443ef74695d25d8f417c9324d8309f01b3fb0b8d65cf1131d6cef81a030a5bb,polito.it,-50.0,42.0,4260139.0,643863,AP-LABDTTF,Staff
62f8090324f295c30cbe09ff9e77affdd0698ef31294d47c0d06ca66b375c19f,25709e299c82baf74cceedce15735c8e7dd2cf4c0de1310defdd255e4b287251,studenti.polito.it,-51.0,42.0,556808.0,250991,AP-AULA4-03,Student
58840e5336ddb663bb5dc0bce8b0fcebf1a6faa679fc7eff0e33e2c018408b33,604a8f4775506f1e14f3136eae19617139a7e328cf5dd9a8782892a27ecf5d7f,studenti.polito.it,-44.0,45.0,20126733.0,1071855,AP-UFFPOSTA,Student
f58a16a87f2073afd4a9d73f497b4971b6a52844d09299255bad74bfc1a7c3a0,7ac9f6bc090a3569fffb6a9f562818c1e30928367a09c23d5efdbd8d1334ca54,polito.it,-58.0,36.0,301337927.0,11774337,AP-DELEN02,Staff
3a1d7468e1f430741b63ac2da0087a964609d21172a584e50184c65534ba01fa,b8dd6b54805cf35728a44e297c12ae2fbdaa7908fb27b127e7f286a29e208187,polito.it,-55.0,38.0,215459563.0,2705427,AP-VALE-CHEVA10,Staff
479180db5d84828c0ce169f4b25e4776561be103970745f422275daa8d313fb7,e05821ad703f169913ef1bf3fe674187416cd44ffd2ad2a664b06db71f7be4e4,studenti.polito.it,-55.0,38.0,2050718.0,1059910,AP-AULA19A-01,Student
8b17f00dbc3cb35a4e596b9399a48e2559a7a1929f2b5fe440b78814bb3d3d77,a2965a4d51cb5cff0a4f1795ccd2d197fd668b0952b843755abd9ae569fa96b5,correo.ugr.es,-68.0,27.0,1590869.0,1691310,AP-VALE-CHEVA03,External
c1124f624f591aa734be56911786b95c7f24f1e9753a1811efa6352988ab62c9,ac8f27ea627160cb9d7d7d6f769c86b68da6785baf05b4b21f914108021a5294,studenti.polito.it,-75.0,11.0,127195.0,115080,AP-INGCINEMA-03,Student
23b94ef0715d9f7afaf4a66f09d42edded986806e79e190aaae4edda87957cbb,55c4d06c745a34722516c6b6a370683eb19728720175f8afa23197c6af525484,polito.it,-70.0,20.0,539664133.0,144134799,AP-DELET02,Staff
238c17d559cf93b0b3c0d01377644a338d44524f2c9d2ef6ad08da2e524c3e16,a7a5560551a3e8ad91968e7f7c1627cd575eb356fcd508e462f506ea0d382468,polito.it,-71.0,18.0,1793803.0,1149062,AP-DISTR03,Staff
03ecedf250730bfa3ff40ecddf0d4479bd4c4a86b27dc0b78df7919612dc570f,2bd6211f99e42eecfd1b30be3606f5396e1c12f4a3a19db12682665102573cc4,studenti.polito.it,-66.0,27.0,7051825.0,3734037,AP-LING-RECEPTION,Student
256fd96c083b2417968df4ddc3befc1bb163053717c3d73f999dccefaacc5dba,19623a549d02e77c97a9a68a9b1f7f304aa60511a6252dacb6dc63cc2aa82981,studenti.polito.it,-56.0,37.0,20047078.0,509426906,AP-AULA01-02,Student
696c784d228afd9cc3f5702377f3fc84e58e561b7ec47936d16a2d8ebf7dfbfa,56195033cc7305eea15d363f059b10114b2c822aded3a11f068e734ff343bfd8,studenti.polito.it,-81.0,13.0,42596371.0,3468089,AP-LING-AULA201,Student
a89f6f2f85a249d9003dbcc2aa0a080649a95552e42544ad11cf0ce3d1ea48d0,49ceda5377df71f28d28b4ff43a6deee29b0348591abda6a0054c3751ee39f8b,studenti.polito.it,-60.0,34.0,15586541.0,2144341,AP-AULA4I-02,Student
d8db8b3f96f2ad1e482dac27c304fe99fb79a146c70339b0c2bc369b04f9851f,7c04d3aae017e13d1b62ebb122c68ef425db4ce926c7031335c09da3b8e246f7,studenti.polito.it,-58.0,39.0,1257597.0,13881822,AP-LING-AULA202,Student
1a36d7914843fc86da9419524cb31abec28187eb0ae0ecd912bd07218cfc874d,a658e92936fe2fd00f1305847956a4eab7c00ceac3fe8353b86c6503db0627ef,polito.it,-66.0,24.0,7462637.0,9028614,AP-VALE-MN1-01,Staff
ff03612bb7f14aaf74ebdd0b78cc801ae6be94de99c5373d727b32445fc39bbc,aeb76d718bc610e9bc08627ac4260b1c7c3cf7b68b3900a9e5d97a008be6d022,studenti.polito.it,-77.0,14.0,11197057.0,1096433,AP-BOGGIO-SALASTUDIO-0,Student
39235f97c5ba93de3f6ad76eabb2f7573da795ca4b433ee68cb3b76c3b4f283f,0108bcf658a76695ea2e3f7fe6032e761a45963fe2b5a7afe2349e9abb95c6a6,studenti.polito.it,-56.0,33.0,39998.0,44680,AP-CORRIDOIOAULER-04,Student
f7a909c2360db322c44668479ee1e5b2cb6f817b0ca26739e94200be4696754c,8c728bf4e0f5caacd0f8c62883d01c9390d15d39d3c1a44ddf66da2ebc22b684,studenti.polito.it,-52.0,40.0,145094456.0,1104954,AP-INGCINEMA-03,Student
570767aa484b1ad5f85e9f7673d5dc5c4af19dd09a3cc08d047fb061eccdad43,fff8eaa1a20592d2348f9167db33b081a98641af5886767d55e142898caab364,studenti.polito.it,-52.0,41.0,177517978.0,17919329,AP-SETTE-AULA14AM,Student
e717d8d371ba81b6d234189d12a36365b4bcd453ef9f673b6ad419c8185463c2,4e6b459c5f2923bef228e7cb177a6affbc3ac69af3485a9114850568909d28fe,studenti.polito.it,-57.0,37.0,83878812.0,2832435,AP-AULA10C-01,Student
534efdccb93ceebdebb5189ea5491be1b0cd1d213913fe31ab4b172c91ec19db,be8ccf56d043744e16ba2f0e68380dc803a4ead4ead6641538c8d4d6aacd01f8,studenti.polito.it,-74.0,21.0,49094295.0,3887243,AP-BCI-06,Student
7106e219f5aae72af4986b0a26577f1fde60f31b86ac03cdfa702871c47fdeb2,bcb6d7d2ac29c97ebbe6acf1d2a229b89d8579ae39c8c3b7b1e921ace5688ab8,studenti.polito.it,-53.0,39.0,16229094.0,6978670,AP-AULA11S-01,Student
6d83ad5fe3b7a67fe78bdd67a456eac60028d33010d9f2e610c4aa3b3b1d690d,2ffaf93387fa682b1cc166297a7755d22b16adb0ff985407c78bcc435f76ca43,studenti.polito.it,-84.0,8.0,1607137226.0,197540979,AP-AULA2T-03,Student
2bc6a9de3ce43e9a60f73756e05969417b2b4b6524784e6e3b1df654be9baf55,2baed25ba619d6045683c4eadf6ce0845ad458c3cfdbd512d34ddbab7c890bcc,studenti.polito.it,-52.0,42.0,169196339.0,3924279,AP-EXREALEMUTUA-R2A-P0,Student
a4ec2f82d9e39b13707dbbadeea5cb0c11ae76cdeb25f12972857a4e8fbe9c26,d1db27ad4a13b02384150733f19cd9eec876764350560191a6c6037fd0cb2811,studenti.polito.it,-50.0,44.0,1474307102.0,162981695,AP-AULA4-04,Student
603826dfcad2fe4510318220fd3710fc468cfd3d6c3d312a6d0c84b40ce73407,538ef47087566cdb91c9ac06647127b1fc56fac1cb52aac964de16a79612413e,studenti.polito.it,-74.0,23.0,4582197.0,3205353,AP-ASSTUD01,Student
4607cfedb9ce0a26edfe6c45d3ce8bb237f92d6da9d9a219e25f7f78795b4348,5f2aecfc80f1dd192f8d398d57800ddd5bfc3fd66b3f3e955494b538a5f32051,studenti.polito.it,-59.0,35.0,12806487.0,31574065,AP-AULA8C-01,Student
8fb6c7282ae3ebd7d0767e3ccc36b46ae59671cc408d883cb35892814ab2b5d8,8198d299bc6e7a9877dc7e643b3afe2e050fd5651a55fabeddf3de18fcd244db,studenti.polito.it,-70.0,20.0,1761864.0,403195,AP-CIT-DAUIN2-01,Student
215265a7b2f273429d6251e3f24a320642e6c0dd800920ee037857b7afd6aff5,61c0250ee08903852bb7ab3a8406e4e31b757cb50b7495309990a89eadb23f8d,studenti.polito.it,-57.0,34.0,782520231.0,41388393,AP-LING-AULA300-2,Student
8243d3ee495d2a41d713694782d2f7edb09900a2998567df35f78e7934cdb498,b85d726a6ba8450f7c7f64a179181c3a7afbcf5175c628a0aec31e5ce5536451,polito.it,-67.0,21.0,453810.0,318150,AP-CIT-DAUIN3-02,Staff
d1560116eb4d1ce41ebaa85734dc61085dc4c3198fa5b212a02f60547080e8ad,1ca5c785c09b96e0ad293dcc050908f1c1ff23fadd1d45741a6d7976992554ec,studenti.polito.it,-44.0,50.0,22800960.0,41383628,AP-AULA03-01,Student
5d96f34a7510934daa642252cbac867f735d1fc7aa431dc3ed2a9f462f39cc46,1cdb3e869f64e6a4012c22ab22f4979a31add88cfff2a5b9ecfe13c7fda61711,polito.it,-62.0,34.0,56507525.0,36184161,AP-CIT-DET3-05,Staff
334474cdef06d9107aab3ec1d055c97805765e70adfd2ef5e8807acf08bf4956,292b261b2c9c2fef4c4d0aa943c2268ce0aff73684cb27416c4f795616eec18d,studenti.polito.it,-48.0,48.0,46849796.0,7452759,AP-AULA05-03,Student
6ee10df96d14674af32481530268d0a7e5af4a1deddf83489a675a7b3c8333f9,865a77d39739af40a2fab6d8a3aafd564da77608004ac24d11b900ad133217ce,studenti.polito.it,-66.0,29.0,148634580.0,5311905,AP-AULA4I-01,Student
e6f074a7af6f022d8f13ebfe16bf210aefea432123c658344e94ed51a5faa823,ca481869128e6d82a895044c062786830901a9c4d8229b6e25e0841414c88075,studenti.polito.it,-53.0,36.0,202845939.0,11999397,AP-CORPOZ-16,Student
b3e75428aec220003c66d5439d06b20e8aa6658cb0772665f9cdc7150fb2ccf9,62bbe83713d37fc163581d8d31e74a933f9af26c53f176247d92236ad1e789dd,studenti.polito.it,-54.0,39.0,116841927.0,10936089,AP-GESD2-05,Student
19fd7b25184003b84bedf2cf7e913f05775e37271acf160ebbdd87df5eb864a7,25b1e2a20a47a66c6c387f5862cbee20893d95b121912ee2a33ed6c60ae6360e,studenti.polito.it,-70.0,28.0,1979024.0,1507811,AP-VALE-MOLLINO-02,Student
c69b150e88ef11f38ae3f556daf6901fd458412bcdfba55f27550d3c017ce13e,0c117cfd2d72770d2c213e8135e6b435ae663d0a5aa6109dd0f23c73bf03ebd3,studenti.polito.it,-78.0,13.0,1314609.0,472795,AP-BCI-08,Student
91e5af61f3bae3760df0c1dcb5c84264d5f38b5d6f70554009da63b0bf88ddcf,54c767972255a6a63f6212e5de18aa07cfc49dcc2275aea78c332cfe6e0c71e6,studenti.polito.it,-49.0,45.0,212749.0,119801,AP-LING-AULA210,Student
31a2d5b13bab5fc33653b2bb2bb472cb5eac7bcc81f31adba74b532ab4701b10,3501ef8f6511948057cf746b269a51508c7923eab74a5fc8df35bbd8ed33d843,studenti.polito.it,-45.0,37.0,327760.0,134375,AP-BCI-08,Student
3ce42f73a11a8e8eaafc71c11d7a33d96fe12ce7bccb835b5d944aa68d62ae4c,36ddd5156e887a5fabc1a8616fb4b3c9d9b762504c5b455b478ecefb92eb25a3,polito.it,-57.0,36.0,32688844.0,9400817,AP-VALE-AULA8V-02,Staff
9b275d69ab422eb9cfccae70f63438db96077022db8ce4fc64d1ad100166b2cf,d02333b574de501399431872718a8a75daa8632c9ede991f4ff44fd215982717,studenti.polito.it,-77.0,16.0,824061.0,736461,AP-INGCINEMA-02,Student
005bbe81771d64282bc436f0a0891784ea0ec6b2e8fa893652674e6cacdf6438,3d6215d8271567c10984bdc1d0bd0ab17b9a04d798e9670726f29d972cdf8f1a,studenti.polito.it,-46.0,45.0,144086494.0,71714257,AP-SALASTUDIO4-02,Student
0863ddf79540d27150b1325141714374a4e786576e54ef60e0d7ca0db6969207,d6a07084de114d694cb77417ee1d8630b719bb4d6634301e62cdab5e89f0b698,studenti.polito.it,-41.0,53.0,154435429.0,32384213,AP-AULA2-03,Student
8cbd321f74ee0a542855fa18fb261697b23f21a3b64ba0f7f105f67247f3d65d,cc06cb834eb7ae226016db84733ffa85af6e9d213b1967b00b532aa11e8f5154,studenti.polito.it,-82.0,3.0,4856042.0,1090408,AP-VALE-CHEVA19,Student
c48e62b4840b65bef611b50742fc386ee1ad57b1fb3bdc6d14a3918727a6e9e2,328966654177f44e310a357a26e06497d81961d53e70c8f0869e30fb445650e6,studenti.polito.it,-56.0,33.0,21416616.0,28620535,AP-AULAR2-04,Student
62a1ec408bdcede709570547c80a6fc7d8e36b39ff31af80d909e2b9f3d7fde4,d817d5065264fd178a13c2bcb96eeed1b95b6c5963c1237e8ebdb86dacd3fd9e,studenti.polito.it,-62.0,34.0,296542929.0,26689804,AP-BCI-ST-10,Student
6e4952fe0b1a09e9eb58632c77fe91ffab949e14242eefbef6436e73d29d2e2a,468102d99914f66d67ecec4a61e9b7132c0ef9c588a0a1d9261249a23f3e42e2,studenti.polito.it,-75.0,21.0,50332302.0,1752923,AP-LING-AULA208,Student
1a6f0aefd7efbff6d15f04c4f8f9f5f63412cd2961d340fe0a3b0c56476af773,c6ac6217e5d43891229b2ddf6498142fa52af2f49016acc1adb44d3ad83708a6,polito.it,-67.0,28.0,10287646.0,1407009,AP-RETTORATO-01,Staff
a6de216d3727401ac85c0ac41858c3001591338ababfcfc2a5de8d99c8475055,a7436529f7cca1a69c2065a9bc9405fc1b98a96f25dec5225abff40f237f68dc,studenti.polito.it,-57.0,35.0,50270.0,21118,AP-LAIB5,Student
8839e6123159da416e9e125a7689bab3136d06ca4ba313ea3a6bfebcf74b7ad1,afc150195c83d94f5f2fb523f237c69983c3ad7dc453e311e233b0ca55c8832a,studenti.polito.it,-81.0,12.0,122775403.0,52713140,AP-INTE03,Student
e1a876127f4705d0e2267b6246e386d9793fca92e1543b095a84f2e08dda25ab,8b9604d7d91f49c519f523e2c4e9fbd037904272273ee30d9ecda24cfb557a79,polito.it,-65.0,31.0,258749772.0,11919878,AP-VALE-AULA9V-01,Staff
3b4f240f22593c9be6fd989f674e3f13b5506ec30b2bc15e8c67a2d1bd059aaa,fd0b6437ca6d99cd100db2ec36b5a9b95808526111bbc2e19e09c71aace06dfc,studenti.polito.it,-48.0,47.0,11677165.0,20910702,AP-AULA01-02,Student
7a21b8ed519ce2226276176b5c37c76ad709f4f1d66e9394e63d0b24d90d8284,f86ab510bf9595196b8754618bbd299b899c5eaf7582dbd34a8d73bc95d16d77,studenti.polito.it,-86.0,9.0,121283968.0,7631260,AP-SETTE-BAR,Student
4492b39faa3453ef16295c803159fc12ae1031e72ad143b6832ff1f91a0f19dd,e6e00b43136cbdced0cb1d50ff5aa353ad29d8fdc420683e9cf6087e95779794,studenti.polito.it,-46.0,43.0,40941293.0,2874424,AP-AULA3D-01,Student
01fe25aa20188d0d43840bbdb15883fa91908ccb31aecbd6cf867ab1dafdad4a,c1c2e5a1a3f129c8540aadcfa162f09245f1e4f840cfd2216d660f4a64dbee9e,studenti.polito.it,-61.0,32.0,2988874.0,91775,AP-VALE-AULA9V-01,Student
1d21ac5f6df25c8ac0a18f016accf63026099a136223bbc78c1782e6499aecd5,14f7add6352dedf9f0155b3569d6a2928b11a682375acd301dae298b104270d2,polito.it,-56.0,40.0,10797.0,2501,AP-BIBLIOMAT-04,Staff
76c0ca05ef132c19050aabc1a339a475b42e2d8e9010b9b27abf0054ae072748,b8c00c3b7253301a4f1635c5e34939be92302e37781fb73af8d2645c4970bb26,studenti.polito.it,-50.0,42.0,4901739.0,2135506,AP-CIT-DET3-03,Student
f59bf181eb1a0515c7f308a4466483d75e1b353cce1406fd704caf59e1fb08df,f2087ed87992b3b16aec61d483c583686ffa5045b87e7fa323594d8785e52aea,studenti.polito.it,-46.0,49.0,13221282.0,32069251,AP-AULA11-03,Student
c9b092c65b2fe68d519f909346b51e4a335e261120418919a6d4ee8eeaa86996,2aa0f67a4e2b383a054cc0b3353e52923eda2f87cc6b9a956e2960bdb6e43f46,uma.es,-71.0,19.0,725388.0,429437,AP-AULA5I-03,External
e44a79621fddcb5a867e5a228f81fe9ac562bffe31a51f34da7ed6907a78270f,0706a7e619bb80649d118934bdcdc88fe2107a3d3182ac2b25089e29db5aeb45,studenti.polito.it,-49.0,44.0,32815105.0,6194479,AP-VALE-BCA-ST-02,Student
c653c88bc4dc583f83cfe9a1cac5188d8e89e8aa1c88e025c7e1d98e9f963df0,2a4f290553490427a473b2688d0e001c0f7e90b3fec25c4efdf9e8b051d63a87,studenti.polito.it,-54.0,40.0,22687973.0,28730483,AP-AULA2-01,Student
f9934676d8d67c3f335c4cd20bfe77b773cef6ef4725001b918249b087517670,cc5658b3c52fca81ea2869c939695e400a0b10b511ffefeb54f67fbc4d6ffe52,polito.it,-55.0,41.0,6834098.0,1320522,AP-SALAMICHELIS,Staff
51dc0c0a69ddc2b47488c1674cc719d8c209a63e813a3b8ff5cf2b4ffb04a254,cdcd677385e27b54e3d57135ad145c0b06249234d3bf9500ce29bf78fb614237,studenti.polito.it,-55.0,41.0,102224950.0,12527503,AP-AULA08-02,Student
c19e3a634118833c0c577252ad97c96c5bb92f99b741720a02d2bee2f73bf68c,b191ebe8f89f6cf50287a108d538bcf24533086ef140fff4ac8a37f0afe083e0,studenti.polito.it,-65.0,26.0,150132848.0,13170045,AP-DET2-2H-2P-ACQUARIO,Student
497a66ee952ccdb287581e1e1a3f3a94928f8aad4033dc4ea446640346a25e98,13c4de4c4b06b74fe11677e69fff2d57bddaff9d5b0cda76eab889d44d802d3d,studenti.polito.it,-69.0,22.0,21439318.0,967589,AP-CIT-LABINF-02,Student
b9bcedd2d82df4d6448a948eaf577dffdb8d91a72cbb4e66d4a0442f5257ac06,1c69ca7d7c2bb9fa95698e55d40384d3c552179554a61d1d7f49c2cbf7e2f269,studenti.polito.it,-72.0,21.0,53087132.0,9087450,AP-SETTE-AULA13AM,Student
6ef8e7adc4ebc6f04a78af8d529c83373afd615c3182398eb149dcf42529c8ab,96b477723d780f09f76ebbd51dc242ec3d26d7a6ab5aacacc72b153b19a8601b,studenti.polito.it,-68.0,23.0,479797180.0,25738847,AP-OA,Student
a845f8a509cbeef935e618eb255aeebeb3cc00ee3c3b97037baeb4a2d3775493,ad7d3fd22ab0575df59ed240d8cd5dac62278ab0676efe949e15328322b8ff04,studenti.polito.it,-56.0,35.0,134520580.0,7138926,AP-SALASTUDIO4-01,Student
e15a31b6c0731242df615565a6b868bff2d036614b0288be905b98f2c9367666,da8168f695906f6ac1f8343eb2e06dc0dca07b79869a73cd7f2dbcfbc2e31fcd,studenti.polito.it,-63.0,31.0,2791321.0,8230294,AP-VALE-MOLLINO-01,Student
7a760b3341310e63468bd54e40a857076f1b82b9a972a65dd06070e3bfc94578,c08ad405a5f19d0db3155592bd6b17b6ac3762529f11f7f03a5094c45658cfce,polito.it,-62.0,29.0,1751114.0,571408,AP-AULA5I-03,Staff
d3ea0e288e0175c4ac33a50ed78db2164f24ab5e216771ed7c377188d404e406,2a9336fcb10862fda602b71e188356813c55c5b067bca93f7ee109fad69800d2,studenti.polito.it,-72.0,25.0,20541114.0,2613136,AP-AULA9S-01,Student
a2692e158a3728f27a284813a1045c7fe9a06978f7a9a3f566237c296155c2d5,71f173b7f05f32f675dab6271afcc26f2d9b0519a995c3d9b59e3826fcc4c78b,studenti.polito.it,-43.0,48.0,5931970692.0,445475452,AP-BCI-08,Student
021724166ed4c6a8b23f88c037e60f4d46ba141423d673d3376a07b3a8fff665,7c4dd6b5c8a5d990cdc3c6088e341f7012e7ee061110c4709fb5590660a68ba4,studenti.polito.it,-56.0,34.0,77902132.0,28970646,AP-AULA6I-01,Student
c2475688d4ca0e852ed22cc734af821c5012df75ad363a596b8e4faf4090c7d3,ab36737d45ad1ddd9479241e5630e37c04585fddbec528b8f7120bd88e5fb729,studenti.polito.it,-56.0,38.0,140353622.0,13781466,AP-CIT-EXCELID,Student
1567896814bd212dc9e3c4f06e4ff8cf08b93398e2f5040c5144c992d38daefe,0e4e588259df2aa9fd0f1018a9a7d9d311ed6bf0df367eaf4c9c5313245f8caf,studenti.polito.it,-49.0,44.0,87382263.0,60900180,AP-AULA4VM-01,Student
ee189b3cb1b4d4033ced3a39a371386f9fbdea9c67d878557176ebbb0ada58c8,ca9fbece946e3f4ec861823204ba1754191382dba241b8cb3f959228a390be1d,polito.it,-64.0,33.0,197694502.0,9763444,AP-DIMEC09,Staff
818f5bdb152244aae8be8513bf8dfd40403e5028d159a470f917966207e3e525,bc71ddfdf82d278b10ff033be20a122b82fa6fcee8cd83cacd980fdf8587728e,polito.it,-64.0,29.0,178499375.0,146676195,AP-INTE02,Staff
54e1d25bc31405b97e5f8f33358921455fe71ff0c0d8a84128e020b195fe9e6f,d8a32e9fd940bfb19658b2a9c87a18f61114d9cb9b969c98464cd5a319f2be3e,polito.it,-75.0,22.0,91727291.0,34032224,AP-DET2-2H-2P-ACQUARIO,Staff
83753f687508f801f1feff4c8713848357457484d16f92be4ecfc44a046fb686,255c8c4cb221974aeb460519cb6ff746eb21c28ddaac380747f6c16fe7099b48,polito.it,-61.0,32.0,156760507.0,32072704,AP-RETTORATO-05,Staff
60ab59fcc9a5b78392cc11b9a75c270f02bd9c45541cce2d8436c9b4e8b1d564,1818e6e84d1c5e1b133e53cdfd4a84916f17ebf13ba344e3e43f68f47d28f50d,studenti.polito.it,-56.0,38.0,8878034.0,14552524,AP-AULA2N-01,Student
3d13fe9fb82cc50bc8bb8026a8c06f36912a5f616bb05b003fb3eaa7bf5c2280,673d52be81cf9498ba212097ac4c7006dc10fccaa5e230ca9f33ad366e574956,polito.it,-54.0,40.0,674495.0,515324,AP-DET-P3-2,Staff
68a0f9b020363298692319b71fc859fcc29548da198898fb14708ea49910c81d,35149f1bdd25e014dcebb916ecfbdb00e97c26d79d7d620ca410e142bd0c5666,studenti.polito.it,-86.0,10.0,118567.0,83932,AP-AULA1P-02,Student
e95b7bda609a900dd1fa3c4dad687956a52b3b45ea35617878d681978d75a07c,7c2e19f4f8255e1725baefaf88bc51f2c4ba1c1e9b5d0f18d86b2cad12c3ec16,studenti.polito.it,-79.0,14.0,9354014.0,2062547,AP-DITAG01,Student
204e8283839f398e14909bfc32a296cff864d16d08819066800eb8efc0e1e7e7,dd3021b3fa6efd4fb7982dcc956d761c23cb1eae9675ed985878f877282ad988,studenti.polito.it,-89.0,3.0,0.0,2945,AP-ALESSANDRIA01,Student
c3b65bd165814b4f8f8f5cf9882c90683d8e9a259af79e616b593aacb99e43ba,4c0a29cf74f0d534642b98231dad78b37c2a4069875872f49eb31bdfcd485935,studenti.polito.it,-54.0,39.0,252868448.0,7899482,AP-VALE-BCA-ST-02,Student
2094b780dd25ab613e876f495e442b9246220676049f1753c7f27af2305c6a12,6c2ad07fda0947046b98be9641975019cd5dcc25fde507ff2ab703c23bd6f402,polito.it,-75.0,18.0,317042197.0,15440069,AP-CIT-DET3-03,Staff
c99abc8bf2a021c6f9c07d4e0fcb16161e670e69d8ef3cf0300d7fc04ca9bd54,6f5942d1860b977ce18d7a4c8ab477d0174b775a0076eddebdae5ade53c0f300,studenti.polito.it,-60.0,32.0,619022.0,394928,AP-OA,Student
0c9dbf68a0f4cf04929536651642d3d8c10ee4a746b3c3d06134d14979510201,07fe3da2e7b6fc439d7580dc1bc4b50241a7a596508f386feed2ded890d8047c,studenti.polito.it,-49.0,45.0,552025543.0,15504572,AP-SETTE-LAIB1S,Student
e1b7a00390ef3176254434f5df8692b5be896a7c84c3df2ac4e2a46e789ebbdc,82deb5764bef1c0dec0aa7b883cf433214ecf3a78b0085ccd95d707f012d79a5,studenti.polito.it,-56.0,37.0,222505228.0,26938612,AP-VALE-BCA-ST-02,Student
855ef3e8ca8fa7975250a6c69804dc4824ba5eaef6859c29f9796cfa65e95751,bf1c1fda719257577248cb63589631ba947726044e1c86f555151dc7d6ffb6f3,studenti.polito.it,-57.0,34.0,2597767.0,1091956,AP-AULA12-01,Student
e95b5742897e0773223c23c107107c1a7d8619ec4bfb49cbf79784d5a8317cbc,17d0e372a2b1dd6f40c94608c6eb17bd6472f8a17c72dc428dce30ee98910e00,studenti.polito.it,-40.0,55.0,143277409.0,30348066,AP-AULAR4B-04,Student
fa44627d1df5bfffba060f3d74460f5af7f95185e4bc2469fc4c99904bfe65c0,73360806b3afd1474d0ed83693f527446c043a9fdbdd208c34469488c234eda5,studenti.polito.it,-46.0,49.0,1233467562.0,20465288,AP-AULA03-02,Student
b20b71e9958f1adca0b50119bec31687470cc4834e6901b7145b6223d6187c8e,e209965b5d6da4ed6838df32d32f632a4ade835151b548368704e23a2db9c7ad,studenti.polito.it,-58.0,33.0,102643735.0,80458657,AP-AULA6I-01,Student
0119b46a08ed9ce63fdd8a01194758e2301cc785e1ec6f4a139f039a9f785e36,41207b23ab976e182de98b1da7e8476b03fb1323b57609cbea3656c0069f3f4b,studenti.polito.it,-44.0,47.0,110633408.0,5774639,AP-AULA25-TM-01,Student
d7ffdb06a73d35e9fce7dd2f3a5129eee5756b6e2acc3cb099efc3452ef51718,4c1f08fe0dd6641cff8df470281dcf7bc1fd9d61689d36426e198f2dc62810db,polito.it,-47.0,43.0,2395146.0,2607461,AP-AULASTUDIOR2-01,Staff
d81886949307a2dd1e0c63c0ac4f8ec2461455d14247bd9913b5ae7e660c1342,5626eb62f9fd5d3e607078cae02e7947e1d8cd65bbd3e40aeee0071474482807,studenti.polito.it,-35.0,60.0,9997954.0,6752753,AP-AULA27B-01,Student
470c8014fbefed68b88ca1d0deb2bc223e587bcdcea9f8b7b33bddcc65860e27,5e134d1f887f144b654b9cdc59d969a5ceac25bb07ead1bea091911816612776,studenti.polito.it,-65.0,27.0,69803447.0,60973988,AP-INGCINEMA-01,Student
d940415188c74e1b8091a5084f72b42e61e211435b4309f6be83aeb65659fa37,e8986cd1217b6cd95ef141282a3204c654ffb475627125359eb10c8c7bb5159c,studenti.polito.it,-68.0,21.0,935684782.0,52148952,AP-INGCINEMA-01,Student
2cabcf825c14797c7a55e67d9f53f5f5d9453f90cd65da4074c25c04d87e9f80,cfa705add67efad748e123b97735c57cb5929523ad5e4ac3050e31e3a99b0e10,edu.unito.it,-46.0,46.0,2051525.0,3805852,AP-CIT-EXCELID,External
c05414920ba1f417af2405f1d439e9b7b27caed4affc6bdbcd705be31ce06536,,,,25.0,0.0,0,AP-CAPETTI-TD-XP01-01,Unknown
ffa0a4d78ba3dc2cee4f750f55d05586940d4698380554847c686fc5ce53acbb,ec7a83a82daed2cd5323db54d0c8c90538744ec4fff876c5e7e91e73f8ac51b0,studenti.polito.it,-40.0,42.0,84467.0,54000,AP-CIT-LABINF-01,Student
51d84e255825a6641fba654d258cd85cd961cd2c1a5e2c89e27da37c5ef2a0b0,446d04af49b87a740766d5d96fedd55f8c14f88b48b08585a28e7778948c57a0,studenti.polito.it,-59.0,36.0,6221986.0,1092585,AP-AULAR3-04,Student
59702c1dbe76facca47cbf19e431b8b701aebbf7a52e93d2b84b714cb9aecf68,17f858055c8d5bc7be6569287e6f03d54e1243ac81e4b19e1f62b26efdd5602f,studenti.polito.it,-83.0,13.0,812225996.0,46760040,AP-VALE-AULAMULT-2,Student
83c0dd815805f80f0dbafc029646dcbab5ff87f922d528a3afd976b5e5833342,a4903165d53d11f3b7ae685abd9d731463e7965cdf0fe59d7d63751f220ab959,studenti.polito.it,-50.0,42.0,55321295.0,5909109,AP-AULA12-01,Student
d1226f3afcff9c178f647d526c9ced2162b10b29590ff76918fbe8d5d013cac7,80e55d65db7e79c2dd54fe7e76d5aef5fe66470e509911af19add088dd2f3c3f,studenti.polito.it,-59.0,35.0,160203000.0,5456040,AP-AULA12-03,Student
56872524e328f47e0c32de07aaee1859aaf64f86d52513f37c3159b34e77b142,8bc35b3e6ca4891e8b57ade79c3bb719ae6ad1c2860ca1f94117923bcb0892a6,studenti.polito.it,-52.0,42.0,1548480.0,302431,AP-AULA6-02,Student
a85fa6341faa8a064c52a144cb0e0fc791a3f41c418a7cffb9782cb8ebd61b32,02ec1136d61a741274c493cb53a2c812c1817f2ad9027f1729d1b76cf6a8c774,polito.it,-60.0,30.0,260670727.0,24763692,AP-PREP-1K-01,Staff
f98274246b100bbe0d5be738b501e321ce2be792a8613ad1f22075a334e1eca4,9b9cf8c993ea642d44d98db374c557369551390c710f2ae6f49f767ee3488023,studenti.polito.it,-55.0,37.0,12157164.0,1509543,AP-AULAR3B-02,Student
15c61f5243ff9d67b8c85f8fe69d0eecbd337be1ff0e8794bed3739860719b32,f0a1b1e48bff946acfb2ab9ea13fa1b492eabb17fc51407f171ccc18a22f26c4,studenti.polito.it,-47.0,45.0,272586460.0,9413526,AP-AULA01-05,Student
606fd6dad6aaf9f9a6b2b9e21b51729b16be831cb4c8260db59d2fb0acb015c0,c9e017d2901ff056a088edbbebd83951e85f0c2e912c55f5ca942c94eea34a24,studenti.polito.it,-72.0,20.0,67183102.0,1559465,AP-SETTE-AULA11AM-2,Student
9b5c87e51f2d520ea4d5b9132f5be72993e461068d426a7669b131f1cb911dd7,87ed7ddba1da5318d8cde63c2efb5114a0a3d4e18b173193530a45d0d014e7cc,polito.it,-83.0,7.0,103494344.0,6491501,AP-AMM-1N-XP01-03,Staff
6cf040c52f3c072d7297c343af824f046e4df60a56da579d0d6b5e5b2fe4eb60,a4b40be1d42fc14c349d9d1a620f8bc0de65814874d98ed270f4e761ee949352,wustl.edu,-51.0,42.0,34599174.0,3931140,AP-DELEN02,External
273cf22f757c9842df3d87da4b1442208cb0cae01e68df5a2f3d0edcdeb93d6e,e944209fb0be3943fcf718874693b745651b2c33fa88c459ae208e8a88f6eacf,studenti.polito.it,-49.0,38.0,6154622.0,2716753,AP-AULAR3B-01,Student
41a54f607d16276a1357551e8a6d13b9a510a809a3b373932398bff52702f70a,2d0909ef6b3df7b74afe57aea6df0423f56e076f296b1f8ab4820f24a7b580ab,edu.unito.it,-70.0,20.0,17867086.0,3028897,AP-GESD2-02,External
eb3c430cd64786d9e248e6a5c3cb75ced68a66e25ddf6571e921b9e2df72db40,a3018bd4f97f520977cb5d1f40846b146fef1a1befa678a417f5c9e526fe59ee,studenti.polito.it,-65.0,26.0,505345977.0,21779219,AP-GESD2-02,Student
ee1d57f372b2155404abdf42886a2bfb8425cc6cb2937b43c23d689f4f025a26,1d8f2ac5e879c2ae0a10e665f3d22cc24b2a7d0d7f4df6f52eda05e9c2328d47,studenti.polito.it,-74.0,22.0,1255997553.0,41935152,AP-DIASP07,Student
87a1d8eeb5fee9979c93cbf5d082c67db1467101943bba4d42917d46ffddaab4,898ca13fc8bcbb1bab44db047c556ec3ee6b0be145a9493752d3c687afbc2f53,polito.it,-59.0,24.0,29109661.0,5417230,AP-AULASTUDIOR2-02,Staff
20901992eccd83fbfe3ce40f22c578e1c7c48643af3403e283a9536501715fb5,c20902a363149046b27c76e39790ab6e9f6f8970bae65380337f355fa10de1bb,studenti.polito.it,-49.0,42.0,54278118.0,5447641,AP-CORTILE-04,Student
3c2c280d3418d49b61e14d0d73c1bde8519f859988de74481d10653a1c3c957e,5247922359050246292667f6167e5fb4874d836fc42a0cf499d26a5f737e40d6,polito.it,-52.0,35.0,1464405.0,1761732,AP-LAIB3D-01,Staff
7bf6e1c8384cb28082e2eda274141b1d9d1304738b4b32a51c7c8ebb72d6ecc5,,,,19.0,6779.0,883,AP-LING-AULA202,Unknown
887b451ea008ff5b1f87e947d1dde4d9479568cacc285d94489a1106e4c711e4,dfd3449e803a5468b3bdcef14cf20109dc5d9adb07c0f7f795f778d5a9887f49,polito.it,-62.0,26.0,12276094.0,7890134,AP-RETTORATO-03,Staff
9e33b0ea9410e15c12af55c707cdd4a8ac3a46f565170dee8bc9be410d3e8164,7ebbdaca71b91933ce4f3b8d1b36c1e3578547a5efd19c8adf0104c8c1c019ec,studenti.polito.it,-45.0,49.0,7503445.0,1610488,AP-AULA2-03,Student
9e04ff8771b5f0cc5725ee360a270cf0a3ff12d90c9f53b5752aa8c9a782da83,9c637cb3e80dbc5966b96194b4630d74da240e385f5c4a5731b658a13ba0c2fd,studenti.polito.it,-57.0,42.0,0.0,0,AP-CORTILE-02,Student
535756bfd5b14c1f2e3f96893ebda2251a18fda7e9fbab7b41957ba323844148,8da9a7e1ac33978e13ef27511245ca2a2a44d602970c2dd7dbc573780aa1416e,studenti.polito.it,-56.0,37.0,59406072.0,4275366,AP-AULA01-03,Student
d20183497f98bbc352c633e72df6981edca2e2053b7dce12c87d6b5f60e7f291,1bffb020e3f32a8a3222fa26bd67e15d4f3f0f53a7280f5a6701d985d090d028,studenti.polito.it,-55.0,41.0,462712949.0,14668842,AP-BCI-ST-08,Student
7a42ef2e5a3adf78b8a3bef65223069864502602907d3adfe848eac1f03161f8,60c7c1c6c56924dbe836ee354e7ef1b7769c0f0fc90fd86d0ad635b466561df2,studenti.polito.it,-54.0,38.0,205427513.0,14148335,AP-LAIB3D-01,Student
ad8c47450e76bc0034b62647b30da98d87e089a53d1280387fa620b90051801e,90bfbfec3cbb0785c537d472030e5e9058dd07168b076ac85098b9f8171411dd,studenti.polito.it,-66.0,30.0,2639321932.0,32828423,AP-BCI-ST-10,Student
1c08cf2faa4553e5199fdae4c1dc0b56b0552709f61eaa8ff8f78e71ea0b5e35,000f823b05e47224fbd3e01295456ba10cf57a25dddfe16144a098487d9e04d5,polito.it,-48.0,46.0,15436579.0,7985044,AP-AULA2VM-01,Staff
51f4af255b49d57091237a7c49af04081e8369dc20b7f6ec83f035c5db1d2e44,1d577d7a3ca531251abcd73df332a79247d3e4058175ec088c6be29de20bdc37,studenti.polito.it,-55.0,40.0,28415513.0,7714134,AP-AULA2M-04,Student
891c652f9d719b0ae289ad6859b3905a1c3dc2abb72718bd56e74fa8557e8694,2312029e9ebe74f7a4ea1ad59a9a9c998bf26517d56939d0a6b89087f4b45d19,studenti.polito.it,-51.0,42.0,47568.0,34416,AP-AULA3I-02,Student
5cdde264c5ac53bdd8fb253f2a85c5cb3126d859b0efa87be9ad1a8d3f6ed8f4,079b3f224e0467a3f154804a40ec391deb7a40962426e445760b7b8e934fba61,studenti.polito.it,-48.0,49.0,11793850.0,9212184,AP-LING-AULA205,Student
af95ed3c77c930836e00c630aa03855107e6ffd2f1739d3e4fcf696cfe063ccc,53914043d3b1e35f64c4e1f10adf01f286eadf2e3a3fc1a9719213144476e150,studenti.polito.it,-63.0,28.0,5344715.0,734863,AP-CORRIDOIOAULER-06,Student
e9f4650ef670ed3204c82adb75466e1a52ef205f48ba62b2bcbde990e4c96eb6,a9bfaac57e8469645a859a4a63c995582d6e57798cae956afb90f5768b4ba8af,studenti.polito.it,-58.0,33.0,8014465.0,7929622,AP-AULA2N-02,Student
b05a70785fa1bcaf3186226a3a3a7024e424af1eedeba4ad87e40bf10e361a40,3c76d0e9e9be1861cfcbe1b8b87f87b2a967fa04a22a8458a5d4ffc3ed64ad7c,studenti.polito.it,-67.0,26.0,6306364.0,1458007,AP-CIT-DET2-03,Student
101504752bf203bfa23dd3ea10fc526c9c293c97d7f1bed0cf5fa5dec2e1d4e0,,,,40.0,0.0,0,AP-VALE-BCA-03,Unknown
9128c0d965a70560e8fbc209434bcd3ff79b5638d0ab235eb85264dd34970672,76013ebbdf694b71eeec4d0f38e78b6feff0fc48fb507f159c8a34841bd6a9c4,studenti.polito.it,-55.0,34.0,1240890.0,639317,AP-MIXTO-02,Student
dcf159737b3f664d4b6f92254ea2539b8edfbf7e77456250c2c176f57fac6a8f,67003d7845b08c22dfa5b2775099101f304f2e1985da795928f76c1766172e39,studenti.polito.it,-62.0,26.0,42746066.0,3367376,AP-VALE-BCA-04,Student
f3cfdb6a281e0b4b07fe47a602aa7493067354bc3c16544946e79dd1aaf4019a,3fdbaf4159ccfd4c228c3cc386a43634145fc684d0a7666f87f152069d3f840e,studenti.polito.it,-46.0,47.0,242507317.0,31755016,AP-INGCINEMA-01,Student
1b9f6c34632e3e8e62ed07f063474a7d2feee1249cc3f64624bc5c3e87a40615,8c8003077b7c5aa1863f7b1094701ba87ab31bf5ad6356cb836387475d3b9a46,studenti.polito.it,-76.0,19.0,1901241.0,1078855,AP-CORTILE-06,Student
0f522739594df4c5c2a6cf5fb6098545a29dd796dfa1da85bfa0495bc844d036,15c4e6ba5a109ee49ba3017214835d9df59274749762e6ef06bd0e1494ae270b,studenti.polito.it,-56.0,36.0,36253638.0,191943316,AP-AULA4C-01,Student
1066cad5cf882f55c23657b1cb7b2f693aaac567d7b9a8eb1e7045cfc93fe1fc,1c3e0778a1041f0986fd561e4c2019e887ec9d30136ebb068e6901656a0c9911,studenti.polito.it,-64.0,32.0,80167797.0,5693291,AP-AULA03-02,Student
82d10ee7a3f6106f680691783b42b4c72784602b4f5c78b677a34241b13a92b8,7a517fc0813e62004874c597d46296d398480b5438990672950e8cd782b414a6,studenti.polito.it,-44.0,46.0,91433.0,84965,AP-SALASTUDIO4-02,Student
3a78329d64a26a30093411045490bfac8aba66e82c18dce3e44c7446b3b43cee,17bffa851755b66e0cb4f7453740d75ff361e51b43fa9ae339ad24dd637e56da,studenti.polito.it,-45.0,28.0,4381992.0,1884755,AP-MIXTO-04,Student
48e11f5862a2462d952047d9d599d881847d0eab6eb82635a2f9664de4861192,e9ffac4f72aea676149eeae891f0933e65b4269b8a806e5b13b25a34a6f9ee4f,studenti.polito.it,-55.0,37.0,21500680.0,2358671,AP-SETTE-LAIB2S,Student
f51c8088f82f0e0725e7f4c7e146498d6aae78d7207e8eaccbdcdef485143cda,f2f94e8eeac6eb294711a3ebf460eb3a59be402ba0a463d46396b4cb1d5d881e,studenti.polito.it,-51.0,44.0,117760504.0,13621094,AP-AULA3P-04,Student
498268d63dc7136b248ed55b64bf75cb767cb4c5dc4c8a3311f4f5bbea3ca7cc,87b06dfa6e4b5f9ee82d362697c2a94edfa9083dc26ab6f7c82473e6bbfc27ea,studenti.polito.it,-42.0,55.0,12988068.0,2377484,AP-AULA2-02,Student
0f269b1a452beb8f79303695d28d86f8766d11a24b5fae973965ed9d4835de88,8c66136d92cce0f4b9f9580ad3c22687bb228dc7abafb898a81f6de9ff80ca6f,studenti.polito.it,-56.0,38.0,42603589.0,547177733,AP-AULA16-02,Student
8bc1aa721c278b2a7ebb03b2158432268b15a934b41c21b5e712ec6f848b7d6b,8d91a0f840f943bac3aa357e82622e24efb22ae705db3daba24f0c3dd3cbacad,polito.it,-66.0,28.0,80659875.0,5105690,AP-ENERGY-04,Staff
d15899171d992c218a1a54b3799a50ff38c2bfc5016048f3010bf3083243d1c2,895b2cf299d70e8db8d0ed8162d44c5baef1cac7709f853671b7c86eea8ffc2c,studenti.polito.it,-58.0,36.0,289277.0,110573,AP-SETTE-LAIB2S,Student
45f22e33d838f0d648b5d2f992e68238c35af095baa3febeb6502687a9964fe4,ff6e59faeee669955fda194acc3ed9dcb1d10098be9fabdd45c73c44fc489d3c,studenti.polito.it,-59.0,35.0,31698062.0,5467408,AP-AULA4-03,Student
d2bafe59616041187a4bdefdc3778d4316a88c025e7318ebf6823bd08bbe726c,65216c373b432b094c18098901eebdd14d530432a05502a9824870e400b20dce,studenti.polito.it,-44.0,49.0,29684971.0,40857930,AP-BCI-TZ-01,Student
19a831824e9163a9f6a68ddedb9182e0d27b4a816156ad73932a5db454e40d8a,9a0020f6a244ccf25672280dff7d13461015c1fc7d0b0234edd70bcaa5b6200b,studenti.polito.it,-54.0,40.0,16080954.0,4952091,AP-AULA4-03,Student
996431b2c825263d9bcf2daa5f2b02b2c7d44c656a922d18d8a3ec8730a72c5e,4b7d7da52af12ff47801689c2d847f1a30515fdd80cfe5dc597b6b9fa6edd63d,polito.it,-54.0,43.0,346054688.0,20308924,AP-DISMIC21,Staff
5f198d76cc5dec129f5ba256b60ba14c70901889f02fbc2b250ca623f050b50c,f9ad8a2472066bf4db23810fb790817dca5f8c201354c67c6cc5dd082e13c87a,polito.it,-67.0,25.0,49995409.0,6593862,AP-DELEN05,Staff
7ca2a50545fad2535fd92d0a16f4ddf7f7982b20ba2374f562a5776ac250abbf,1d989a70dafabe62ced962e8e28ffbea8be55e2a9380b4ddd2ecfbccae54c38a,studenti.polito.it,-60.0,32.0,138195628.0,6813739,AP-SETTE-AULA13AM,Student
4a414e1e9cf55d02e7008c3ca8fcd910b7b8affd4379c3bc0ab0393b9b974895,f1fc2f5d1efaf42d1eb51aa8921900328393ad567f6eb78d057fe7a1996d52d8,studenti.polito.it,-55.0,41.0,27290236.0,13047048,AP-AULA03-02,Student
74af2f04acb5d6d712474f6305695e4be974c12e353d8ec9a3cfe2cce0299a47,e6207dc88bdd192150fc544d64485e2e1328a39bafc452d55ce59dc51b8d28b9,studenti.polito.it,-59.0,37.0,314655704.0,9650269,AP-BCI-TZ-03,Student
ceac424ecc20e7c14d5457c65cad801f2dcbc0ef8b26a23987baca553c8151f8,67360b8787cc6d0a705ca128c96e2bf348dce97d3faf3041e9b85107a7d36ea2,studenti.polito.it,-65.0,28.0,34847472.0,3439135,AP-AULA4I-01,Student
efffa8b69f76b196f244af36943c1d11fc906539f1f956a526e017171ec74740,f23b48777752e106ed2c8f1947d63cf25b49b7a92ff5f956add19e9b4c6f7974,studenti.polito.it,-52.0,44.0,10153576.0,58090021,AP-AULA01-01,Student
550bb4cbc81ec945f8c2f7266ba0efb3f06b942220f372f4e7caefbab7f9b8ff,8852ee98ac810c4d80a738e09222163cbfb46be9a3933f051fc3ecebe5a47beb,studenti.polito.it,-45.0,49.0,976042745.0,49114534,AP-SETTE-AULA14AM,Student
a4d464d567eae8d9929d5bf937cac1c68cce11192991127f92afa47b88950bf4,b7a4b34ea2c8cf347b5e0575ad1289506113746e1e739f050e2227a756c3724f,polito.it,-64.0,29.0,16614729.0,5055439,AP-CIT-DET4-05,Staff
8433ea44610918c7257883e318a08237a228ba52e6de522abb7eb677dd3b3ecd,9b5c355fd656b4c6246565e3b55ece818dad6fc0e24ce1eac0495a2a741c51ad,studenti.polito.it,-58.0,36.0,928107.0,420480,AP-SETTE-SALASTUDIOA,Student
884824aff5723af869cc7742e9e0be3343ed93eb4e97b74bcd848698b0241887,e29f34513219eb5ea4a5c94242f291606b0a62cd3b482d523dc2c7a68e4efeec,studenti.polito.it,-59.0,36.0,116319123.0,16085294,AP-BCI-ST-10,Student
05b70dc2fbbf6e648e3ae71de85bdc65769f1fdecb6ba2660acf31e028c18c35,586e440fbed4b31bf884c0531e0011b0a3bacf14473db63870f8087e4b745f98,studenti.polito.it,-49.0,43.0,164088133.0,53853287,AP-AULA12-02,Student
f0cbd674f483224729c51d91571becf6fd33f3763012e9c4685673f98733be73,9307e850a3e76a316178ffb4669153b0c1a5e600e14b2e516af5968568c2b48f,studenti.polito.it,-54.0,41.0,158978.0,225274,AP-AULA05-03,Student
eb6f8009221c3c3ac529a15d490098a4842677cd1cd4916e1e5a684dc060772d,0c0edef1e2366dd55e01d49625bed6ad5cff98fa58c3be750debd8e82d0853ce,studenti.polito.it,-58.0,37.0,100576046.0,3424838,AP-CIT-EXCELID,Student
34e473c098f9854a9730829b08ab10dd23326434741947f1895d5ee340600d14,99de9841c135766806d59c142b62fd18b8f54fd180f2037c65154a289d298064,studenti.polito.it,-73.0,21.0,13258117.0,904603,AP-CIT-EXCELID,Student
62a85cc16c55356c98ab53c44b169e274fc39c2a69d80948b550586261defc0f,c4486bd46d548f052d5aff20435594c546a30ebaf65f9b355f9c3ea6a17f1c34,studenti.polito.it,-45.0,49.0,22747709.0,3341640,AP-ASSTUD01,Student
0979406204bb7044909860fd6d88ac873553e7409025c8b5eb2dedb772e16e12,fe205ff9f704df93c64c7829963d109dab2687bf5398ece896d2a294bb373fbf,studenti.polito.it,-41.0,55.0,120244.0,127583,AP-ENERGY-AU03,Student
419b6fc8a4d77af744e5acc8cfb5e43d328b21f687bd203d32e103e41799d272,b708bf68498ad1db49a67ed658e512de350d7130fe21f6fc08e5ebb182d9fd17,studenti.polito.it,-66.0,27.0,19728759.0,3250002,AP-AULA08-02,Student
9e985d53560b17fb2e21b6a7eb7d7cc9d34ec0232d542dbca1a06c0d1b2171a6,63bfc0da94124ad9153701e42907d35013e031908661f8a36eaf728b75df5f0d,studenti.polito.it,-71.0,23.0,7544105.0,2318159,AP-AULA4I-01,Student
d1308640222006281134e45d8fe6f765f06c856d0ab69232504296d336d143de,4028a01ae9b69545a57fc0d891a36abc66253dad9144a23aa06cbfb8127498c1,studenti.polito.it,-48.0,46.0,586889.0,416160,AP-SETTE-AULA12AM,Student
b47d3f1fe3683b79e5d8fff1ff234b5a0582a4f0a076769b192ad5f74da61913,fd3c1fcdc228f5f867cb1c89788e251e54206067752f5c25146f6bf92f4fd698,studenti.polito.it,-51.0,35.0,939596.0,659580,AP-AULA05-02,Student
e38171198fe70f1db7f8d34086f71518c340ef396ca94100e8a81626c291c49e,46e7d22ba1865e0741486438eb0ccfff52b208fcaa35a11845ed90c6bdfe68c9,studenti.polito.it,-69.0,21.0,13624026.0,2015738,AP-LING-AULA300-2,Student
4350bfd7784be991c61ebd56768cdabafe7743e36e2702b0bc7026d999173979,84ea705145a6858637075d4d6d63bb8465aed7fbe082091adc57e0b3815413ac,studenti.polito.it,-41.0,51.0,1508796.0,396054,AP-BCI-TZ-01,Student
7f40f99c060f39e3f456123cac74f3f14292d19c997f6f7a0a5e25304d68a31d,b2a1432da4452cf32a38528e1369ca50f461b938742c2595dc5b9b1f855dab2c,studenti.polito.it,-47.0,48.0,53597175.0,4016707,AP-BCI-TZ-03,Student
c51e3d4f07bfdd558cadacf6bde7d81fc19eb9447faa7908856d21ed14cd3b61,e91124c8d01de56b51f8fc196c12e1cc83eab17d0773d1bbbb347b43c89fdf1e,studenti.polito.it,-45.0,48.0,85066886.0,4152515,AP-AULA4C-01,Student
35c55bb615e89b2e71f760f1793765abfb254abdde3abb2758ee04b17133f801,dbd83e91e3c8fbe93ab08c4eae8db82ba9fedd7c771817558a00de992a7905d9,studenti.polito.it,-73.0,19.0,547296.0,203216,AP-ENERGY-LAB01,Student
6380fbb846aa619e127cc41862b8c720b6fa2c726861157440bc66c42f7cb181,700d374f159884d195f6dda642148cf3215b8b7dd29fbdc23994b812a8e49ed5,studenti.polito.it,-59.0,34.0,65509923.0,7762115,AP-ENERGY-04,Student
cecfb429be462ddea4f030be0ba01ecf5084992d16f78a1db7b8442229b4dd89,605a0f0bf1cad3cc5a9f0be984a46a38ac463484ead4d68a18edd4713fc326cd,studenti.polito.it,-52.0,36.0,96344408.0,3898126,AP-VALE-AULA10V,Student
60126f25350366dbffe73a5ad335887efe115223b0ee4f0f118fd6acbdb6c608,a7ed3789dd41c0bc945d28565b37d46dea46f4cd8db54d1547cdf82aa643b45f,studenti.polito.it,-68.0,29.0,906918661.0,10650185,AP-BCI-ST-09,Student
695be063339c5687a443bc9ba3ea94bf982a4bf0fa1cf9276c5ff11eff364505,019ab689bb177dd9c45c8640f321ea6b3ab34d70f7f1c0b713bf3dbb6895fcae,studenti.polito.it,-68.0,24.0,943920.0,406414,AP-VALE-BCA-ST-02,Student
ce114023feec9e952871dc25aaf8492be7b4deb6f1d10369a9b73d818daf80d9,879564d871ff51787f3b1f91e575137b029d70e763ed271f0115c92dee531ba7,studenti.polito.it,-52.0,44.0,195613326.0,28571478,AP-AULA4-02,Student
a1849da5a1c40d16f9ded4669ecd0385e980c6eebe089421c746a06953ab896b,92580c6d2187e41f38f7ab430ca41cd1947412e21be5cf631b6c72c25b8678cf,studenti.polito.it,-51.0,44.0,60955942.0,4684598,AP-AULA29-05-OFF,Student
a8df878a9e5dd4cbf21883e3a536c96db37675c340c9ac340a2e51072a0df28d,5c33e2414636cac0be09a4578d863c8fc714c8f41d83af6f60c13e1c680152cc,studenti.polito.it,-44.0,48.0,10967506.0,2524306,AP-AULASTUDIO3-3,Student
a7cbf84d8b75f107be74fdcd3dc6b332ae6a58feb7078c989c51ddfda9f5ef73,c842aeb056558bf49e4fc15c690d85628916dc5405317af626b1ca14813cf4dc,studenti.polito.it,-82.0,11.0,113936.0,55492,AP-CORTILE-05,Student
10f9073245303e664364cc5269fbf42934dc4aec3bc792c7f6781d358337831c,1e6c257d7d95d7cb8d8bd8e29edbd4d4dc3a120fbb0ef9e15c40943a01001fdb,studenti.polito.it,-45.0,50.0,89408504.0,16828562,AP-AULA2P-01,Student
2daf797ba5b3a55b055d3258d8e7490fd77a386373fd3f3f61f1ac77e3eb2905,68c79a5baa1a2f018547e11b2b5a096ddff26bf4b1cfe9ed252ded1ca76a5c10,studenti.polito.it,-69.0,22.0,90198896.0,7262685,AP-AULA25-TM-01,Student
